calibrations,residual_count,candidate_ops,initial_soc_kwh,final_soc_kwh,calibration_seconds,day_seconds
"[{'theta': array([-858.98565594]), 'n_active': 1, 'beta1_train': -4008.981338175454, 'beta0_train': -4037.143703453317, 'beta1_val': -4054.261593004115, 'beta0_val': -4054.261593004115, 'selected_score': -4037.143703453317, 'evaluations': 20, 'seconds': 0.028859099998953752, 'method': 'differential_evolution_v2', 'accepted_search': True, 'solver_message': 'Optimization terminated successfully.'}, {'theta': array([-7181.26349658,     0.        ]), 'n_active': 1, 'beta1_train': -959.597978931321, 'beta0_train': -3206.593394339358, 'beta1_val': -652.4872916386535, 'beta0_val': -3238.0044044471056, 'selected_score': -3206.593394339358, 'evaluations': 30, 'seconds': 0.034822899993741885, 'method': 'differential_evolution_v2', 'accepted_search': True, 'solver_message': 'Optimization terminated successfully.'}, {'theta': array([-6935.07962699,     0.        , -2621.04593257,     0.        ]), 'n_active': 2, 'beta1_train': -3382.5559507910257, 'beta0_train': -3630.64019942845, 'beta1_val': -3403.5533910297095, 'beta0_val': -3656.2841910947805, 'selected_score': -3630.64019942845, 'evaluations': 95, 'seconds': 0.10872889999882318, 'method': 'differential_evolution_v2', 'accepted_search': True, 'solver_message': 'Maximum number of iterations has been exceeded.'}]",24,"[{'update_slot': 60, 'hour': 10, 'info': 'both', 'lp_status': 'optimal', 'lp_message': '', 'fallback': False}]",2122.4825093090917,9645.736530383798,0.17241089999151882,0.3282770000078017
"[{'theta': array([-3235.07933451]), 'n_active': 1, 'beta1_train': -4427.319363845117, 'beta0_train': -4643.508429694352, 'beta1_val': -4645.2, 'beta0_val': -4645.2, 'selected_score': -4643.508429694352, 'evaluations': 15, 'seconds': 0.023339699997450225, 'method': 'differential_evolution_v2', 'accepted_search': True, 'solver_message': 'Optimization terminated successfully.'}, {'theta': array([-2632.293037,     0.      ]), 'n_active': 1, 'beta1_train': -2775.886627585895, 'beta0_train': -2939.2176146225825, 'beta1_val': -2778.4871727218174, 'beta0_val': -2778.4871727218174, 'selected_score': -2939.2176146225825, 'evaluations': 25, 'seconds': 0.033056300002499484, 'method': 'differential_evolution_v2', 'accepted_search': True, 'solver_message': 'Optimization terminated successfully.'}, {'theta': array([ -856.10668194,     0.        , -3929.61174296,     0.        ]), 'n_active': 2, 'beta1_train': -450.5109099947331, 'beta0_train': -1058.0382983257111, 'beta1_val': -1244.5556291106493, 'beta0_val': -1244.5556291106493, 'selected_score': -1058.0382983257111, 'evaluations': 65, 'seconds': 0.0785217999946326, 'method': 'differential_evolution_v2', 'accepted_search': True, 'solver_message': 'Optimization terminated successfully.'}]",25,"[{'update_slot': 60, 'hour': 10, 'info': 'both', 'lp_status': 'optimal', 'lp_message': '', 'fallback': False}]",9645.736530383798,3059.6547896178904,0.1349177999945823,0.2776196000049822
"[{'theta': array([-6934.30812268]), 'n_active': 1, 'beta1_train': -3681.6758786833234, 'beta0_train': -3863.251696704948, 'beta1_val': -3873.155861666667, 'beta0_val': -3913.2000000000003, 'selected_score': -3863.251696704948, 'evaluations': 25, 'seconds': 0.03174429999489803, 'method': 'differential_evolution_v2', 'accepted_search': True, 'solver_message': 'Optimization terminated successfully.'}, {'theta': array([-4863.56470818,     0.        ]), 'n_active': 1, 'beta1_train': -2505.1726813578557, 'beta0_train': -2525.3327931396225, 'beta1_val': -2934.3293403858547, 'beta0_val': -2934.3293403858547, 'selected_score': -2525.3327931396225, 'evaluations': 30, 'seconds': 0.03643259999807924, 'method': 'differential_evolution_v2', 'accepted_search': True, 'solver_message': 'Optimization terminated successfully.'}, {'theta': array([-5407.73188573,     0.        , -2746.16756272,     0.        ]), 'n_active': 2, 'beta1_train': -172.5537471173983, 'beta0_train': -617.1954359432442, 'beta1_val': -806.1312322721609, 'beta0_val': -853.3551947721604, 'selected_score': -617.1954359432442, 'evaluations': 95, 'seconds': 0.10512360000575427, 'method': 'differential_evolution_v2', 'accepted_search': True, 'solver_message': 'Maximum number of iterations has been exceeded.'}]",26,"[{'update_slot': 60, 'hour': 10, 'info': 'both', 'lp_status': 'optimal', 'lp_message': '', 'fallback': False}]",3059.6547896178904,2328.369625185186,0.17330049999873154,0.30825129999720957
"[{'theta': array([-5909.15974316]), 'n_active': 1, 'beta1_train': -4399.148988762295, 'beta0_train': -4425.578828893637, 'beta1_val': -4426.799999999999, 'beta0_val': -4426.799999999999, 'selected_score': -4425.578828893637, 'evaluations': 25, 'seconds': 0.03191770000557881, 'method': 'differential_evolution_v2', 'accepted_search': True, 'solver_message': 'Optimization terminated successfully.'}, {'theta': array([-3762.70249762,     0.        ]), 'n_active': 1, 'beta1_train': -2230.467810733744, 'beta0_train': -2328.180214543201, 'beta1_val': -2443.854266313643, 'beta0_val': -2443.854266313643, 'selected_score': -2328.180214543201, 'evaluations': 15, 'seconds': 0.023135900002671406, 'method': 'differential_evolution_v2', 'accepted_search': True, 'solver_message': 'Optimization terminated successfully.'}, {'theta': array([ -636.42488275,     0.        , -7497.98168612,     0.        ]), 'n_active': 2, 'beta1_train': 7.905277599859032, 'beta0_train': -677.944950306024, 'beta1_val': -909.9350437585977, 'beta0_val': -942.397053845727, 'selected_score': -677.944950306024, 'evaluations': 65, 'seconds': 0.07996930000081193, 'method': 'differential_evolution_v2', 'accepted_search': True, 'solver_message': 'Optimization terminated successfully.'}]",27,"[{'update_slot': 60, 'hour': 10, 'info': 'both', 'lp_status': 'optimal', 'lp_message': '', 'fallback': False}]",2328.369625185186,2270.814585064419,0.13502290000906214,0.27610570000251755
"[{'theta': array([-6230.46503171]), 'n_active': 1, 'beta1_train': -4364.95121647454, 'beta0_train': -4396.831707933242, 'beta1_val': -4398.0, 'beta0_val': -4398.0, 'selected_score': -4396.831707933242, 'evaluations': 15, 'seconds': 0.02220560000569094, 'method': 'differential_evolution_v2', 'accepted_search': True, 'solver_message': 'Optimization terminated successfully.'}, {'theta': array([-7422.36959945,     0.        ]), 'n_active': 1, 'beta1_train': -1875.4034108749197, 'beta0_train': -2081.2405202940167, 'beta1_val': -2992.1780471079896, 'beta0_val': -2992.1780471079896, 'selected_score': -2081.2405202940167, 'evaluations': 30, 'seconds': 0.0361581000033766, 'method': 'differential_evolution_v2', 'accepted_search': True, 'solver_message': 'Optimization terminated successfully.'}, {'theta': array([-6821.98668204,     0.        , -6527.77511993,     0.        ]), 'n_active': 2, 'beta1_train': -574.62124554265, 'beta0_train': -951.1929798059078, 'beta1_val': -1169.06691505836, 'beta0_val': -1184.565501546914, 'selected_score': -951.1929798059078, 'evaluations': 55, 'seconds': 0.06876670000201557, 'method': 'differential_evolution_v2', 'accepted_search': True, 'solver_message': 'Optimization terminated successfully.'}]",28,"[{'update_slot': 60, 'hour': 10, 'info': 'both', 'lp_status': 'optimal', 'lp_message': '', 'fallback': False}]",2270.814585064419,2729.94312074074,0.1271304000110831,0.264462299994193
"[{'theta': array([-6550.9084871]), 'n_active': 1, 'beta1_train': -2025.0200850587596, 'beta0_train': -2852.7751438152604, 'beta1_val': -2512.815316734009, 'beta0_val': -2918.3999999999996, 'selected_score': -2852.7751438152604, 'evaluations': 15, 'seconds': 0.023093199997674674, 'method': 'differential_evolution_v2', 'accepted_search': True, 'solver_message': 'Optimization terminated successfully.'}, {'theta': array([-6995.11740894,     0.        ]), 'n_active': 1, 'beta1_train': -1546.4541530494716, 'beta0_train': -1571.2816550036332, 'beta1_val': -1766.856782610144, 'beta0_val': -1766.8567826101478, 'selected_score': -1571.2816550036332, 'evaluations': 25, 'seconds': 0.032045799991465174, 'method': 'differential_evolution_v2', 'accepted_search': True, 'solver_message': 'Optimization terminated successfully.'}, {'theta': array([-7345.57859281,     0.        , -4591.40360507,     0.        ]), 'n_active': 2, 'beta1_train': -190.32450395699334, 'beta0_train': -459.1101202595195, 'beta1_val': -382.06053651545915, 'beta0_val': -553.4291652187655, 'selected_score': -459.1101202595195, 'evaluations': 95, 'seconds': 0.10304069999256171, 'method': 'differential_evolution_v2', 'accepted_search': True, 'solver_message': 'Maximum number of iterations has been exceeded.'}]",29,"[{'update_slot': 60, 'hour': 10, 'info': 'both', 'lp_status': 'optimal', 'lp_message': '', 'fallback': False}]",2729.94312074074,2269.6233770370372,0.15817969998170156,0.2979451999999583
"[{'theta': array([-2488.94114246]), 'n_active': 1, 'beta1_train': -2976.139769092208, 'beta0_train': -3042.3196311036877, 'beta1_val': -3044.3999999999996, 'beta0_val': -3044.3999999999996, 'selected_score': -3042.3196311036877, 'evaluations': 25, 'seconds': 0.03233360000012908, 'method': 'differential_evolution_v2', 'accepted_search': True, 'solver_message': 'Optimization terminated successfully.'}, {'theta': array([-6504.16039541,     0.        ]), 'n_active': 1, 'beta1_train': 350.9422649237442, 'beta0_train': -1905.541022092399, 'beta1_val': -180.8794243160819, 'beta0_val': -2212.8281976449625, 'selected_score': -1905.541022092399, 'evaluations': 20, 'seconds': 0.027389300012146123, 'method': 'differential_evolution_v2', 'accepted_search': True, 'solver_message': 'Optimization terminated successfully.'}, {'theta': array([-9377.36578705,     0.        , -2989.23574672,     0.        ]), 'n_active': 2, 'beta1_train': -216.64119654956755, 'beta0_train': -498.2645082218147, 'beta1_val': -645.2847933465798, 'beta0_val': -645.2847933465798, 'selected_score': -498.2645082218147, 'evaluations': 95, 'seconds': 0.10714569999254309, 'method': 'differential_evolution_v2', 'accepted_search': True, 'solver_message': 'Maximum number of iterations has been exceeded.'}]",30,"[{'update_slot': 60, 'hour': 10, 'info': 'both', 'lp_status': 'optimal', 'lp_message': '', 'fallback': False}]",2269.6233770370372,1687.5950147383708,0.1668686000048183,0.30960580000828486
"[{'theta': array([-8717.12212899]), 'n_active': 1, 'beta1_train': -3358.726941108963, 'beta0_train': -3391.7373535187535, 'beta1_val': -3652.201940381267, 'beta0_val': -3652.201940381267, 'selected_score': -3391.7373535187535, 'evaluations': 15, 'seconds': 0.022545200001331978, 'method': 'differential_evolution_v2', 'accepted_search': True, 'solver_message': 'Optimization terminated successfully.'}, {'theta': array([-8228.74111369,     0.        ]), 'n_active': 1, 'beta1_train': -1236.457468227493, 'beta0_train': -3302.5913067414635, 'beta1_val': -2429.1538734066107, 'beta0_val': -4009.3284227644126, 'selected_score': -3302.5913067414635, 'evaluations': 20, 'seconds': 0.02751729999727104, 'method': 'differential_evolution_v2', 'accepted_search': True, 'solver_message': 'Optimization terminated successfully.'}, {'theta': array([ -331.13015003,     0.        , -1032.4231514 ,     0.        ]), 'n_active': 2, 'beta1_train': -3928.0560032312655, 'beta0_train': -4064.7711105037456, 'beta1_val': -4096.646503374835, 'beta0_val': -4096.646503374835, 'selected_score': -4064.7711105037456, 'evaluations': 95, 'seconds': 0.10502180000185035, 'method': 'differential_evolution_v2', 'accepted_search': True, 'solver_message': 'Maximum number of iterations has been exceeded.'}]",31,"[{'update_slot': 60, 'hour': 10, 'info': 'both', 'lp_status': 'optimal', 'lp_message': '', 'fallback': False}]",1687.5950147383708,9733.626704999999,0.15508430000045337,0.2982912000006763
"[{'theta': array([-5236.2776708]), 'n_active': 1, 'beta1_train': -4341.314841356132, 'beta0_train': -4444.081109013645, 'beta1_val': -4450.8, 'beta0_val': -4450.8, 'selected_score': -4444.081109013645, 'evaluations': 15, 'seconds': 0.02763349999440834, 'method': 'differential_evolution_v2', 'accepted_search': True, 'solver_message': 'Optimization terminated successfully.'}, {'theta': array([-7818.41244068,     0.        ]), 'n_active': 1, 'beta1_train': -3060.361621960014, 'beta0_train': -3111.0556412622905, 'beta1_val': -2935.630076868915, 'beta0_val': -2935.630076868915, 'selected_score': -3111.0556412622905, 'evaluations': 25, 'seconds': 0.03328020000481047, 'method': 'differential_evolution_v2', 'accepted_search': True, 'solver_message': 'Optimization terminated successfully.'}, {'theta': array([-4564.38364478,     0.        , -2562.57742901,     0.        ]), 'n_active': 2, 'beta1_train': -507.276504478087, 'beta0_train': -738.7167484779325, 'beta1_val': -512.6873530188598, 'beta0_val': -746.9080518850066, 'selected_score': -738.7167484779325, 'evaluations': 95, 'seconds': 0.10555779999413062, 'method': 'differential_evolution_v2', 'accepted_search': True, 'solver_message': 'Maximum number of iterations has been exceeded.'}]",32,"[{'update_slot': 60, 'hour': 10, 'info': 'both', 'lp_status': 'optimal', 'lp_message': '', 'fallback': False}]",9733.626704999999,1661.8466850671025,0.16647149999334943,0.3076328999886755
"[{'theta': array([-2048.76207028]), 'n_active': 1, 'beta1_train': -4476.140684510492, 'beta0_train': -4564.953514270467, 'beta1_val': -4572.0, 'beta0_val': -4572.0, 'selected_score': -4564.953514270467, 'evaluations': 20, 'seconds': 0.0279832000087481, 'method': 'differential_evolution_v2', 'accepted_search': True, 'solver_message': 'Optimization terminated successfully.'}, {'theta': array([-3841.75886961,     0.        ]), 'n_active': 1, 'beta1_train': -2663.0113565728416, 'beta0_train': -2694.4972386383215, 'beta1_val': -2586.718974942055, 'beta0_val': -2696.4127393042995, 'selected_score': -2694.4972386383215, 'evaluations': 25, 'seconds': 0.0314146000018809, 'method': 'differential_evolution_v2', 'accepted_search': True, 'solver_message': 'Optimization terminated successfully.'}, {'theta': array([-7681.16032398,     0.        ,  -826.88456343,     0.        ]), 'n_active': 2, 'beta1_train': -841.4448186083465, 'beta0_train': -1095.4097155647587, 'beta1_val': -865.4868257002086, 'beta0_val': -1023.3897238680794, 'selected_score': -1095.4097155647587, 'evaluations': 95, 'seconds': 0.10479990000021644, 'method': 'differential_evolution_v2', 'accepted_search': True, 'solver_message': 'Maximum number of iterations has been exceeded.'}]",33,"[{'update_slot': 60, 'hour': 10, 'info': 'both', 'lp_status': 'optimal', 'lp_message': '', 'fallback': False}]",1661.8466850671025,2368.8168276702936,0.16419770001084544,0.2999081000016304
"[{'theta': array([-7749.70256961]), 'n_active': 1, 'beta1_train': -4036.858861553467, 'beta0_train': -4104.2089782004305, 'beta1_val': -4055.125409089585, 'beta0_val': -4107.599999999999, 'selected_score': -4104.2089782004305, 'evaluations': 20, 'seconds': 0.027810699990368448, 'method': 'differential_evolution_v2', 'accepted_search': True, 'solver_message': 'Optimization terminated successfully.'}, {'theta': array([-8631.64465888,     0.        ]), 'n_active': 1, 'beta1_train': -2291.040445964184, 'beta0_train': -2352.1407917190527, 'beta1_val': -2397.569564113395, 'beta0_val': -2397.569564113395, 'selected_score': -2352.1407917190527, 'evaluations': 25, 'seconds': 0.031783400001586415, 'method': 'differential_evolution_v2', 'accepted_search': True, 'solver_message': 'Optimization terminated successfully.'}, {'theta': array([-2000.46428383,     0.        , -5087.30324833,     0.        ]), 'n_active': 2, 'beta1_train': -484.49041384416154, 'beta0_train': -698.7631661689418, 'beta1_val': -630.8216551540124, 'beta0_val': -630.8216551540124, 'selected_score': -698.7631661689418, 'evaluations': 85, 'seconds': 0.09695239999564365, 'method': 'differential_evolution_v2', 'accepted_search': True, 'solver_message': 'Optimization terminated successfully.'}]",34,"[{'update_slot': 60, 'hour': 10, 'info': 'both', 'lp_status': 'optimal', 'lp_message': '', 'fallback': False}]",2368.8168276702936,1551.0964688888882,0.1565464999875985,0.29449669999303296
"[{'theta': array([-1010.20142686]), 'n_active': 1, 'beta1_train': -3987.15071707988, 'beta0_train': -4056.34145975107, 'beta1_val': -4059.6, 'beta0_val': -4059.6, 'selected_score': -4056.34145975107, 'evaluations': 25, 'seconds': 0.03244299998914357, 'method': 'differential_evolution_v2', 'accepted_search': True, 'solver_message': 'Optimization terminated successfully.'}, {'theta': array([-2933.34708854,     0.        ]), 'n_active': 1, 'beta1_train': -2416.982684677523, 'beta0_train': -2455.4005607355734, 'beta1_val': -1280.650090070689, 'beta0_val': -1299.5290417748681, 'selected_score': -2455.4005607355734, 'evaluations': 15, 'seconds': 0.02292940000188537, 'method': 'differential_evolution_v2', 'accepted_search': True, 'solver_message': 'Optimization terminated successfully.'}, {'theta': array([-1537.68029971,     0.        , -5225.95456013,     0.        ]), 'n_active': 2, 'beta1_train': -718.3308479612389, 'beta0_train': -947.4140386985458, 'beta1_val': -727.0937845667243, 'beta0_val': -815.7842243131374, 'selected_score': -947.4140386985458, 'evaluations': 65, 'seconds': 0.0811738000047626, 'method': 'differential_evolution_v2', 'accepted_search': True, 'solver_message': 'Optimization terminated successfully.'}]",35,"[{'update_slot': 60, 'hour': 10, 'info': 'both', 'lp_status': 'optimal', 'lp_message': '', 'fallback': False}]",1551.0964688888882,2198.038955400448,0.13654619999579154,0.2754992999980459
"[{'theta': array([-1286.2427692]), 'n_active': 1, 'beta1_train': -1977.8009001079802, 'beta0_train': -3060.386665096697, 'beta1_val': -2459.2231646490077, 'beta0_val': -3123.2297888769763, 'selected_score': -3060.386665096697, 'evaluations': 20, 'seconds': 0.03071819999604486, 'method': 'differential_evolution_v2', 'accepted_search': True, 'solver_message': 'Optimization terminated successfully.'}, {'theta': array([0., 0.]), 'n_active': 1, 'beta1_train': 2094.035827115729, 'beta0_train': 200.28794923058038, 'beta1_val': 2587.7184960136815, 'beta0_val': 2735.7874504165056, 'selected_score': 2094.035827115729, 'evaluations': 15, 'seconds': 0.02409560000523925, 'method': 'differential_evolution_v2', 'accepted_search': False, 'solver_message': 'Optimization terminated successfully.'}, {'theta': array([-5174.04465225,     0.        , -4103.10709299,     0.        ]), 'n_active': 2, 'beta1_train': -518.8349888116281, 'beta0_train': -572.352261514534, 'beta1_val': -491.900462113704, 'beta0_val': -491.900462113704, 'selected_score': -572.352261514534, 'evaluations': 75, 'seconds': 0.08893309999257326, 'method': 'differential_evolution_v2', 'accepted_search': True, 'solver_message': 'Optimization terminated successfully.'}]",36,"[{'update_slot': 60, 'hour': 10, 'info': 'both', 'lp_status': 'optimal', 'lp_message': '', 'fallback': False}]",2198.038955400448,1814.690149444447,0.14374689999385737,0.28353689999494236
"[{'theta': array([-4516.41118959]), 'n_active': 1, 'beta1_train': -2468.336065087987, 'beta0_train': -2516.5867856165996, 'beta1_val': -2465.774665231276, 'beta0_val': -2465.774665231276, 'selected_score': -2516.5867856165996, 'evaluations': 25, 'seconds': 0.030442400005995296, 'method': 'differential_evolution_v2', 'accepted_search': True, 'solver_message': 'Optimization terminated successfully.'}, {'theta': array([-4048.73065598,     0.        ]), 'n_active': 1, 'beta1_train': -530.9244090358609, 'beta0_train': -2418.4280251587597, 'beta1_val': -230.9191550031146, 'beta0_val': -2183.0655774137817, 'selected_score': -2418.4280251587597, 'evaluations': 25, 'seconds': 0.03171219999785535, 'method': 'differential_evolution_v2', 'accepted_search': True, 'solver_message': 'Optimization terminated successfully.'}, {'theta': array([-1167.82658447,     0.        , -3559.34183462,     0.        ]), 'n_active': 2, 'beta1_train': -415.67614137628107, 'beta0_train': -585.2774150199114, 'beta1_val': -555.7675981729409, 'beta0_val': -555.7675981729409, 'selected_score': -585.2774150199114, 'evaluations': 65, 'seconds': 0.07908660000248346, 'method': 'differential_evolution_v2', 'accepted_search': True, 'solver_message': 'Optimization terminated successfully.'}]",37,"[{'update_slot': 60, 'hour': 10, 'info': 'both', 'lp_status': 'optimal', 'lp_message': '', 'fallback': False}]",1814.690149444447,1743.4012018779758,0.1412412000063341,0.282005000000936
"[{'theta': array([-5966.26425846]), 'n_active': 1, 'beta1_train': -2421.949442843188, 'beta0_train': -2447.532394864104, 'beta1_val': -2404.296474088862, 'beta0_val': -2404.296474088862, 'selected_score': -2447.532394864104, 'evaluations': 30, 'seconds': 0.03658900001028087, 'method': 'differential_evolution_v2', 'accepted_search': True, 'solver_message': 'Optimization terminated successfully.'}, {'theta': array([-6624.19610058,     0.        ]), 'n_active': 1, 'beta1_train': -891.3757949026029, 'beta0_train': -2636.749055825961, 'beta1_val': -78.06260677603768, 'beta0_val': -2335.8808797945244, 'selected_score': -2636.749055825961, 'evaluations': 15, 'seconds': 0.022998000000370666, 'method': 'differential_evolution_v2', 'accepted_search': True, 'solver_message': 'Optimization terminated successfully.'}, {'theta': array([-9580.25207004,     0.        ,  -712.9945526 ,     0.        ]), 'n_active': 2, 'beta1_train': -912.3137713810065, 'beta0_train': -1098.1056747638181, 'beta1_val': -558.8174175578499, 'beta0_val': -1059.0500856942328, 'selected_score': -1098.1056747638181, 'evaluations': 55, 'seconds': 0.07057670000358485, 'method': 'differential_evolution_v2', 'accepted_search': True, 'solver_message': 'Optimization terminated successfully.'}]",38,"[{'update_slot': 60, 'hour': 10, 'info': 'both', 'lp_status': 'optimal', 'lp_message': '', 'fallback': False}]",1743.4012018779758,2765.5314612962957,0.13016370001423638,0.27068590000271797
"[{'theta': array([-6572.51890089]), 'n_active': 1, 'beta1_train': -4260.774702141942, 'beta0_train': -4362.12211947283, 'beta1_val': -4262.969309005, 'beta0_val': -4359.695098971194, 'selected_score': -4362.12211947283, 'evaluations': 15, 'seconds': 0.023480799995013513, 'method': 'differential_evolution_v2', 'accepted_search': True, 'solver_message': 'Optimization terminated successfully.'}, {'theta': array([-8200.24253839,     0.        ]), 'n_active': 1, 'beta1_train': 1216.997315429923, 'beta0_train': -2278.557704015158, 'beta1_val': 2357.3827036293555, 'beta0_val': -1749.5804253540196, 'selected_score': -2278.557704015158, 'evaluations': 20, 'seconds': 0.03062379999028053, 'method': 'differential_evolution_v2', 'accepted_search': True, 'solver_message': 'Optimization terminated successfully.'}, {'theta': array([-5476.09115629,     0.        , -8921.97442904,     0.        ]), 'n_active': 2, 'beta1_train': -1112.301487288111, 'beta0_train': -1336.0085393106747, 'beta1_val': -1083.3729926800643, 'beta0_val': -1144.4466149840443, 'selected_score': -1336.0085393106747, 'evaluations': 75, 'seconds': 0.08909320000384469, 'method': 'differential_evolution_v2', 'accepted_search': True, 'solver_message': 'Optimization terminated successfully.'}]",39,"[{'update_slot': 60, 'hour': 10, 'info': 'both', 'lp_status': 'optimal', 'lp_message': '', 'fallback': False}]",2765.5314612962957,3000.3076473577003,0.14319779998913873,0.2792660999984946
"[{'theta': array([-6075.64662545]), 'n_active': 1, 'beta1_train': -4225.504994049575, 'beta0_train': -4321.747370962888, 'beta1_val': -4160.877848191663, 'beta0_val': -4323.401316049382, 'selected_score': -4321.747370962888, 'evaluations': 25, 'seconds': 0.033145599998533726, 'method': 'differential_evolution_v2', 'accepted_search': True, 'solver_message': 'Optimization terminated successfully.'}, {'theta': array([-5307.33965868,     0.        ]), 'n_active': 1, 'beta1_train': 351.68976007700707, 'beta0_train': -2169.933795567868, 'beta1_val': 939.718374500711, 'beta0_val': -391.7002519357666, 'selected_score': -2169.933795567868, 'evaluations': 25, 'seconds': 0.031660599997849204, 'method': 'differential_evolution_v2', 'accepted_search': True, 'solver_message': 'Optimization terminated successfully.'}, {'theta': array([-5407.15937012,     0.        , -6319.38639398,     0.        ]), 'n_active': 2, 'beta1_train': -717.2646655416305, 'beta0_train': -1003.0997672093087, 'beta1_val': -19.065550600595884, 'beta0_val': -898.5288366285879, 'selected_score': -1003.0997672093087, 'evaluations': 55, 'seconds': 0.07099900000321213, 'method': 'differential_evolution_v2', 'accepted_search': True, 'solver_message': 'Optimization terminated successfully.'}]",40,"[{'update_slot': 60, 'hour': 10, 'info': 'both', 'lp_status': 'optimal', 'lp_message': '', 'fallback': False}]",3000.3076473577003,2240.9808827777824,0.13580519999959506,0.2736125999945216
"[{'theta': array([-3983.92803072]), 'n_active': 1, 'beta1_train': -4054.1242076293515, 'beta0_train': -4228.777687257408, 'beta1_val': -4136.56244402222, 'beta0_val': -4246.582119407405, 'selected_score': -4228.777687257408, 'evaluations': 25, 'seconds': 0.031547199992928654, 'method': 'differential_evolution_v2', 'accepted_search': True, 'solver_message': 'Optimization terminated successfully.'}, {'theta': array([-2696.59908351,     0.        ]), 'n_active': 1, 'beta1_train': -2472.5097299644067, 'beta0_train': -2512.6535457655546, 'beta1_val': -2547.4793621274443, 'beta0_val': -2610.6891757586272, 'selected_score': -2512.6535457655546, 'evaluations': 20, 'seconds': 0.027660899999318644, 'method': 'differential_evolution_v2', 'accepted_search': True, 'solver_message': 'Optimization terminated successfully.'}, {'theta': array([-6072.06949082,     0.        ,  -913.03581012,     0.        ]), 'n_active': 2, 'beta1_train': -1083.6017503021292, 'beta0_train': -1088.9407956669434, 'beta1_val': -982.5149334814816, 'beta0_val': -982.5149334814816, 'selected_score': -1088.9407956669434, 'evaluations': 35, 'seconds': 0.05409760000475217, 'method': 'differential_evolution_v2', 'accepted_search': True, 'solver_message': 'Optimization terminated successfully.'}]",41,"[{'update_slot': 60, 'hour': 10, 'info': 'both', 'lp_status': 'optimal', 'lp_message': '', 'fallback': False}]",2240.9808827777824,2712.49457943551,0.11330569999699946,0.255472800010466
"[{'theta': array([-3347.89239273]), 'n_active': 1, 'beta1_train': -4152.131062251016, 'beta0_train': -4292.278789896807, 'beta1_val': -4136.898272433333, 'beta0_val': -4293.422547325103, 'selected_score': -4292.278789896807, 'evaluations': 25, 'seconds': 0.03137149999383837, 'method': 'differential_evolution_v2', 'accepted_search': True, 'solver_message': 'Optimization terminated successfully.'}, {'theta': array([-4.02060271e+03, -9.20135171e-01]), 'n_active': 2, 'beta1_train': 1725.4620880965288, 'beta0_train': -600.4340047213063, 'beta1_val': 1035.0400822754632, 'beta0_val': -2718.7466537309147, 'selected_score': -600.4340047213063, 'evaluations': 45, 'seconds': 0.03253660000336822, 'method': 'differential_evolution_v2', 'accepted_search': True, 'solver_message': 'Optimization terminated successfully.'}, {'theta': array([-5.38138629e+03, -5.01160551e-01, -3.54878883e+03, -2.40613772e-01]), 'n_active': 4, 'beta1_train': -722.1101460688694, 'beta0_train': -777.762223489977, 'beta1_val': 157.91932370095424, 'beta0_val': -678.1519730583569, 'selected_score': -777.762223489977, 'evaluations': 65, 'seconds': 0.059045800007879734, 'method': 'differential_evolution_v2', 'accepted_search': True, 'solver_message': 'Optimization terminated successfully.'}]",42,"[{'update_slot': 60, 'hour': 10, 'info': 'both', 'lp_status': 'optimal', 'lp_message': '', 'fallback': False}]",2712.49457943551,1482.6722181481493,0.12295390000508633,0.26221510001050774
"[{'theta': array([-3164.80592099]), 'n_active': 1, 'beta1_train': -2668.1636505625283, 'beta0_train': -2696.212817660343, 'beta1_val': -2627.193566611668, 'beta0_val': -2696.4, 'selected_score': -2696.212817660343, 'evaluations': 20, 'seconds': 0.026877500000409782, 'method': 'differential_evolution_v2', 'accepted_search': True, 'solver_message': 'Optimization terminated successfully.'}, {'theta': array([-8.04475404e+02, -7.70707598e-03]), 'n_active': 2, 'beta1_train': 1594.70081634949, 'beta0_train': -1277.4655568940584, 'beta1_val': 1943.2485627460442, 'beta0_val': 143.45023669631246, 'selected_score': -1277.513181764978, 'evaluations': 95, 'seconds': 0.05879650000133552, 'method': 'differential_evolution_v2', 'accepted_search': True, 'solver_message': 'Maximum number of iterations has been exceeded.'}, {'theta': array([-2.67993817e+02,  1.05690650e+00, -1.79738017e+03, -1.88953984e-01]), 'n_active': 4, 'beta1_train': -305.57934083445366, 'beta0_train': -470.9393789527069, 'beta1_val': -254.64010666793934, 'beta0_val': -371.5553739562358, 'selected_score': -471.0685572205185, 'evaluations': 185, 'seconds': 0.1253495999990264, 'method': 'differential_evolution_v2', 'accepted_search': True, 'solver_message': 'Maximum number of iterations has been exceeded.'}]",42,"[{'update_slot': 60, 'hour': 10, 'info': 'both', 'lp_status': 'optimal', 'lp_message': '', 'fallback': False}]",1482.6722181481493,1685.220939402029,0.2110236000007717,0.34956139999849256
"[{'theta': array([-5421.81502445]), 'n_active': 1, 'beta1_train': -2396.9907571445506, 'beta0_train': -2421.4655058001426, 'beta1_val': -2435.937054980954, 'beta0_val': -2435.937054980954, 'selected_score': -2421.4655058001426, 'evaluations': 25, 'seconds': 0.030980199997429736, 'method': 'differential_evolution_v2', 'accepted_search': True, 'solver_message': 'Optimization terminated successfully.'}, {'theta': array([-3.06118983e+03,  1.66467399e+00]), 'n_active': 2, 'beta1_train': -582.2653470774476, 'beta0_train': -2566.9380748033723, 'beta1_val': 118.86548346951668, 'beta0_val': -2268.2387283702324, 'selected_score': -2566.9380748033723, 'evaluations': 75, 'seconds': 0.0478789000044344, 'method': 'differential_evolution_v2', 'accepted_search': True, 'solver_message': 'Optimization terminated successfully.'}, {'theta': array([-2.72995898e+03,  5.01242088e-01, -3.73248431e+03, -1.14407175e+00]), 'n_active': 4, 'beta1_train': -618.3003456644661, 'beta0_train': -759.9778663350063, 'beta1_val': -539.9720246439973, 'beta0_val': -718.7677712032904, 'selected_score': -759.9778663350063, 'evaluations': 165, 'seconds': 0.11713339999550954, 'method': 'differential_evolution_v2', 'accepted_search': True, 'solver_message': 'Optimization terminated successfully.'}]",42,"[{'update_slot': 60, 'hour': 10, 'info': 'both', 'lp_status': 'optimal', 'lp_message': '', 'fallback': False}]",1685.220939402029,2292.7649518255457,0.19599249999737367,0.3366592000093078
"[{'theta': array([-4424.65928611]), 'n_active': 1, 'beta1_train': -2651.8839716139914, 'beta0_train': -2669.020675841345, 'beta1_val': -2635.0273356022863, 'beta0_val': -2635.0273356022863, 'selected_score': -2669.020675841345, 'evaluations': 20, 'seconds': 0.028805000009015203, 'method': 'differential_evolution_v2', 'accepted_search': True, 'solver_message': 'Optimization terminated successfully.'}, {'theta': array([-2.16048983e+03, -1.41144215e+00]), 'n_active': 2, 'beta1_train': -1147.2867323446906, 'beta0_train': -3187.4739179101052, 'beta1_val': -1663.0265128355554, 'beta0_val': -3434.6802495587312, 'selected_score': -3187.4739179101052, 'evaluations': 45, 'seconds': 0.03434420000121463, 'method': 'differential_evolution_v2', 'accepted_search': True, 'solver_message': 'Optimization terminated successfully.'}, {'theta': array([-1.58300778e+03,  1.73219754e+00, -9.51195849e+03,  3.51277258e-01]), 'n_active': 4, 'beta1_train': -2284.975145722416, 'beta0_train': -2385.3873062912317, 'beta1_val': -2380.517590708974, 'beta0_val': -2385.3925396756413, 'selected_score': -2385.3873062912317, 'evaluations': 145, 'seconds': 0.107028900005389, 'method': 'differential_evolution_v2', 'accepted_search': True, 'solver_message': 'Optimization terminated successfully.'}]",42,"[{'update_slot': 60, 'hour': 10, 'info': 'both', 'lp_status': 'optimal', 'lp_message': '', 'fallback': False}]",2292.7649518255457,6340.723669244755,0.17017810001561884,0.31892279999738093
"[{'theta': array([-9381.85508074]), 'n_active': 1, 'beta1_train': -4082.6329694543133, 'beta0_train': -4264.228496981549, 'beta1_val': -4191.405388431111, 'beta0_val': -4249.51649318574, 'selected_score': -4264.228496981549, 'evaluations': 15, 'seconds': 0.022768599999835715, 'method': 'differential_evolution_v2', 'accepted_search': True, 'solver_message': 'Optimization terminated successfully.'}, {'theta': array([-5.45475057e+03, -8.44148691e-01]), 'n_active': 2, 'beta1_train': 1604.3158306442067, 'beta0_train': -1155.8526955149584, 'beta1_val': 2084.496239868809, 'beta0_val': 1350.1801278693615, 'selected_score': -1155.8526955149584, 'evaluations': 95, 'seconds': 0.05905380001058802, 'method': 'differential_evolution_v2', 'accepted_search': True, 'solver_message': 'Maximum number of iterations has been exceeded.'}, {'theta': array([-5.78874661e+03,  3.25682981e-01, -5.24482571e+03, -1.38669810e+00]), 'n_active': 4, 'beta1_train': -562.9568299145449, 'beta0_train': -732.1379596151565, 'beta1_val': -271.2926434260237, 'beta0_val': -740.3592897600705, 'selected_score': -732.1379596151565, 'evaluations': 105, 'seconds': 0.0838112000055844, 'method': 'differential_evolution_v2', 'accepted_search': True, 'solver_message': 'Optimization terminated successfully.'}]",42,"[{'update_slot': 60, 'hour': 10, 'info': 'both', 'lp_status': 'optimal', 'lp_message': '', 'fallback': False}]",6340.723669244755,1647.7429579822456,0.16563360001600813,0.3103333000035491
"[{'theta': array([-3419.29956789]), 'n_active': 1, 'beta1_train': -4416.006317328252, 'beta0_train': -4448.178223692662, 'beta1_val': -4448.4, 'beta0_val': -4448.4, 'selected_score': -4448.178223692662, 'evaluations': 20, 'seconds': 0.027581300004385412, 'method': 'differential_evolution_v2', 'accepted_search': True, 'solver_message': 'Optimization terminated successfully.'}, {'theta': array([-2.94570007e+03,  1.96123470e+00]), 'n_active': 2, 'beta1_train': 1067.91025489505, 'beta0_train': -2756.051367593189, 'beta1_val': 1340.3286517174092, 'beta0_val': -2504.3055178312775, 'selected_score': -2756.051367593189, 'evaluations': 95, 'seconds': 0.05767840000044089, 'method': 'differential_evolution_v2', 'accepted_search': True, 'solver_message': 'Maximum number of iterations has been exceeded.'}, {'theta': array([-4.79993116e+03,  1.59517715e-01, -4.75925528e+03, -2.00942138e-01]), 'n_active': 4, 'beta1_train': -730.7623590316166, 'beta0_train': -1039.014717602311, 'beta1_val': -559.9914956834803, 'beta0_val': -960.8168879059265, 'selected_score': -1039.014717602311, 'evaluations': 185, 'seconds': 0.1263601000100607, 'method': 'differential_evolution_v2', 'accepted_search': True, 'solver_message': 'Maximum number of iterations has been exceeded.'}]",42,"[{'update_slot': 60, 'hour': 10, 'info': 'both', 'lp_status': 'optimal', 'lp_message': '', 'fallback': False}]",1647.7429579822456,2485.5941579941077,0.211619800014887,0.3548592000006465
"[{'theta': array([-6963.49035]), 'n_active': 1, 'beta1_train': -4255.040337290908, 'beta0_train': -4405.09905060063, 'beta1_val': -4467.774424166667, 'beta0_val': -4483.2, 'selected_score': -4405.09905060063, 'evaluations': 20, 'seconds': 0.02632390000508167, 'method': 'differential_evolution_v2', 'accepted_search': True, 'solver_message': 'Optimization terminated successfully.'}, {'theta': array([-5.28264536e+03, -8.99544922e-01]), 'n_active': 2, 'beta1_train': 867.0228975165844, 'beta0_train': -2588.9169753095216, 'beta1_val': 1026.2129117588938, 'beta0_val': -2652.8148426477073, 'selected_score': -2588.9169753095216, 'evaluations': 95, 'seconds': 0.059259799993014894, 'method': 'differential_evolution_v2', 'accepted_search': True, 'solver_message': 'Maximum number of iterations has been exceeded.'}, {'theta': array([-7.37036060e+03, -1.90152237e+00, -3.17525096e+03, -6.12334941e-01]), 'n_active': 4, 'beta1_train': -821.0827798876063, 'beta0_train': -1080.917532252086, 'beta1_val': -803.3260881224917, 'beta0_val': -1073.5013014920996, 'selected_score': -1080.917532252086, 'evaluations': 145, 'seconds': 0.10469510000257287, 'method': 'differential_evolution_v2', 'accepted_search': True, 'solver_message': 'Optimization terminated successfully.'}]",42,"[{'update_slot': 60, 'hour': 10, 'info': 'both', 'lp_status': 'optimal', 'lp_message': '', 'fallback': False}]",2485.5941579941077,2290.982838195221,0.19027880000066943,0.3334828000079142
"[{'theta': array([-3308.54551357]), 'n_active': 1, 'beta1_train': -3897.633361815137, 'beta0_train': -3954.5321797409133, 'beta1_val': -3908.462959638083, 'beta0_val': -3955.2000000000003, 'selected_score': -3954.5321797409133, 'evaluations': 20, 'seconds': 0.027479999989736825, 'method': 'differential_evolution_v2', 'accepted_search': True, 'solver_message': 'Optimization terminated successfully.'}, {'theta': array([-9.15392378e+03, -1.01120889e+00]), 'n_active': 2, 'beta1_train': 1221.4731722116553, 'beta0_train': -2504.1155085651767, 'beta1_val': 2434.7723546263755, 'beta0_val': -2053.5940188539953, 'selected_score': -2504.1155085651767, 'evaluations': 35, 'seconds': 0.029367899987846613, 'method': 'differential_evolution_v2', 'accepted_search': True, 'solver_message': 'Optimization terminated successfully.'}, {'theta': array([-8.10777290e+03,  1.04495397e+00, -4.46639483e+03, -8.13576339e-01]), 'n_active': 4, 'beta1_train': -510.4041293434215, 'beta0_train': -715.224147741214, 'beta1_val': -473.9073018273698, 'beta0_val': -611.5765820582718, 'selected_score': -715.224147741214, 'evaluations': 185, 'seconds': 0.13295679999282584, 'method': 'differential_evolution_v2', 'accepted_search': True, 'solver_message': 'Maximum number of iterations has been exceeded.'}]",42,"[{'update_slot': 60, 'hour': 10, 'info': 'both', 'lp_status': 'optimal', 'lp_message': '', 'fallback': False}]",2290.982838195221,2277.377839288106,0.18980469997040927,0.33601569999882486
"[{'theta': array([-1424.72520156]), 'n_active': 1, 'beta1_train': -2868.53509624925, 'beta0_train': -2965.633261110926, 'beta1_val': -2841.7859192499996, 'beta0_val': -2967.6, 'selected_score': -2965.633261110926, 'evaluations': 20, 'seconds': 0.02870109998912085, 'method': 'differential_evolution_v2', 'accepted_search': True, 'solver_message': 'Optimization terminated successfully.'}, {'theta': array([-4.13277334e+03,  3.08064697e-01]), 'n_active': 2, 'beta1_train': 2491.8295892616125, 'beta0_train': -618.9350013681957, 'beta1_val': 2696.67397202121, 'beta0_val': 1038.405248587174, 'selected_score': -618.9350013681957, 'evaluations': 95, 'seconds': 0.06028080001124181, 'method': 'differential_evolution_v2', 'accepted_search': True, 'solver_message': 'Maximum number of iterations has been exceeded.'}, {'theta': array([-4.47683222e+03,  1.00471256e-01, -9.28790019e+03,  5.25983904e-01]), 'n_active': 4, 'beta1_train': -411.4321953211062, 'beta0_train': -531.7613803922251, 'beta1_val': -619.712887282549, 'beta0_val': -619.712887282549, 'selected_score': -531.7613803922251, 'evaluations': 105, 'seconds': 0.09212359999946784, 'method': 'differential_evolution_v2', 'accepted_search': True, 'solver_message': 'Optimization terminated successfully.'}]",42,"[{'update_slot': 60, 'hour': 10, 'info': 'both', 'lp_status': 'optimal', 'lp_message': '', 'fallback': False}]",2277.377839288106,1848.4076083333334,0.1811054999998305,0.3311240000039106
"[{'theta': array([-7161.61791314]), 'n_active': 1, 'beta1_train': -1821.1247491924987, 'beta0_train': -1832.0622483887794, 'beta1_val': -1879.1649550268055, 'beta0_val': -1879.1649550268055, 'selected_score': -1832.0622483887794, 'evaluations': 15, 'seconds': 0.02380290000292007, 'method': 'differential_evolution_v2', 'accepted_search': True, 'solver_message': 'Optimization terminated successfully.'}, {'theta': array([-9.08699423e+03, -1.61314906e+00]), 'n_active': 2, 'beta1_train': -817.9696216507613, 'beta0_train': -2544.852930865384, 'beta1_val': -708.6892739136817, 'beta0_val': -2436.1260779425884, 'selected_score': -2544.852930865384, 'evaluations': 45, 'seconds': 0.03512169999885373, 'method': 'differential_evolution_v2', 'accepted_search': True, 'solver_message': 'Optimization terminated successfully.'}, {'theta': array([-1.85016300e+03, -1.13677368e+00, -1.69511272e+03,  2.80240150e-01]), 'n_active': 4, 'beta1_train': -377.165323543063, 'beta0_train': -516.8818209894409, 'beta1_val': -449.138382393316, 'beta0_val': -480.27911423383205, 'selected_score': -516.8818209894409, 'evaluations': 185, 'seconds': 0.12810059999173973, 'method': 'differential_evolution_v2', 'accepted_search': True, 'solver_message': 'Maximum number of iterations has been exceeded.'}]",42,"[{'update_slot': 60, 'hour': 10, 'info': 'both', 'lp_status': 'optimal', 'lp_message': '', 'fallback': False}]",1848.4076083333334,1690.2088607254775,0.18702519999351352,0.3332212000095751
"[{'theta': array([-371.90023293]), 'n_active': 1, 'beta1_train': -3159.533824126237, 'beta0_train': -3178.811977582002, 'beta1_val': -3152.641032195491, 'beta0_val': -3153.3274153492284, 'selected_score': -3178.811977582002, 'evaluations': 15, 'seconds': 0.023951199997100048, 'method': 'differential_evolution_v2', 'accepted_search': True, 'solver_message': 'Optimization terminated successfully.'}, {'theta': array([-8.34842652e+03,  1.10456051e+00]), 'n_active': 2, 'beta1_train': -2313.15295358011, 'beta0_train': -4282.326791821567, 'beta1_val': -2104.5834611700766, 'beta0_val': -4494.669801923285, 'selected_score': -4282.326791821567, 'evaluations': 95, 'seconds': 0.059559000001172535, 'method': 'differential_evolution_v2', 'accepted_search': True, 'solver_message': 'Maximum number of iterations has been exceeded.'}, {'theta': array([-5.11589876e+03,  6.73729980e-01, -4.89337813e+03, -1.47857266e-01]), 'n_active': 4, 'beta1_train': -4160.050137685438, 'beta0_train': -4295.552437399737, 'beta1_val': -4197.214274979259, 'beta0_val': -4197.894270040988, 'selected_score': -4295.552437399737, 'evaluations': 185, 'seconds': 0.1300613999919733, 'method': 'differential_evolution_v2', 'accepted_search': True, 'solver_message': 'Maximum number of iterations has been exceeded.'}]",42,"[{'update_slot': 60, 'hour': 10, 'info': 'both', 'lp_status': 'optimal', 'lp_message': '', 'fallback': False}]",1690.2088607254775,9905.311494882944,0.2135715999902459,0.36135880000074394
"[{'theta': array([-4278.93539978]), 'n_active': 1, 'beta1_train': -4263.515285549422, 'beta0_train': -4373.414533027818, 'beta1_val': -4378.8, 'beta0_val': -4378.8, 'selected_score': -4373.414533027818, 'evaluations': 20, 'seconds': 0.02790800000366289, 'method': 'differential_evolution_v2', 'accepted_search': True, 'solver_message': 'Optimization terminated successfully.'}, {'theta': array([-3.27628802e+03, -1.20976882e+00]), 'n_active': 2, 'beta1_train': -2487.6196543261944, 'beta0_train': -2560.158057109966, 'beta1_val': -2593.3196214489067, 'beta0_val': -2593.3196214489067, 'selected_score': -2560.158057109966, 'evaluations': 35, 'seconds': 0.028869499990832992, 'method': 'differential_evolution_v2', 'accepted_search': True, 'solver_message': 'Optimization terminated successfully.'}, {'theta': array([-3.30671474e+03, -4.97822689e-01, -5.90626097e+03, -2.20954305e-01]), 'n_active': 4, 'beta1_train': -502.49272021699323, 'beta0_train': -763.9720955844015, 'beta1_val': -211.81766497852027, 'beta0_val': -678.3989493193628, 'selected_score': -763.9720955844015, 'evaluations': 185, 'seconds': 0.1267541999986861, 'method': 'differential_evolution_v2', 'accepted_search': True, 'solver_message': 'Maximum number of iterations has been exceeded.'}]",42,"[{'update_slot': 60, 'hour': 10, 'info': 'both', 'lp_status': 'optimal', 'lp_message': '', 'fallback': False}]",9905.311494882944,1652.9640835086802,0.18353169999318197,0.3242943000077503
"[{'theta': array([-1912.07794906]), 'n_active': 1, 'beta1_train': -4730.120569779381, 'beta0_train': -4748.878893561175, 'beta1_val': -4750.799999999999, 'beta0_val': -4750.799999999999, 'selected_score': -4748.878893561175, 'evaluations': 30, 'seconds': 0.035530200009816326, 'method': 'differential_evolution_v2', 'accepted_search': True, 'solver_message': 'Optimization terminated successfully.'}, {'theta': array([-7.24893865e+03, -9.50967309e-01]), 'n_active': 2, 'beta1_train': -3090.9178627566944, 'beta0_train': -3149.2641922926514, 'beta1_val': -3983.3771213597784, 'beta0_val': -3983.3771213597784, 'selected_score': -3149.2641922926514, 'evaluations': 45, 'seconds': 0.031085900001926348, 'method': 'differential_evolution_v2', 'accepted_search': True, 'solver_message': 'Optimization terminated successfully.'}, {'theta': array([-1.19897907e+03, -1.38735738e+00, -6.15750741e+03, -3.18068806e-01]), 'n_active': 4, 'beta1_train': -1190.0910405006396, 'beta0_train': -1504.0034260757052, 'beta1_val': -1392.776245561585, 'beta0_val': -1432.6286476666237, 'selected_score': -1504.0034260757052, 'evaluations': 165, 'seconds': 0.11477580000064336, 'method': 'differential_evolution_v2', 'accepted_search': True, 'solver_message': 'Optimization terminated successfully.'}]",42,"[{'update_slot': 60, 'hour': 10, 'info': 'both', 'lp_status': 'optimal', 'lp_message': '', 'fallback': False}]",1652.9640835086802,3223.4333276331513,0.18139190001238603,0.31519090000074357
"[{'theta': array([-1681.47230058]), 'n_active': 1, 'beta1_train': -4017.9922511902237, 'beta0_train': -4051.652029371466, 'beta1_val': -4053.5999999999995, 'beta0_val': -4053.5999999999995, 'selected_score': -4051.652029371466, 'evaluations': 35, 'seconds': 0.04046570000355132, 'method': 'differential_evolution_v2', 'accepted_search': True, 'solver_message': 'Optimization terminated successfully.'}, {'theta': array([-4.92278135e+03, -1.12545955e+00]), 'n_active': 2, 'beta1_train': 1362.607902679318, 'beta0_train': -1901.29276600012, 'beta1_val': 737.772201513962, 'beta0_val': -2563.8521065957857, 'selected_score': -1901.29276600012, 'evaluations': 95, 'seconds': 0.05827869998756796, 'method': 'differential_evolution_v2', 'accepted_search': True, 'solver_message': 'Maximum number of iterations has been exceeded.'}, {'theta': array([-8.45754125e+03, -1.65196343e+00, -7.69588178e+03, -1.35560210e+00]), 'n_active': 4, 'beta1_train': -415.0475558597618, 'beta0_train': -720.8354447910328, 'beta1_val': -582.4354057710423, 'beta0_val': -624.7176409495639, 'selected_score': -720.8354447910328, 'evaluations': 185, 'seconds': 0.12781760000507347, 'method': 'differential_evolution_v2', 'accepted_search': True, 'solver_message': 'Maximum number of iterations has been exceeded.'}]",42,"[{'update_slot': 60, 'hour': 10, 'info': 'both', 'lp_status': 'optimal', 'lp_message': '', 'fallback': False}]",3223.4333276331513,1760.610518973245,0.22656199999619275,0.3654199000011431
"[{'theta': array([-8991.52294986]), 'n_active': 1, 'beta1_train': -4421.982849415667, 'beta0_train': -4455.108625835592, 'beta1_val': -4361.3202956625, 'beta0_val': -4456.8, 'selected_score': -4455.108625835592, 'evaluations': 25, 'seconds': 0.03148600000713486, 'method': 'differential_evolution_v2', 'accepted_search': True, 'solver_message': 'Optimization terminated successfully.'}, {'theta': array([-4.37031178e+03, -1.97636570e+00]), 'n_active': 2, 'beta1_train': 1213.2640790999847, 'beta0_train': -1915.3601529502819, 'beta1_val': 352.68141123383066, 'beta0_val': -3304.8865162209095, 'selected_score': -1915.3601529502819, 'evaluations': 35, 'seconds': 0.02841949999856297, 'method': 'differential_evolution_v2', 'accepted_search': True, 'solver_message': 'Optimization terminated successfully.'}, {'theta': array([-7.34189136e+03,  1.42514154e+00, -6.07441840e+03,  4.28821148e-01]), 'n_active': 4, 'beta1_train': -875.1251242022153, 'beta0_train': -1090.821996251391, 'beta1_val': -300.04381641233203, 'beta0_val': -1039.7743323469365, 'selected_score': -1090.821996251391, 'evaluations': 185, 'seconds': 0.12407320000056643, 'method': 'differential_evolution_v2', 'accepted_search': True, 'solver_message': 'Maximum number of iterations has been exceeded.'}]",42,"[{'update_slot': 60, 'hour': 10, 'info': 'both', 'lp_status': 'optimal', 'lp_message': '', 'fallback': False}]",1760.610518973245,2444.3412428071556,0.18397870000626426,0.32506170000124257
"[{'theta': array([-3727.31366464]), 'n_active': 1, 'beta1_train': -2834.607084607665, 'beta0_train': -2887.6377593167526, 'beta1_val': -2890.8, 'beta0_val': -2890.8, 'selected_score': -2887.6377593167526, 'evaluations': 20, 'seconds': 0.027328500000294298, 'method': 'differential_evolution_v2', 'accepted_search': True, 'solver_message': 'Optimization terminated successfully.'}, {'theta': array([-4.80767319e+03,  9.56930289e-02]), 'n_active': 2, 'beta1_train': 2238.17754759229, 'beta0_train': -1173.6848854658865, 'beta1_val': 1530.4326906032607, 'beta0_val': -2102.603437491938, 'selected_score': -1173.6848854658865, 'evaluations': 95, 'seconds': 0.059647299989592284, 'method': 'differential_evolution_v2', 'accepted_search': True, 'solver_message': 'Maximum number of iterations has been exceeded.'}, {'theta': array([-4.56818285e+03, -6.41120515e-01, -5.54676234e+03, -8.14006129e-01]), 'n_active': 4, 'beta1_train': -141.77115688584638, 'beta0_train': -507.5111688984547, 'beta1_val': 193.89300261389297, 'beta0_val': -451.551616686975, 'selected_score': -507.5111688984547, 'evaluations': 185, 'seconds': 0.12553560000378639, 'method': 'differential_evolution_v2', 'accepted_search': True, 'solver_message': 'Maximum number of iterations has been exceeded.'}]",42,"[{'update_slot': 60, 'hour': 10, 'info': 'both', 'lp_status': 'optimal', 'lp_message': '', 'fallback': False}]",2444.3412428071556,1736.6357555447064,0.21251139999367297,0.35329830000409856
"[{'theta': array([-6391.92704244]), 'n_active': 1, 'beta1_train': -1700.0126664499073, 'beta0_train': -1717.9278424743093, 'beta1_val': -1751.3683005960822, 'beta0_val': -1772.1418619129547, 'selected_score': -1717.9278424743093, 'evaluations': 25, 'seconds': 0.031444599997485057, 'method': 'differential_evolution_v2', 'accepted_search': True, 'solver_message': 'Optimization terminated successfully.'}, {'theta': array([-3.42906802e+03, -7.04994368e-01]), 'n_active': 2, 'beta1_train': -853.4809534573038, 'beta0_train': -2772.2445069027817, 'beta1_val': -1537.3455719062624, 'beta0_val': -2885.9999999999995, 'selected_score': -2772.2445069027817, 'evaluations': 35, 'seconds': 0.027858999994350597, 'method': 'differential_evolution_v2', 'accepted_search': True, 'solver_message': 'Optimization terminated successfully.'}, {'theta': array([-5.13919143e+03, -7.82747869e-01, -2.09022664e+03, -1.66403632e+00]), 'n_active': 4, 'beta1_train': -336.5127471381218, 'beta0_train': -503.13557278050115, 'beta1_val': -412.9470004971421, 'beta0_val': -478.1014172857036, 'selected_score': -503.13557278050115, 'evaluations': 185, 'seconds': 0.12313779999385588, 'method': 'differential_evolution_v2', 'accepted_search': True, 'solver_message': 'Maximum number of iterations has been exceeded.'}]",42,"[{'update_slot': 60, 'hour': 10, 'info': 'both', 'lp_status': 'optimal', 'lp_message': '', 'fallback': False}]",1736.6357555447064,1811.4852118518497,0.18244139998569153,0.31884389999322593
"[{'theta': array([-685.76947074]), 'n_active': 1, 'beta1_train': -1876.0793026617744, 'beta0_train': -1888.0417782801808, 'beta1_val': -2143.962488360518, 'beta0_val': -2143.962488360518, 'selected_score': -1888.0417782801808, 'evaluations': 20, 'seconds': 0.02611320000141859, 'method': 'differential_evolution_v2', 'accepted_search': True, 'solver_message': 'Optimization terminated successfully.'}, {'theta': array([-6.89439491e+03,  8.83708364e-01]), 'n_active': 2, 'beta1_train': -1688.2245196116792, 'beta0_train': -3490.81618585257, 'beta1_val': -2408.216698763552, 'beta0_val': -3711.6, 'selected_score': -3490.81618585257, 'evaluations': 55, 'seconds': 0.03908070000761654, 'method': 'differential_evolution_v2', 'accepted_search': True, 'solver_message': 'Optimization terminated successfully.'}, {'theta': array([-9.87262587e+02, -3.26208998e-01, -6.83522765e+02,  1.65084981e-01]), 'n_active': 4, 'beta1_train': -1176.512929089242, 'beta0_train': -1390.6293217096984, 'beta1_val': -1091.705468987047, 'beta0_val': -1403.850760621545, 'selected_score': -1390.6293217096984, 'evaluations': 185, 'seconds': 0.1265346000000136, 'method': 'differential_evolution_v2', 'accepted_search': True, 'solver_message': 'Maximum number of iterations has been exceeded.'}]",42,"[{'update_slot': 60, 'hour': 10, 'info': 'both', 'lp_status': 'optimal', 'lp_message': '', 'fallback': False}]",1811.4852118518497,4119.935774580422,0.19172850000904873,0.3299705000099493
"[{'theta': array([-7362.28832165]), 'n_active': 1, 'beta1_train': -3279.8413879105087, 'beta0_train': -3845.0574800088643, 'beta1_val': -2602.159759994581, 'beta0_val': -3713.5256516069144, 'selected_score': -3845.0574800088643, 'evaluations': 20, 'seconds': 0.026898199997958727, 'method': 'differential_evolution_v2', 'accepted_search': True, 'solver_message': 'Optimization terminated successfully.'}, {'theta': array([-8.22833397e+03,  1.74848771e+00]), 'n_active': 2, 'beta1_train': 1364.9941168761634, 'beta0_train': -1266.6308441121723, 'beta1_val': 1297.1308804541195, 'beta0_val': -852.8918300856735, 'selected_score': -1266.6308441121723, 'evaluations': 45, 'seconds': 0.03267050000431482, 'method': 'differential_evolution_v2', 'accepted_search': True, 'solver_message': 'Optimization terminated successfully.'}, {'theta': array([-2.04281904e+02,  1.77693431e+00, -6.48439835e+03, -7.73081947e-01]), 'n_active': 4, 'beta1_train': -428.2071352813897, 'beta0_train': -666.1650841379977, 'beta1_val': -463.03029049270646, 'beta0_val': -691.1724206521218, 'selected_score': -666.1650841379977, 'evaluations': 125, 'seconds': 0.09308580000652, 'method': 'differential_evolution_v2', 'accepted_search': True, 'solver_message': 'Optimization terminated successfully.'}]",42,"[{'update_slot': 60, 'hour': 10, 'info': 'both', 'lp_status': 'optimal', 'lp_message': '', 'fallback': False}]",4119.935774580422,1810.9876289822273,0.15265450000879355,0.2941990999970585
"[{'theta': array([-2670.29822717]), 'n_active': 1, 'beta1_train': -4013.940254353569, 'beta0_train': -4054.2774185335743, 'beta1_val': -4057.2, 'beta0_val': -4057.2, 'selected_score': -4054.2774185335743, 'evaluations': 15, 'seconds': 0.023233599989907816, 'method': 'differential_evolution_v2', 'accepted_search': True, 'solver_message': 'Optimization terminated successfully.'}, {'theta': array([-4.51833672e+03, -1.82337576e+00]), 'n_active': 2, 'beta1_train': 1508.659637880335, 'beta0_train': -1840.180918282857, 'beta1_val': 1339.8767156466251, 'beta0_val': -2092.149946167927, 'selected_score': -1840.180918282857, 'evaluations': 95, 'seconds': 0.05528719999711029, 'method': 'differential_evolution_v2', 'accepted_search': True, 'solver_message': 'Maximum number of iterations has been exceeded.'}, {'theta': array([-7.12655710e+03, -5.93348792e-02, -8.49688348e+03, -7.93161424e-01]), 'n_active': 4, 'beta1_train': -680.1903393726201, 'beta0_train': -725.957158278683, 'beta1_val': -698.2513714101852, 'beta0_val': -698.2513714101852, 'selected_score': -725.957158278683, 'evaluations': 125, 'seconds': 0.09895120000874158, 'method': 'differential_evolution_v2', 'accepted_search': True, 'solver_message': 'Optimization terminated successfully.'}]",42,"[{'update_slot': 60, 'hour': 10, 'info': 'both', 'lp_status': 'optimal', 'lp_message': '', 'fallback': False}]",1810.9876289822273,1833.9935024074089,0.1774719999957597,0.320327699999325
"[{'theta': array([-4255.84261362]), 'n_active': 1, 'beta1_train': -4342.379708469066, 'beta0_train': -4369.650077827962, 'beta1_val': -4325.6668488635, 'beta0_val': -4372.799999999999, 'selected_score': -4369.650077827962, 'evaluations': 15, 'seconds': 0.022811700007878244, 'method': 'differential_evolution_v2', 'accepted_search': True, 'solver_message': 'Optimization terminated successfully.'}, {'theta': array([-8.26016748e+03, -1.36859840e+00]), 'n_active': 2, 'beta1_train': 1062.5948374316204, 'beta0_train': -2361.284114658663, 'beta1_val': 2067.866240225778, 'beta0_val': -1100.257016819106, 'selected_score': -2361.284114658663, 'evaluations': 95, 'seconds': 0.058646999998018146, 'method': 'differential_evolution_v2', 'accepted_search': True, 'solver_message': 'Maximum number of iterations has been exceeded.'}, {'theta': array([-2.82905997e+03,  7.64409759e-03, -8.11422745e+03,  6.75378912e-02]), 'n_active': 4, 'beta1_train': -778.453568214738, 'beta0_train': -789.6346008765368, 'beta1_val': -737.8888089403293, 'beta0_val': -737.8888089403293, 'selected_score': -789.6346008765368, 'evaluations': 185, 'seconds': 0.12792350001109298, 'method': 'differential_evolution_v2', 'accepted_search': True, 'solver_message': 'Maximum number of iterations has been exceeded.'}]",42,"[{'update_slot': 60, 'hour': 10, 'info': 'both', 'lp_status': 'optimal', 'lp_message': '', 'fallback': False}]",1833.9935024074089,2169.1571899332926,0.20938220001698937,0.35847609999473207
"[{'theta': array([-8457.40868364]), 'n_active': 1, 'beta1_train': -4044.6786768517986, 'beta0_train': -4147.094760874914, 'beta1_val': -4103.97818, 'beta0_val': -4154.4, 'selected_score': -4147.094760874914, 'evaluations': 20, 'seconds': 0.027816499990876764, 'method': 'differential_evolution_v2', 'accepted_search': True, 'solver_message': 'Optimization terminated successfully.'}, {'theta': array([-1137.3888216 ,     1.57969414]), 'n_active': 2, 'beta1_train': 1203.9937422775547, 'beta0_train': -571.9317868637834, 'beta1_val': 1556.7022679389265, 'beta0_val': 1176.2824367649678, 'selected_score': -572.958747644555, 'evaluations': 95, 'seconds': 0.0596578000113368, 'method': 'differential_evolution_v2', 'accepted_search': True, 'solver_message': 'Maximum number of iterations has been exceeded.'}, {'theta': array([-1.28666325e+03,  4.45916333e-01, -8.11498426e+03, -4.48222043e-01]), 'n_active': 4, 'beta1_train': -741.5325348365665, 'beta0_train': -976.8893177099513, 'beta1_val': -367.219546079529, 'beta0_val': -1038.8880589375638, 'selected_score': -976.8893177099513, 'evaluations': 185, 'seconds': 0.12781160000304226, 'method': 'differential_evolution_v2', 'accepted_search': True, 'solver_message': 'Maximum number of iterations has been exceeded.'}]",42,"[{'update_slot': 60, 'hour': 10, 'info': 'both', 'lp_status': 'optimal', 'lp_message': '', 'fallback': False}]",2169.1571899332926,2288.046402464619,0.21528590000525583,0.3568117999966489
"[{'theta': array([-6980.02874037]), 'n_active': 1, 'beta1_train': -1667.336376219694, 'beta0_train': -1819.0727463743522, 'beta1_val': -1591.276296266606, 'beta0_val': -1792.8039394771004, 'selected_score': -1819.0727463743522, 'evaluations': 20, 'seconds': 0.02727420000883285, 'method': 'differential_evolution_v2', 'accepted_search': True, 'solver_message': 'Optimization terminated successfully.'}, {'theta': array([-9.20095464e+03, -1.06076320e+00]), 'n_active': 2, 'beta1_train': 2283.3483557758127, 'beta0_train': -1121.1483083488752, 'beta1_val': 2457.665693422482, 'beta0_val': -1093.303449213509, 'selected_score': -1121.1483083488752, 'evaluations': 35, 'seconds': 0.02885249999235384, 'method': 'differential_evolution_v2', 'accepted_search': True, 'solver_message': 'Optimization terminated successfully.'}, {'theta': array([-2.79498635e+03, -1.55693392e+00, -5.44832762e+02, -1.69061372e+00]), 'n_active': 4, 'beta1_train': -282.52621508551175, 'beta0_train': -333.6689625257842, 'beta1_val': -293.2322389266331, 'beta0_val': -293.2322389266331, 'selected_score': -333.6689625257842, 'evaluations': 145, 'seconds': 0.1102075000089826, 'method': 'differential_evolution_v2', 'accepted_search': True, 'solver_message': 'Optimization terminated successfully.'}]",42,"[{'update_slot': 60, 'hour': 10, 'info': 'both', 'lp_status': 'optimal', 'lp_message': '', 'fallback': False}]",2288.046402464619,1612.8816688888883,0.1663342000101693,0.3095409999950789
"[{'theta': array([-6003.63739661]), 'n_active': 1, 'beta1_train': -1298.9894978158352, 'beta0_train': -1301.7098021854795, 'beta1_val': -1240.087994104932, 'beta0_val': -1240.087994104932, 'selected_score': -1301.7098021854795, 'evaluations': 20, 'seconds': 0.02668419999827165, 'method': 'differential_evolution_v2', 'accepted_search': True, 'solver_message': 'Optimization terminated successfully.'}, {'theta': array([-3.04174441e+03,  1.47489690e+00]), 'n_active': 2, 'beta1_train': -967.096629005868, 'beta0_train': -2519.9999999999995, 'beta1_val': -499.8891163073631, 'beta0_val': -2519.9999999999995, 'selected_score': -2519.9999999999995, 'evaluations': 45, 'seconds': 0.03297569999995176, 'method': 'differential_evolution_v2', 'accepted_search': True, 'solver_message': 'Optimization terminated successfully.'}, {'theta': array([-1.23449317e+03,  6.12862732e-01, -8.06831573e+03, -1.98994004e+00]), 'n_active': 4, 'beta1_train': -420.5814077652561, 'beta0_train': -574.090517435852, 'beta1_val': -438.5483902063827, 'beta0_val': -493.5290486172841, 'selected_score': -574.090517435852, 'evaluations': 165, 'seconds': 0.11696519999532029, 'method': 'differential_evolution_v2', 'accepted_search': True, 'solver_message': 'Optimization terminated successfully.'}]",42,"[{'update_slot': 60, 'hour': 10, 'info': 'both', 'lp_status': 'optimal', 'lp_message': '', 'fallback': False}]",1612.8816688888883,2508.4753904689487,0.1766250999935437,0.31846199999563396
"[{'theta': array([-6086.92325316]), 'n_active': 1, 'beta1_train': -1821.4843664664825, 'beta0_train': -2107.224078399678, 'beta1_val': -1758.899298305143, 'beta0_val': -1940.8829778505828, 'selected_score': -2107.224078399678, 'evaluations': 20, 'seconds': 0.026630699998349883, 'method': 'differential_evolution_v2', 'accepted_search': True, 'solver_message': 'Optimization terminated successfully.'}, {'theta': array([-7.22623204e+03, -3.91992723e-01]), 'n_active': 2, 'beta1_train': -1826.3942982963074, 'beta0_train': -3248.596712091518, 'beta1_val': -602.9631900970912, 'beta0_val': -2254.657749619917, 'selected_score': -3248.596712091518, 'evaluations': 95, 'seconds': 0.06174840001040138, 'method': 'differential_evolution_v2', 'accepted_search': True, 'solver_message': 'Maximum number of iterations has been exceeded.'}, {'theta': array([-1.89410446e+03,  1.58696378e+00, -6.23624048e+03,  1.53014572e+00]), 'n_active': 4, 'beta1_train': -3941.8067211582143, 'beta0_train': -4034.485336840823, 'beta1_val': -4005.9187647676463, 'beta0_val': -4089.0946626772375, 'selected_score': -4034.485336840823, 'evaluations': 185, 'seconds': 0.1255410000012489, 'method': 'differential_evolution_v2', 'accepted_search': True, 'solver_message': 'Maximum number of iterations has been exceeded.'}]",42,"[{'update_slot': 60, 'hour': 10, 'info': 'both', 'lp_status': 'optimal', 'lp_message': '', 'fallback': False}]",2508.4753904689487,9572.336512962962,0.21392010001000017,0.35843629999726545
"[{'theta': array([-3861.52483163]), 'n_active': 1, 'beta1_train': -4411.375989522964, 'beta0_train': -4428.81398801064, 'beta1_val': -4372.873350308333, 'beta0_val': -4429.2, 'selected_score': -4428.81398801064, 'evaluations': 20, 'seconds': 0.026097699999809265, 'method': 'differential_evolution_v2', 'accepted_search': True, 'solver_message': 'Optimization terminated successfully.'}, {'theta': array([-3.73359973e+03, -3.52175957e-01]), 'n_active': 2, 'beta1_train': 477.9738767713812, 'beta0_train': -2735.321862794707, 'beta1_val': 281.5126140161642, 'beta0_val': -2986.361684600338, 'selected_score': -2735.321862794707, 'evaluations': 35, 'seconds': 0.030067500003497116, 'method': 'differential_evolution_v2', 'accepted_search': True, 'solver_message': 'Optimization terminated successfully.'}, {'theta': array([-3.38993397e+03, -1.34795086e+00, -5.53853077e+03, -1.98798849e+00]), 'n_active': 4, 'beta1_train': -1234.1311615936277, 'beta0_train': -1391.468125936039, 'beta1_val': -1135.9968889748789, 'beta0_val': -1166.326764426822, 'selected_score': -1391.468125936039, 'evaluations': 185, 'seconds': 0.1312405999924522, 'method': 'differential_evolution_v2', 'accepted_search': True, 'solver_message': 'Maximum number of iterations has been exceeded.'}]",42,"[{'update_slot': 60, 'hour': 10, 'info': 'both', 'lp_status': 'optimal', 'lp_message': '', 'fallback': False}]",9572.336512962962,3507.9728458206946,0.18740579999575857,0.32934389999718405
"[{'theta': array([-3154.18801846]), 'n_active': 1, 'beta1_train': -4580.372616433051, 'beta0_train': -4586.39445669979, 'beta1_val': -4567.472936666666, 'beta0_val': -4583.6994345679, 'selected_score': -4586.39445669979, 'evaluations': 20, 'seconds': 0.026584899998852052, 'method': 'differential_evolution_v2', 'accepted_search': True, 'solver_message': 'Optimization terminated successfully.'}, {'theta': array([-4.44124632e+03, -1.44988711e+00]), 'n_active': 2, 'beta1_train': 349.37153487593315, 'beta0_train': -3198.5996765362393, 'beta1_val': 1045.6007160324489, 'beta0_val': -3126.439134872754, 'selected_score': -3198.5996765362393, 'evaluations': 45, 'seconds': 0.03361709999444429, 'method': 'differential_evolution_v2', 'accepted_search': True, 'solver_message': 'Optimization terminated successfully.'}, {'theta': array([-7.80228660e+03, -1.52842593e+00, -7.63530608e+03,  1.57493651e+00]), 'n_active': 4, 'beta1_train': -935.8291853370245, 'beta0_train': -1122.783614282026, 'beta1_val': -1193.024142489754, 'beta0_val': -1193.024142489754, 'selected_score': -1122.783614282026, 'evaluations': 185, 'seconds': 0.13183880000724457, 'method': 'differential_evolution_v2', 'accepted_search': True, 'solver_message': 'Maximum number of iterations has been exceeded.'}]",42,"[{'update_slot': 60, 'hour': 10, 'info': 'both', 'lp_status': 'optimal', 'lp_message': '', 'fallback': False}]",3507.9728458206946,2951.884191111115,0.1920408000005409,0.3323831000016071
"[{'theta': array([-4848.36616178]), 'n_active': 1, 'beta1_train': -3252.8349105581674, 'beta0_train': -4129.827473609104, 'beta1_val': -3490.4928394725844, 'beta0_val': -4199.23191441358, 'selected_score': -4129.827473609104, 'evaluations': 20, 'seconds': 0.027018099994165823, 'method': 'differential_evolution_v2', 'accepted_search': True, 'solver_message': 'Optimization terminated successfully.'}, {'theta': array([-2.42194932e+03,  1.58005499e+00]), 'n_active': 2, 'beta1_train': 878.1459529680088, 'beta0_train': -2491.365806551333, 'beta1_val': 1561.8293376074885, 'beta0_val': -879.9486555781168, 'selected_score': -2491.365806551333, 'evaluations': 45, 'seconds': 0.03518290001375135, 'method': 'differential_evolution_v2', 'accepted_search': True, 'solver_message': 'Optimization terminated successfully.'}, {'theta': array([-6.09229633e+03,  1.48875907e+00, -3.50297072e+03,  1.01525672e+00]), 'n_active': 4, 'beta1_train': -391.08719053645865, 'beta0_train': -709.1977487168125, 'beta1_val': -603.7908773974482, 'beta0_val': -833.488002047325, 'selected_score': -709.1977487168125, 'evaluations': 185, 'seconds': 0.12889259999792557, 'method': 'differential_evolution_v2', 'accepted_search': True, 'solver_message': 'Maximum number of iterations has been exceeded.'}]",42,"[{'update_slot': 60, 'hour': 10, 'info': 'both', 'lp_status': 'optimal', 'lp_message': '', 'fallback': False}]",2951.884191111115,1730.0968912962976,0.19109360000584275,0.3341824999952223
"[{'theta': array([-4265.4164786]), 'n_active': 1, 'beta1_train': -4292.162855475554, 'beta0_train': -4322.904650997436, 'beta1_val': -4324.8, 'beta0_val': -4324.8, 'selected_score': -4322.904650997436, 'evaluations': 20, 'seconds': 0.02724830000079237, 'method': 'differential_evolution_v2', 'accepted_search': True, 'solver_message': 'Optimization terminated successfully.'}, {'theta': array([-4.81623455e+03,  3.95079864e-02]), 'n_active': 2, 'beta1_train': 714.0662662872187, 'beta0_train': -2613.8741153196947, 'beta1_val': 575.4843140476005, 'beta0_val': -2893.676801911913, 'selected_score': -2613.8741153196947, 'evaluations': 95, 'seconds': 0.06138939999800641, 'method': 'differential_evolution_v2', 'accepted_search': True, 'solver_message': 'Maximum number of iterations has been exceeded.'}, {'theta': array([-7.28404930e+02,  2.80805687e-01, -3.89382630e+03,  2.94474539e-01]), 'n_active': 4, 'beta1_train': -870.6633136288185, 'beta0_train': -1063.5302018691102, 'beta1_val': -1036.7341639803299, 'beta0_val': -1036.7341639803299, 'selected_score': -1063.5302018691102, 'evaluations': 185, 'seconds': 0.13046069999109022, 'method': 'differential_evolution_v2', 'accepted_search': True, 'solver_message': 'Maximum number of iterations has been exceeded.'}]",42,"[{'update_slot': 60, 'hour': 10, 'info': 'both', 'lp_status': 'optimal', 'lp_message': '', 'fallback': False}]",1730.0968912962976,3047.757158518518,0.219098399989889,0.3691678999894066
"[{'theta': array([-3643.68265337]), 'n_active': 1, 'beta1_train': -1890.8137476633133, 'beta0_train': -1921.4012305618521, 'beta1_val': -1922.4000000000003, 'beta0_val': -1922.4000000000003, 'selected_score': -1921.4012305618521, 'evaluations': 25, 'seconds': 0.031004999997094274, 'method': 'differential_evolution_v2', 'accepted_search': True, 'solver_message': 'Optimization terminated successfully.'}, {'theta': array([-6.24529370e+03,  1.04146504e+00]), 'n_active': 2, 'beta1_train': 2771.7335602749167, 'beta0_train': -1063.3178047886568, 'beta1_val': 3220.1573006403883, 'beta0_val': -958.7446497995304, 'selected_score': -1063.3178047886568, 'evaluations': 95, 'seconds': 0.06000339999445714, 'method': 'differential_evolution_v2', 'accepted_search': True, 'solver_message': 'Maximum number of iterations has been exceeded.'}, {'theta': array([-3.37843456e+03,  3.87369647e-01, -2.60102431e+03, -9.85993841e-01]), 'n_active': 4, 'beta1_train': -73.4725362191298, 'beta0_train': -302.7308131944393, 'beta1_val': -393.78296306486925, 'beta0_val': -393.78296306486925, 'selected_score': -302.7308131944393, 'evaluations': 145, 'seconds': 0.10176160000264645, 'method': 'differential_evolution_v2', 'accepted_search': True, 'solver_message': 'Optimization terminated successfully.'}]",42,"[{'update_slot': 60, 'hour': 10, 'info': 'both', 'lp_status': 'optimal', 'lp_message': '', 'fallback': False}]",3047.757158518518,2037.8220507764206,0.19276999999419786,0.33394690000568517
"[{'theta': array([-164.00615255]), 'n_active': 1, 'beta1_train': -1434.8032745688515, 'beta0_train': -1437.7897418399596, 'beta1_val': -1348.4302189474267, 'beta0_val': -1348.4302189474267, 'selected_score': -1437.7897418399596, 'evaluations': 30, 'seconds': 0.0365894999995362, 'method': 'differential_evolution_v2', 'accepted_search': True, 'solver_message': 'Optimization terminated successfully.'}, {'theta': array([-4.29013533e+03, -1.06961995e+00]), 'n_active': 2, 'beta1_train': -1491.9497288836105, 'beta0_train': -3238.7999999999997, 'beta1_val': -1760.2491130504277, 'beta0_val': -3238.7999999999997, 'selected_score': -3238.7999999999997, 'evaluations': 35, 'seconds': 0.027930199998081662, 'method': 'differential_evolution_v2', 'accepted_search': True, 'solver_message': 'Optimization terminated successfully.'}, {'theta': array([-3.96177355e+03,  1.55283653e+00, -8.03719210e+03,  6.89325212e-02]), 'n_active': 4, 'beta1_train': -437.9423516518979, 'beta0_train': -673.7110273419593, 'beta1_val': -775.8200413606278, 'beta0_val': -775.8200413606278, 'selected_score': -673.7110273419593, 'evaluations': 185, 'seconds': 0.12823509999725502, 'method': 'differential_evolution_v2', 'accepted_search': True, 'solver_message': 'Maximum number of iterations has been exceeded.'}]",42,"[{'update_slot': 60, 'hour': 10, 'info': 'both', 'lp_status': 'optimal', 'lp_message': '', 'fallback': False}]",2037.8220507764206,2022.5068276414986,0.19275479999487288,0.33350829999835696
"[{'theta': array([-8579.9328332]), 'n_active': 1, 'beta1_train': -1611.4228520311835, 'beta0_train': -1908.3298456223292, 'beta1_val': -1155.6296681557803, 'beta0_val': -1786.4085266600594, 'selected_score': -1908.3298456223292, 'evaluations': 20, 'seconds': 0.027662899999995716, 'method': 'differential_evolution_v2', 'accepted_search': True, 'solver_message': 'Optimization terminated successfully.'}, {'theta': array([-6.05850238e+03,  8.30981223e-01]), 'n_active': 2, 'beta1_train': -2654.8059258536005, 'beta0_train': -4306.151659341165, 'beta1_val': -2773.722548136737, 'beta0_val': -4317.6, 'selected_score': -4306.151659341165, 'evaluations': 45, 'seconds': 0.03414060000795871, 'method': 'differential_evolution_v2', 'accepted_search': True, 'solver_message': 'Optimization terminated successfully.'}, {'theta': array([-3.73463859e+02, -9.52023709e-02, -2.50110940e+03, -8.83047091e-01]), 'n_active': 4, 'beta1_train': -4089.355545886657, 'beta0_train': -4214.40427491134, 'beta1_val': -4136.685014445228, 'beta0_val': -4136.685014445228, 'selected_score': -4214.40427491134, 'evaluations': 185, 'seconds': 0.12871409999206662, 'method': 'differential_evolution_v2', 'accepted_search': True, 'solver_message': 'Maximum number of iterations has been exceeded.'}]",42,"[{'update_slot': 60, 'hour': 10, 'info': 'both', 'lp_status': 'optimal', 'lp_message': '', 'fallback': False}]",2022.5068276414986,10800.0,0.19051760000002105,0.33102230000076815
"[{'theta': array([-8820.01146313]), 'n_active': 1, 'beta1_train': -3730.355364357645, 'beta0_train': -4389.556109895719, 'beta1_val': -4248.853283156668, 'beta0_val': -4404.0, 'selected_score': -4389.556109895719, 'evaluations': 20, 'seconds': 0.025631299999076873, 'method': 'differential_evolution_v2', 'accepted_search': True, 'solver_message': 'Optimization terminated successfully.'}, {'theta': array([-1233.96702579,     1.57138021]), 'n_active': 2, 'beta1_train': 1071.9009522184479, 'beta0_train': -2764.832278388765, 'beta1_val': 728.4488369272308, 'beta0_val': -2803.7280629412644, 'selected_score': -2765.5654590942827, 'evaluations': 95, 'seconds': 0.05934750000596978, 'method': 'differential_evolution_v2', 'accepted_search': True, 'solver_message': 'Maximum number of iterations has been exceeded.'}, {'theta': array([-1.13707747e+03, -1.95020645e+00, -2.08661216e+03, -1.80558887e+00]), 'n_active': 4, 'beta1_train': -294.9692192248368, 'beta0_train': -704.3011960305342, 'beta1_val': -924.6491644552372, 'beta0_val': -924.6491644552372, 'selected_score': -704.3011960305342, 'evaluations': 185, 'seconds': 0.1295665000070585, 'method': 'differential_evolution_v2', 'accepted_search': True, 'solver_message': 'Maximum number of iterations has been exceeded.'}]",42,"[{'update_slot': 60, 'hour': 10, 'info': 'both', 'lp_status': 'optimal', 'lp_message': '', 'fallback': False}]",10800.0,1673.3130689204268,0.21454530001210514,0.35328219999792054
"[{'theta': array([-4589.12949677]), 'n_active': 1, 'beta1_train': -4434.595084980473, 'beta0_train': -4447.672608687143, 'beta1_val': -4448.4, 'beta0_val': -4448.4, 'selected_score': -4447.672608687143, 'evaluations': 25, 'seconds': 0.03157269999792334, 'method': 'differential_evolution_v2', 'accepted_search': True, 'solver_message': 'Optimization terminated successfully.'}, {'theta': array([-7.44149438e+03,  1.91896413e+00]), 'n_active': 2, 'beta1_train': 502.4289166122199, 'beta0_train': -3017.70540007455, 'beta1_val': 303.4071807493933, 'beta0_val': -3330.1996113963673, 'selected_score': -3017.70540007455, 'evaluations': 95, 'seconds': 0.05722570000216365, 'method': 'differential_evolution_v2', 'accepted_search': True, 'solver_message': 'Maximum number of iterations has been exceeded.'}, {'theta': array([-1.97953743e+03,  7.03344510e-01, -2.06564798e+03,  5.93365453e-01]), 'n_active': 4, 'beta1_train': -614.5215001831522, 'beta0_train': -1044.7823188302814, 'beta1_val': -1031.9642933890177, 'beta0_val': -1031.9642933890177, 'selected_score': -1044.7823188302814, 'evaluations': 185, 'seconds': 0.1267684000049485, 'method': 'differential_evolution_v2', 'accepted_search': True, 'solver_message': 'Maximum number of iterations has been exceeded.'}]",42,"[{'update_slot': 60, 'hour': 10, 'info': 'both', 'lp_status': 'optimal', 'lp_message': '', 'fallback': False}]",1673.3130689204268,2593.81027002101,0.21556680000503547,0.3560397999972338
"[{'theta': array([-3023.09829813]), 'n_active': 1, 'beta1_train': -4057.160635895025, 'beta0_train': -4079.949655445148, 'beta1_val': -4081.2, 'beta0_val': -4081.2, 'selected_score': -4079.949655445148, 'evaluations': 35, 'seconds': 0.040682799997739494, 'method': 'differential_evolution_v2', 'accepted_search': True, 'solver_message': 'Optimization terminated successfully.'}, {'theta': array([-1053.62494195,     1.87227105]), 'n_active': 2, 'beta1_train': 1339.1941946173795, 'beta0_train': -1300.8396011830114, 'beta1_val': 1639.8187499459327, 'beta0_val': -991.6069410758796, 'selected_score': -1301.029640061925, 'evaluations': 95, 'seconds': 0.05733840000175405, 'method': 'differential_evolution_v2', 'accepted_search': True, 'solver_message': 'Maximum number of iterations has been exceeded.'}, {'theta': array([-9.06725956e+03, -2.99496049e-01, -6.94573096e+03, -3.49649687e-01]), 'n_active': 4, 'beta1_train': -200.54993523822148, 'beta0_train': -674.2146273347214, 'beta1_val': -596.282158369394, 'beta0_val': -679.2349907577351, 'selected_score': -674.2146273347214, 'evaluations': 185, 'seconds': 0.13101989999995567, 'method': 'differential_evolution_v2', 'accepted_search': True, 'solver_message': 'Maximum number of iterations has been exceeded.'}]",42,"[{'update_slot': 60, 'hour': 10, 'info': 'both', 'lp_status': 'optimal', 'lp_message': '', 'fallback': False}]",2593.81027002101,1544.3104253463318,0.22904109999944922,0.37035899999318644
"[{'theta': array([-1877.1189761]), 'n_active': 1, 'beta1_train': -4157.592385872547, 'beta0_train': -4179.519141302819, 'beta1_val': -4175.115525411164, 'beta0_val': -4180.799999999999, 'selected_score': -4179.519141302819, 'evaluations': 20, 'seconds': 0.025631299999076873, 'method': 'differential_evolution_v2', 'accepted_search': True, 'solver_message': 'Optimization terminated successfully.'}, {'theta': array([-5.27495678e+03,  4.26259893e-01]), 'n_active': 2, 'beta1_train': 1367.6323447207246, 'beta0_train': -2306.1699228751336, 'beta1_val': 1659.3477745185096, 'beta0_val': -2135.6259222134895, 'selected_score': -2306.1699228751336, 'evaluations': 95, 'seconds': 0.05899459999636747, 'method': 'differential_evolution_v2', 'accepted_search': True, 'solver_message': 'Maximum number of iterations has been exceeded.'}, {'theta': array([-6.52606715e+03,  1.90226892e+00, -1.43412059e+02,  8.35144802e-01]), 'n_active': 4, 'beta1_train': -526.8726660164134, 'beta0_train': -956.3095981015766, 'beta1_val': -585.7609300964425, 'beta0_val': -855.539464779626, 'selected_score': -956.3095981015766, 'evaluations': 185, 'seconds': 0.12373570000636391, 'method': 'differential_evolution_v2', 'accepted_search': True, 'solver_message': 'Maximum number of iterations has been exceeded.'}]",42,"[{'update_slot': 60, 'hour': 10, 'info': 'both', 'lp_status': 'optimal', 'lp_message': '', 'fallback': False}]",1544.3104253463318,2343.469642591062,0.20836160000180826,0.3487454999994952
"[{'theta': array([-7243.51561652]), 'n_active': 1, 'beta1_train': -1473.1803844325668, 'beta0_train': -1599.846877091363, 'beta1_val': -1493.955233853941, 'beta0_val': -1590.7449084141315, 'selected_score': -1599.846877091363, 'evaluations': 20, 'seconds': 0.028487200004747137, 'method': 'differential_evolution_v2', 'accepted_search': True, 'solver_message': 'Optimization terminated successfully.'}, {'theta': array([-4.68131183e+03, -7.16397008e-01]), 'n_active': 2, 'beta1_train': 2662.598392643782, 'beta0_train': -1164.5759114710645, 'beta1_val': 2124.3576108258285, 'beta0_val': -1189.4455035334936, 'selected_score': -1164.5759114710645, 'evaluations': 95, 'seconds': 0.05821570000262, 'method': 'differential_evolution_v2', 'accepted_search': True, 'solver_message': 'Maximum number of iterations has been exceeded.'}, {'theta': array([-2.95576862e+03,  8.54064189e-01, -4.49095085e+03, -1.46337433e+00]), 'n_active': 4, 'beta1_train': 308.7879800717827, 'beta0_train': -265.225755745642, 'beta1_val': -253.84197454539944, 'beta0_val': -253.84197454539944, 'selected_score': -265.225755745642, 'evaluations': 185, 'seconds': 0.12648809999518562, 'method': 'differential_evolution_v2', 'accepted_search': True, 'solver_message': 'Maximum number of iterations has been exceeded.'}]",42,"[{'update_slot': 60, 'hour': 10, 'info': 'both', 'lp_status': 'optimal', 'lp_message': '', 'fallback': False}]",2343.469642591062,1759.1863242042016,0.21319100000255276,0.3583543999993708
"[{'theta': array([-4328.80560794]), 'n_active': 1, 'beta1_train': -962.9623884186516, 'beta0_train': -966.1939375154989, 'beta1_val': -924.4323396719775, 'beta0_val': -924.4323396719775, 'selected_score': -966.1939375154989, 'evaluations': 20, 'seconds': 0.027164900006027892, 'method': 'differential_evolution_v2', 'accepted_search': True, 'solver_message': 'Optimization terminated successfully.'}, {'theta': array([-8.23423717e+03, -2.44416609e-01]), 'n_active': 2, 'beta1_train': -221.2354967730469, 'beta0_train': -1855.1999999999998, 'beta1_val': -510.7547710482406, 'beta0_val': -1855.1999999999998, 'selected_score': -1855.1999999999998, 'evaluations': 95, 'seconds': 0.05768529999477323, 'method': 'differential_evolution_v2', 'accepted_search': True, 'solver_message': 'Maximum number of iterations has been exceeded.'}, {'theta': array([-6.23156873e+03, -4.53192985e-01, -2.02189448e+03,  5.56768431e-01]), 'n_active': 4, 'beta1_train': -112.67415209739643, 'beta0_train': -311.1302165884706, 'beta1_val': -234.58865927448153, 'beta0_val': -312.5264075904435, 'selected_score': -311.1302165884706, 'evaluations': 185, 'seconds': 0.1266197000077227, 'method': 'differential_evolution_v2', 'accepted_search': True, 'solver_message': 'Maximum number of iterations has been exceeded.'}]",42,"[{'update_slot': 60, 'hour': 10, 'info': 'both', 'lp_status': 'optimal', 'lp_message': '', 'fallback': False}]",1759.1863242042016,1980.5423415774583,0.21146990000852384,0.3527377999998862
"[{'theta': array([-1181.20675159]), 'n_active': 1, 'beta1_train': -1818.8519237914802, 'beta0_train': -1822.5774552368518, 'beta1_val': -1773.4114119746582, 'beta0_val': -1773.4114119746582, 'selected_score': -1822.5774552368518, 'evaluations': 20, 'seconds': 0.027291200007312, 'method': 'differential_evolution_v2', 'accepted_search': True, 'solver_message': 'Optimization terminated successfully.'}, {'theta': array([-1.68140122e+03,  7.76937593e-02]), 'n_active': 2, 'beta1_train': -2546.8316887366104, 'beta0_train': -4084.7999999999997, 'beta1_val': -2650.9930877352094, 'beta0_val': -4084.7999999999997, 'selected_score': -4084.7999999999997, 'evaluations': 95, 'seconds': 0.05899050000880379, 'method': 'differential_evolution_v2', 'accepted_search': True, 'solver_message': 'Maximum number of iterations has been exceeded.'}, {'theta': array([-1.47172619e+03, -1.09935935e+00, -6.84544953e+03,  8.91587538e-01]), 'n_active': 4, 'beta1_train': -2128.0165817723105, 'beta0_train': -2358.6309886027575, 'beta1_val': -2448.189756635218, 'beta0_val': -2448.189756635218, 'selected_score': -2358.6309886027575, 'evaluations': 185, 'seconds': 0.13645820000965614, 'method': 'differential_evolution_v2', 'accepted_search': True, 'solver_message': 'Maximum number of iterations has been exceeded.'}]",42,"[{'update_slot': 60, 'hour': 10, 'info': 'both', 'lp_status': 'optimal', 'lp_message': '', 'fallback': False}]",1980.5423415774583,6097.340824825409,0.22273990002577193,0.371740000002319
"[{'theta': array([-4136.71911134]), 'n_active': 1, 'beta1_train': -3988.3458631577782, 'beta0_train': -4001.973631754291, 'beta1_val': -4003.2, 'beta0_val': -4003.2, 'selected_score': -4001.973631754291, 'evaluations': 20, 'seconds': 0.029351200006203726, 'method': 'differential_evolution_v2', 'accepted_search': True, 'solver_message': 'Optimization terminated successfully.'}, {'theta': array([-1.79796675e+03,  1.79700515e+00]), 'n_active': 2, 'beta1_train': 1194.6265812536938, 'beta0_train': -2546.558018807857, 'beta1_val': 692.4081259796649, 'beta0_val': -2614.501390635728, 'selected_score': -2546.558018807857, 'evaluations': 45, 'seconds': 0.0333117999980459, 'method': 'differential_evolution_v2', 'accepted_search': True, 'solver_message': 'Optimization terminated successfully.'}, {'theta': array([-6.53532176e+03,  1.32981238e+00, -4.66410897e+03, -2.65931630e-02]), 'n_active': 4, 'beta1_train': -307.02560446767404, 'beta0_train': -679.8373421858387, 'beta1_val': -417.2325997042377, 'beta0_val': -643.9384938097777, 'selected_score': -679.8373421858387, 'evaluations': 185, 'seconds': 0.12717049999628216, 'method': 'differential_evolution_v2', 'accepted_search': True, 'solver_message': 'Maximum number of iterations has been exceeded.'}]",42,"[{'update_slot': 60, 'hour': 10, 'info': 'both', 'lp_status': 'optimal', 'lp_message': '', 'fallback': False}]",6097.340824825409,1956.8253100630586,0.18983350000053179,0.3324237000051653
"[{'theta': array([-2088.36770113]), 'n_active': 1, 'beta1_train': -4080.968576081276, 'beta0_train': -4095.16361591902, 'beta1_val': -4104.7914657448555, 'beta0_val': -4104.7914657448555, 'selected_score': -4095.16361591902, 'evaluations': 50, 'seconds': 0.05362259999674279, 'method': 'differential_evolution_v2', 'accepted_search': True, 'solver_message': 'Maximum number of iterations has been exceeded.'}, {'theta': array([-8.35196609e+03,  9.03978039e-01]), 'n_active': 2, 'beta1_train': 577.9002154940968, 'beta0_train': -3062.8788937924446, 'beta1_val': 429.92564642969137, 'beta0_val': -2718.292331348641, 'selected_score': -3062.8788937924446, 'evaluations': 35, 'seconds': 0.029312499988009222, 'method': 'differential_evolution_v2', 'accepted_search': True, 'solver_message': 'Optimization terminated successfully.'}, {'theta': array([-4.75618173e+03,  1.08185401e+00, -5.71581631e+03, -3.29824573e-01]), 'n_active': 4, 'beta1_train': -810.5728107138455, 'beta0_train': -1041.560791842251, 'beta1_val': 1405.601216347466, 'beta0_val': -1015.7316368182135, 'selected_score': -1041.560791842251, 'evaluations': 185, 'seconds': 0.12681489999522455, 'method': 'differential_evolution_v2', 'accepted_search': True, 'solver_message': 'Maximum number of iterations has been exceeded.'}]",42,"[{'update_slot': 60, 'hour': 10, 'info': 'both', 'lp_status': 'optimal', 'lp_message': '', 'fallback': False}]",1956.8253100630586,2705.600834834791,0.20974999997997656,0.3575890000065556
"[{'theta': array([-8920.20071179]), 'n_active': 1, 'beta1_train': -4223.203597401932, 'beta0_train': -4330.073808550949, 'beta1_val': -4240.900791316808, 'beta0_val': -4275.048150113104, 'selected_score': -4330.073808550949, 'evaluations': 20, 'seconds': 0.027323099988279864, 'method': 'differential_evolution_v2', 'accepted_search': True, 'solver_message': 'Optimization terminated successfully.'}, {'theta': array([-7.42138419e+03,  7.55840844e-01]), 'n_active': 2, 'beta1_train': 606.1506587305595, 'beta0_train': -2701.3922256648048, 'beta1_val': -129.2553084471997, 'beta0_val': -2809.046508130603, 'selected_score': -2701.3922256648048, 'evaluations': 45, 'seconds': 0.03360140000586398, 'method': 'differential_evolution_v2', 'accepted_search': True, 'solver_message': 'Optimization terminated successfully.'}, {'theta': array([-3.84769985e+03,  1.36544660e+00, -8.17879585e+03, -3.01058000e-01]), 'n_active': 4, 'beta1_train': -409.7228154882158, 'beta0_train': -754.1092675554991, 'beta1_val': 630.1795089472023, 'beta0_val': -781.7861529140182, 'selected_score': -754.1092675554991, 'evaluations': 145, 'seconds': 0.10655109999061096, 'method': 'differential_evolution_v2', 'accepted_search': True, 'solver_message': 'Optimization terminated successfully.'}]",42,"[{'update_slot': 60, 'hour': 10, 'info': 'both', 'lp_status': 'optimal', 'lp_message': '', 'fallback': False}]",2705.600834834791,2038.255205547621,0.1674755999847548,0.30814269999973476
"[{'theta': array([-1712.27496272]), 'n_active': 1, 'beta1_train': -4068.364109275193, 'beta0_train': -4084.8246740070767, 'beta1_val': -4086.0000000000005, 'beta0_val': -4086.0000000000005, 'selected_score': -4084.8246740070767, 'evaluations': 15, 'seconds': 0.0231569000025047, 'method': 'differential_evolution_v2', 'accepted_search': True, 'solver_message': 'Optimization terminated successfully.'}, {'theta': array([-8.39140523e+03,  1.56632775e+00]), 'n_active': 2, 'beta1_train': 812.646273580606, 'beta0_train': -2623.592486001449, 'beta1_val': -16.937601796882973, 'beta0_val': -3054.950175153867, 'selected_score': -2623.592486001449, 'evaluations': 55, 'seconds': 0.03913079999620095, 'method': 'differential_evolution_v2', 'accepted_search': True, 'solver_message': 'Optimization terminated successfully.'}, {'theta': array([-7.65456260e+03, -9.41118995e-01, -2.00277234e+03, -1.06402510e+00]), 'n_active': 4, 'beta1_train': -490.3098334189629, 'beta0_train': -703.8331930686185, 'beta1_val': -596.2748645327293, 'beta0_val': -746.6262932692931, 'selected_score': -703.8331930686185, 'evaluations': 185, 'seconds': 0.1274109999940265, 'method': 'differential_evolution_v2', 'accepted_search': True, 'solver_message': 'Maximum number of iterations has been exceeded.'}]",42,"[{'update_slot': 60, 'hour': 10, 'info': 'both', 'lp_status': 'optimal', 'lp_message': '', 'fallback': False}]",2038.255205547621,1771.266873645452,0.18969869999273214,0.33026499999687076
"[{'theta': array([-3127.73833564]), 'n_active': 1, 'beta1_train': -1505.4244952948216, 'beta0_train': -1522.4015939918702, 'beta1_val': -1522.8000000000002, 'beta0_val': -1522.8000000000002, 'selected_score': -1522.4015939918702, 'evaluations': 25, 'seconds': 0.03148049999435898, 'method': 'differential_evolution_v2', 'accepted_search': True, 'solver_message': 'Optimization terminated successfully.'}, {'theta': array([-5.24371577e+03,  1.05634935e+00]), 'n_active': 2, 'beta1_train': 2336.4418210059594, 'beta0_train': -946.9400648754697, 'beta1_val': 2356.2442318277544, 'beta0_val': -1061.9211260683471, 'selected_score': -946.9400648754697, 'evaluations': 95, 'seconds': 0.058675100008258596, 'method': 'differential_evolution_v2', 'accepted_search': True, 'solver_message': 'Maximum number of iterations has been exceeded.'}, {'theta': array([-2.90687562e+03,  1.06220538e+00, -7.49676205e+03,  9.37647076e-01]), 'n_active': 4, 'beta1_train': 64.28192425590007, 'beta0_train': -255.67055477189908, 'beta1_val': 259.8274970645284, 'beta0_val': -235.77596017854228, 'selected_score': -255.67055477189908, 'evaluations': 185, 'seconds': 0.12562789999356028, 'method': 'differential_evolution_v2', 'accepted_search': True, 'solver_message': 'Maximum number of iterations has been exceeded.'}]",42,"[{'update_slot': 60, 'hour': 10, 'info': 'both', 'lp_status': 'optimal', 'lp_message': '', 'fallback': False}]",1771.266873645452,1782.735861228065,0.21578349999617785,0.3620690000097966
"[{'theta': array([-7158.10280939]), 'n_active': 1, 'beta1_train': -455.56389796330836, 'beta0_train': -459.31968325815444, 'beta1_val': -427.1641972823847, 'beta0_val': -427.1641972823847, 'selected_score': -459.31968325815444, 'evaluations': 20, 'seconds': 0.026562999992165715, 'method': 'differential_evolution_v2', 'accepted_search': True, 'solver_message': 'Optimization terminated successfully.'}, {'theta': array([-5.86623880e+03, -1.67630417e+00]), 'n_active': 2, 'beta1_train': 379.6663397318761, 'beta0_train': -1095.6000000000001, 'beta1_val': 235.0104490952117, 'beta0_val': -1095.6000000000001, 'selected_score': -1095.6000000000001, 'evaluations': 35, 'seconds': 0.031214899994665757, 'method': 'differential_evolution_v2', 'accepted_search': True, 'solver_message': 'Optimization terminated successfully.'}, {'theta': array([-3.47804382e+03, -1.49351460e+00, -7.15572548e+03,  8.06018437e-01]), 'n_active': 4, 'beta1_train': 20.043085948560783, 'beta0_train': -186.50252631396262, 'beta1_val': -177.8820184787852, 'beta0_val': -185.86903314029078, 'selected_score': -186.50252631396262, 'evaluations': 185, 'seconds': 0.12921890000870917, 'method': 'differential_evolution_v2', 'accepted_search': True, 'solver_message': 'Maximum number of iterations has been exceeded.'}]",42,"[{'update_slot': 60, 'hour': 10, 'info': 'both', 'lp_status': 'optimal', 'lp_message': '', 'fallback': False}]",1782.735861228065,1820.2112952784432,0.18699679999554064,0.3281903000024613
"[{'theta': array([-8736.75365176]), 'n_active': 1, 'beta1_train': -1611.4076768157274, 'beta0_train': -1613.5964662641445, 'beta1_val': -1537.8406551331293, 'beta0_val': -1537.8406551331293, 'selected_score': -1613.5964662641445, 'evaluations': 15, 'seconds': 0.022725199989508837, 'method': 'differential_evolution_v2', 'accepted_search': True, 'solver_message': 'Optimization terminated successfully.'}, {'theta': array([-6.79737916e+03, -1.53175253e-01]), 'n_active': 2, 'beta1_train': -2857.074525821299, 'beta0_train': -4165.200000000001, 'beta1_val': -2782.6187045725155, 'beta0_val': -4165.2, 'selected_score': -4165.200000000001, 'evaluations': 95, 'seconds': 0.05666370000108145, 'method': 'differential_evolution_v2', 'accepted_search': True, 'solver_message': 'Maximum number of iterations has been exceeded.'}, {'theta': array([-6.77739788e+02,  8.11280177e-01, -8.54609447e+03, -1.55415218e-01]), 'n_active': 4, 'beta1_train': -4032.215964552643, 'beta0_train': -4117.9106844418375, 'beta1_val': -4114.352702452828, 'beta0_val': -4114.352702452828, 'selected_score': -4117.9106844418375, 'evaluations': 185, 'seconds': 0.12914629999431781, 'method': 'differential_evolution_v2', 'accepted_search': True, 'solver_message': 'Maximum number of iterations has been exceeded.'}]",42,"[{'update_slot': 60, 'hour': 10, 'info': 'both', 'lp_status': 'optimal', 'lp_message': '', 'fallback': False}]",1820.2112952784432,10561.291743698426,0.2085351999849081,0.3547015000076499
"[{'theta': array([-1538.84588899]), 'n_active': 1, 'beta1_train': -3132.1909532525738, 'beta0_train': -4156.066897056219, 'beta1_val': -3187.1398178077197, 'beta0_val': -4157.881374697324, 'selected_score': -4156.066897056219, 'evaluations': 20, 'seconds': 0.03005519999715034, 'method': 'differential_evolution_v2', 'accepted_search': True, 'solver_message': 'Optimization terminated successfully.'}, {'theta': array([-3.02486158e+03,  1.25607167e+00]), 'n_active': 2, 'beta1_train': 992.5717848227418, 'beta0_train': -2483.479944678602, 'beta1_val': 958.8995265601247, 'beta0_val': -2418.8962401884737, 'selected_score': -2483.479944678602, 'evaluations': 35, 'seconds': 0.030247699993196875, 'method': 'differential_evolution_v2', 'accepted_search': True, 'solver_message': 'Optimization terminated successfully.'}, {'theta': array([-8.19956706e+03,  7.37610003e-02, -4.22891138e+03, -2.35054057e-01]), 'n_active': 4, 'beta1_train': -285.21058097608966, 'beta0_train': -764.7821494521413, 'beta1_val': 1540.4453701760126, 'beta0_val': 644.3201565487893, 'selected_score': -764.7821494521413, 'evaluations': 185, 'seconds': 0.127263899994432, 'method': 'differential_evolution_v2', 'accepted_search': True, 'solver_message': 'Maximum number of iterations has been exceeded.'}]",42,"[{'update_slot': 60, 'hour': 10, 'info': 'both', 'lp_status': 'optimal', 'lp_message': '', 'fallback': False}]",10561.291743698426,2015.9657140456718,0.1875667999847792,0.34166049999475945
"[{'theta': array([-4347.32173779]), 'n_active': 1, 'beta1_train': -3938.145782410744, 'beta0_train': -3964.5776028041473, 'beta1_val': -3946.871208185185, 'beta0_val': -3957.863343185185, 'selected_score': -3964.5776028041473, 'evaluations': 20, 'seconds': 0.02640129999781493, 'method': 'differential_evolution_v2', 'accepted_search': True, 'solver_message': 'Optimization terminated successfully.'}, {'theta': array([-2.00776827e+03, -1.94872295e-01]), 'n_active': 2, 'beta1_train': -322.32002604898724, 'beta0_train': -3559.935465015016, 'beta1_val': -1091.035838710406, 'beta0_val': -3749.2305538747905, 'selected_score': -3559.935465015016, 'evaluations': 95, 'seconds': 0.05619839999417309, 'method': 'differential_evolution_v2', 'accepted_search': True, 'solver_message': 'Maximum number of iterations has been exceeded.'}, {'theta': array([-3.31835812e+02, -3.07950825e-01, -6.74271533e+03,  1.81834401e+00]), 'n_active': 4, 'beta1_train': -513.8084382903855, 'beta0_train': -933.4848427766678, 'beta1_val': -994.1241839964079, 'beta0_val': -994.1241839964079, 'selected_score': -942.5663952016837, 'evaluations': 185, 'seconds': 0.126504500003648, 'method': 'differential_evolution_v2', 'accepted_search': True, 'solver_message': 'Maximum number of iterations has been exceeded.'}]",42,"[{'update_slot': 60, 'hour': 10, 'info': 'both', 'lp_status': 'optimal', 'lp_message': '', 'fallback': False}]",2015.9657140456718,2375.2106343594455,0.209104199995636,0.3534992000058992
"[{'theta': array([-3595.70293677]), 'n_active': 1, 'beta1_train': -4291.141043768069, 'beta0_train': -4377.573986734894, 'beta1_val': -4267.871823661484, 'beta0_val': -4313.634128019299, 'selected_score': -4377.573986734894, 'evaluations': 35, 'seconds': 0.04261019999103155, 'method': 'differential_evolution_v2', 'accepted_search': True, 'solver_message': 'Optimization terminated successfully.'}, {'theta': array([-8.56267802e+03,  4.09296287e-01]), 'n_active': 2, 'beta1_train': 801.9233892768658, 'beta0_train': -2559.8703804286, 'beta1_val': 1887.0518385180253, 'beta0_val': -2315.1854896310747, 'selected_score': -2559.8703804286, 'evaluations': 95, 'seconds': 0.05944840000302065, 'method': 'differential_evolution_v2', 'accepted_search': True, 'solver_message': 'Maximum number of iterations has been exceeded.'}, {'theta': array([-3.81684239e+03,  2.29817587e-01, -9.54636394e+03,  1.03413492e+00]), 'n_active': 4, 'beta1_train': -691.9581642682349, 'beta0_train': -1040.39660531392, 'beta1_val': -931.8581915958785, 'beta0_val': -1002.957739822277, 'selected_score': -1040.39660531392, 'evaluations': 185, 'seconds': 0.1256376000092132, 'method': 'differential_evolution_v2', 'accepted_search': True, 'solver_message': 'Maximum number of iterations has been exceeded.'}]",42,"[{'update_slot': 60, 'hour': 10, 'info': 'both', 'lp_status': 'optimal', 'lp_message': '', 'fallback': False}]",2375.2106343594455,2310.551406934254,0.2276962000032654,0.36591509998834226
"[{'theta': array([-3658.41892273]), 'n_active': 1, 'beta1_train': -4251.632136854155, 'beta0_train': -4341.1306788477605, 'beta1_val': -4402.8, 'beta0_val': -4402.8, 'selected_score': -4341.1306788477605, 'evaluations': 20, 'seconds': 0.02767429999948945, 'method': 'differential_evolution_v2', 'accepted_search': True, 'solver_message': 'Optimization terminated successfully.'}, {'theta': array([-6.70032125e+03,  7.26176845e-01]), 'n_active': 2, 'beta1_train': 795.0399138218594, 'beta0_train': -2610.2989701249676, 'beta1_val': 1065.5632058685387, 'beta0_val': -2704.8105328041024, 'selected_score': -2610.2989701249676, 'evaluations': 55, 'seconds': 0.03771829999459442, 'method': 'differential_evolution_v2', 'accepted_search': True, 'solver_message': 'Optimization terminated successfully.'}, {'theta': array([-5.81280941e+03, -8.43311896e-01, -2.19445534e+03, -7.31046322e-01]), 'n_active': 4, 'beta1_train': -820.1694743636, 'beta0_train': -1063.8529867198931, 'beta1_val': -568.3418328147266, 'beta0_val': -969.1996320217987, 'selected_score': -1063.8529867198931, 'evaluations': 185, 'seconds': 0.1267228999931831, 'method': 'differential_evolution_v2', 'accepted_search': True, 'solver_message': 'Maximum number of iterations has been exceeded.'}]",42,"[{'update_slot': 60, 'hour': 10, 'info': 'both', 'lp_status': 'optimal', 'lp_message': '', 'fallback': False}]",2310.551406934254,2471.9473404001724,0.19211549998726696,0.3407108999963384
"[{'theta': array([-3182.40943801]), 'n_active': 1, 'beta1_train': -1056.2272388614224, 'beta0_train': -1085.6649773660042, 'beta1_val': -1086.0, 'beta0_val': -1086.0, 'selected_score': -1085.6649773660042, 'evaluations': 20, 'seconds': 0.025054500001715496, 'method': 'differential_evolution_v2', 'accepted_search': True, 'solver_message': 'Optimization terminated successfully.'}, {'theta': array([-4.62607981e+03,  1.07760122e-01]), 'n_active': 2, 'beta1_train': 2790.4248615660254, 'beta0_train': -705.4171766600066, 'beta1_val': 2546.231254834548, 'beta0_val': -688.3474804335032, 'selected_score': -705.4171766600066, 'evaluations': 55, 'seconds': 0.038763999997172505, 'method': 'differential_evolution_v2', 'accepted_search': True, 'solver_message': 'Optimization terminated successfully.'}, {'theta': array([-6.52148397e+03,  1.36674981e+00, -3.12688402e+03, -3.07480830e-01]), 'n_active': 4, 'beta1_train': 97.6540110212838, 'beta0_train': -186.90391905074026, 'beta1_val': 100.05774560768705, 'beta0_val': -174.73468606939804, 'selected_score': -186.90391905074026, 'evaluations': 185, 'seconds': 0.12488719999964815, 'method': 'differential_evolution_v2', 'accepted_search': True, 'solver_message': 'Maximum number of iterations has been exceeded.'}]",42,"[{'update_slot': 60, 'hour': 10, 'info': 'both', 'lp_status': 'optimal', 'lp_message': '', 'fallback': False}]",2471.9473404001724,1902.1741076344072,0.18870569999853615,0.384002299993881
"[{'theta': array([-9126.93285638]), 'n_active': 1, 'beta1_train': -607.6865859205261, 'beta0_train': -611.3786500665343, 'beta1_val': -595.9714323927083, 'beta0_val': -595.9714323927083, 'selected_score': -611.3786500665343, 'evaluations': 25, 'seconds': 0.03163640000275336, 'method': 'differential_evolution_v2', 'accepted_search': True, 'solver_message': 'Optimization terminated successfully.'}, {'theta': array([-3.70065184e+03, -9.17369377e-01]), 'n_active': 2, 'beta1_train': -573.743148089204, 'beta0_train': -1778.3999999999999, 'beta1_val': -186.3225084289336, 'beta0_val': -1778.3999999999999, 'selected_score': -1778.3999999999999, 'evaluations': 95, 'seconds': 0.05462140000599902, 'method': 'differential_evolution_v2', 'accepted_search': True, 'solver_message': 'Maximum number of iterations has been exceeded.'}, {'theta': array([-2.33582519e+02,  1.65658949e-01, -2.42756102e+03,  6.58100793e-01]), 'n_active': 4, 'beta1_train': -160.6765742748265, 'beta0_train': -312.9296029435261, 'beta1_val': 21.305759141592944, 'beta0_val': -314.44977809733183, 'selected_score': -312.9296029435261, 'evaluations': 185, 'seconds': 0.1260824000055436, 'method': 'differential_evolution_v2', 'accepted_search': True, 'solver_message': 'Maximum number of iterations has been exceeded.'}]",42,"[{'update_slot': 60, 'hour': 10, 'info': 'both', 'lp_status': 'optimal', 'lp_message': '', 'fallback': False}]",1902.1741076344072,1522.4001301311753,0.212340200014296,0.3514196999894921
"[{'theta': array([-2558.24245757]), 'n_active': 1, 'beta1_train': -1534.08442831029, 'beta0_train': -1538.8914359124574, 'beta1_val': -1407.338284023849, 'beta0_val': -1407.338284023849, 'selected_score': -1538.8914359124574, 'evaluations': 15, 'seconds': 0.02415110000583809, 'method': 'differential_evolution_v2', 'accepted_search': True, 'solver_message': 'Optimization terminated successfully.'}, {'theta': array([-4.74051699e+03,  8.82345146e-01]), 'n_active': 2, 'beta1_train': -3070.5792454072307, 'beta0_train': -4294.799999999999, 'beta1_val': -2525.0294890331024, 'beta0_val': -4294.8, 'selected_score': -4294.799999999999, 'evaluations': 95, 'seconds': 0.06006780000461731, 'method': 'differential_evolution_v2', 'accepted_search': True, 'solver_message': 'Maximum number of iterations has been exceeded.'}, {'theta': array([-7.66649755e+03, -1.25041289e-01, -2.59441589e+03, -1.83242624e-01]), 'n_active': 4, 'beta1_train': -3577.3163919230483, 'beta0_train': -3686.6417189753047, 'beta1_val': -3036.792642289412, 'beta0_val': -3660.790118662746, 'selected_score': -3686.6417189753047, 'evaluations': 105, 'seconds': 0.0804338000016287, 'method': 'differential_evolution_v2', 'accepted_search': True, 'solver_message': 'Optimization terminated successfully.'}]",42,"[{'update_slot': 60, 'hour': 10, 'info': 'both', 'lp_status': 'optimal', 'lp_message': '', 'fallback': False}]",1522.4001301311753,9457.414774174917,0.1646527000120841,0.30258540000068024
"[{'theta': array([-7249.69536862]), 'n_active': 1, 'beta1_train': -4237.308113295289, 'beta0_train': -4318.146010706332, 'beta1_val': -4295.3196250441915, 'beta0_val': -4306.435580400217, 'selected_score': -4318.146010706332, 'evaluations': 20, 'seconds': 0.028028000000631437, 'method': 'differential_evolution_v2', 'accepted_search': True, 'solver_message': 'Optimization terminated successfully.'}, {'theta': array([-6.39662671e+03,  1.70970644e+00]), 'n_active': 2, 'beta1_train': 311.6673831759592, 'beta0_train': -2841.3243562247294, 'beta1_val': -392.0212887399275, 'beta0_val': -2998.609182865602, 'selected_score': -2841.3243562247294, 'evaluations': 35, 'seconds': 0.02878140000393614, 'method': 'differential_evolution_v2', 'accepted_search': True, 'solver_message': 'Optimization terminated successfully.'}, {'theta': array([-3.81981901e+02,  5.62498385e-01, -6.95737339e+03,  1.14497797e+00]), 'n_active': 4, 'beta1_train': -524.0351548713087, 'beta0_train': -752.9419371998309, 'beta1_val': -449.1451202220357, 'beta0_val': -848.9398889205888, 'selected_score': -758.3876074204908, 'evaluations': 185, 'seconds': 0.1269235999934608, 'method': 'differential_evolution_v2', 'accepted_search': True, 'solver_message': 'Maximum number of iterations has been exceeded.'}]",42,"[{'update_slot': 60, 'hour': 10, 'info': 'both', 'lp_status': 'optimal', 'lp_message': '', 'fallback': False}]",9457.414774174917,1909.0476817581093,0.1837329999980284,0.3268917999957921
"[{'theta': array([-8696.43995541]), 'n_active': 1, 'beta1_train': -3875.8469962902777, 'beta0_train': -3893.9264146486003, 'beta1_val': -3895.2, 'beta0_val': -3895.2, 'selected_score': -3893.9264146486003, 'evaluations': 50, 'seconds': 0.0524299999960931, 'method': 'differential_evolution_v2', 'accepted_search': True, 'solver_message': 'Maximum number of iterations has been exceeded.'}, {'theta': array([-5.28463018e+03,  1.02952481e+00]), 'n_active': 2, 'beta1_train': 466.7818298163291, 'beta0_train': -2641.951610349803, 'beta1_val': 449.88041778193474, 'beta0_val': -2513.342465639931, 'selected_score': -2641.951610349803, 'evaluations': 35, 'seconds': 0.02966970000125002, 'method': 'differential_evolution_v2', 'accepted_search': True, 'solver_message': 'Optimization terminated successfully.'}, {'theta': array([-8.05127402e+03,  4.30739178e-01, -2.98349938e+03,  2.84748875e-01]), 'n_active': 4, 'beta1_train': -454.68429108116453, 'beta0_train': -648.7336544718573, 'beta1_val': -454.7774296331464, 'beta0_val': -690.6751874692268, 'selected_score': -648.7336544718573, 'evaluations': 185, 'seconds': 0.1292385000124341, 'method': 'differential_evolution_v2', 'accepted_search': True, 'solver_message': 'Maximum number of iterations has been exceeded.'}]",42,"[{'update_slot': 60, 'hour': 10, 'info': 'both', 'lp_status': 'optimal', 'lp_message': '', 'fallback': False}]",1909.0476817581093,1765.0717093838198,0.2113382000097772,0.35193690001324285
"[{'theta': array([-2080.20144565]), 'n_active': 1, 'beta1_train': -3996.9387136602572, 'beta0_train': -4001.0268583423863, 'beta1_val': -3909.268755858041, 'beta0_val': -3909.268755858041, 'selected_score': -4001.0268583423863, 'evaluations': 50, 'seconds': 0.051260599997476675, 'method': 'differential_evolution_v2', 'accepted_search': True, 'solver_message': 'Maximum number of iterations has been exceeded.'}, {'theta': array([-1.55499078e+03,  3.98502529e-02]), 'n_active': 2, 'beta1_train': -324.295940999197, 'beta0_train': -3518.1759097716854, 'beta1_val': -207.8104274418215, 'beta0_val': -3340.640416739865, 'selected_score': -3518.1759097716854, 'evaluations': 95, 'seconds': 0.05625020001025405, 'method': 'differential_evolution_v2', 'accepted_search': True, 'solver_message': 'Maximum number of iterations has been exceeded.'}, {'theta': array([0., 0., 0., 0.]), 'n_active': 4, 'beta1_train': -1110.2380511157835, 'beta0_train': -1371.5727186955182, 'beta1_val': 328.9304640095945, 'beta0_val': 1223.699733135733, 'selected_score': -1110.2380511157835, 'evaluations': 185, 'seconds': 0.1258492000051774, 'method': 'differential_evolution_v2', 'accepted_search': False, 'solver_message': 'Maximum number of iterations has been exceeded.'}]",42,"[{'update_slot': 60, 'hour': 10, 'info': 'both', 'lp_status': 'optimal', 'lp_message': '', 'fallback': False}]",1765.0717093838198,3523.472176833287,0.23336000001290813,0.37712539998756256
"[{'theta': array([-4307.93228971]), 'n_active': 1, 'beta1_train': -3996.470981071232, 'beta0_train': -4008.2933167171536, 'beta1_val': -4009.2000000000003, 'beta0_val': -4009.2000000000003, 'selected_score': -4008.2933167171536, 'evaluations': 50, 'seconds': 0.05343650000577327, 'method': 'differential_evolution_v2', 'accepted_search': True, 'solver_message': 'Maximum number of iterations has been exceeded.'}, {'theta': array([-4.28262468e+03,  1.62544682e+00]), 'n_active': 2, 'beta1_train': 454.3775842601543, 'beta0_train': -2802.4070563735627, 'beta1_val': -390.35284401743775, 'beta0_val': -3052.335562675381, 'selected_score': -2802.4070563735627, 'evaluations': 45, 'seconds': 0.035231100002420135, 'method': 'differential_evolution_v2', 'accepted_search': True, 'solver_message': 'Optimization terminated successfully.'}, {'theta': array([-4.14897917e+02,  1.46986448e+00, -1.38932881e+03,  1.01736763e+00]), 'n_active': 4, 'beta1_train': -303.010570838529, 'beta0_train': -624.8430390248827, 'beta1_val': -342.3191974548074, 'beta0_val': -746.4974400918904, 'selected_score': -631.3960848805831, 'evaluations': 185, 'seconds': 0.12712139998620842, 'method': 'differential_evolution_v2', 'accepted_search': True, 'solver_message': 'Maximum number of iterations has been exceeded.'}]",42,"[{'update_slot': 60, 'hour': 10, 'info': 'both', 'lp_status': 'optimal', 'lp_message': '', 'fallback': False}]",3523.472176833287,1963.003778104977,0.21578899999440182,0.3603891999955522
"[{'theta': array([-7199.88586745]), 'n_active': 1, 'beta1_train': -1038.7974017421427, 'beta0_train': -1048.4553572299335, 'beta1_val': -933.2946585504857, 'beta0_val': -1022.5072645797925, 'selected_score': -1048.4553572299335, 'evaluations': 25, 'seconds': 0.031553699998767115, 'method': 'differential_evolution_v2', 'accepted_search': True, 'solver_message': 'Optimization terminated successfully.'}, {'theta': array([-2.09272972e+03,  4.36786580e-01]), 'n_active': 2, 'beta1_train': 2445.835825117456, 'beta0_train': -575.7131974237675, 'beta1_val': 2447.112643637173, 'beta0_val': 439.53891444937165, 'selected_score': -575.7131974237675, 'evaluations': 35, 'seconds': 0.027440200006822124, 'method': 'differential_evolution_v2', 'accepted_search': True, 'solver_message': 'Optimization terminated successfully.'}, {'theta': array([-777.80352855,    1.7024031 , -542.98660329,    1.3088896 ]), 'n_active': 4, 'beta1_train': -76.71166833311862, 'beta0_train': -230.43530228878635, 'beta1_val': -229.47556134510643, 'beta0_val': -229.47556134510643, 'selected_score': -230.43530228878635, 'evaluations': 105, 'seconds': 0.0812926999933552, 'method': 'differential_evolution_v2', 'accepted_search': True, 'solver_message': 'Optimization terminated successfully.'}]",42,"[{'update_slot': 60, 'hour': 10, 'info': 'both', 'lp_status': 'optimal', 'lp_message': '', 'fallback': False}]",1963.003778104977,1951.8849922709621,0.14028659999894444,0.28073899999435525
"[{'theta': array([-8905.88965249]), 'n_active': 1, 'beta1_train': -864.0164357995463, 'beta0_train': -869.4700926864458, 'beta1_val': -844.3730634404344, 'beta0_val': -844.3730634404344, 'selected_score': -869.4700926864458, 'evaluations': 15, 'seconds': 0.024343400000361726, 'method': 'differential_evolution_v2', 'accepted_search': True, 'solver_message': 'Optimization terminated successfully.'}, {'theta': array([-1.82717526e+03,  5.33209032e-01]), 'n_active': 2, 'beta1_train': -1183.196030213375, 'beta0_train': -2567.9999999999995, 'beta1_val': -1312.9976128893074, 'beta0_val': -2567.9999999999995, 'selected_score': -2567.9999999999995, 'evaluations': 35, 'seconds': 0.02886370000487659, 'method': 'differential_evolution_v2', 'accepted_search': True, 'solver_message': 'Optimization terminated successfully.'}, {'theta': array([-4.72277357e+03,  3.88504386e-01, -2.86365498e+02,  7.95964334e-02]), 'n_active': 4, 'beta1_train': -312.16121999860184, 'beta0_train': -447.58810518991027, 'beta1_val': -448.18295716704716, 'beta0_val': -470.34298732900334, 'selected_score': -447.58810518991027, 'evaluations': 185, 'seconds': 0.12731080000230577, 'method': 'differential_evolution_v2', 'accepted_search': True, 'solver_message': 'Maximum number of iterations has been exceeded.'}]",42,"[{'update_slot': 60, 'hour': 10, 'info': 'both', 'lp_status': 'optimal', 'lp_message': '', 'fallback': False}]",1951.8849922709621,2217.694752626186,0.18051790000754409,0.32608099999197293
"[{'theta': array([-1834.50865506]), 'n_active': 1, 'beta1_train': -1377.56850035586, 'beta0_train': -1386.370704226145, 'beta1_val': -1336.972769301724, 'beta0_val': -1336.972769301724, 'selected_score': -1386.370704226145, 'evaluations': 20, 'seconds': 0.025636399994255044, 'method': 'differential_evolution_v2', 'accepted_search': True, 'solver_message': 'Optimization terminated successfully.'}, {'theta': array([-7.06975789e+03, -1.56844527e+00]), 'n_active': 2, 'beta1_train': -3051.9161994791557, 'beta0_train': -4189.91714371371, 'beta1_val': -3560.241585332178, 'beta0_val': -4191.599999999999, 'selected_score': -4189.91714371371, 'evaluations': 35, 'seconds': 0.03185479999228846, 'method': 'differential_evolution_v2', 'accepted_search': True, 'solver_message': 'Optimization terminated successfully.'}, {'theta': array([-3.20284223e+03, -1.73651827e+00, -4.76565478e+03,  1.09986297e+00]), 'n_active': 4, 'beta1_train': -2320.372794365499, 'beta0_train': -2465.939499162364, 'beta1_val': -2508.1001580593775, 'beta0_val': -2535.682616454642, 'selected_score': -2465.939499162364, 'evaluations': 125, 'seconds': 0.09197439999843482, 'method': 'differential_evolution_v2', 'accepted_search': True, 'solver_message': 'Optimization terminated successfully.'}]",42,"[{'update_slot': 60, 'hour': 10, 'info': 'both', 'lp_status': 'optimal', 'lp_message': '', 'fallback': False}]",2217.694752626186,6410.68601472762,0.14946559998497833,0.2943595999968238
"[{'theta': array([-3883.29714061]), 'n_active': 1, 'beta1_train': -2600.8606791688308, 'beta0_train': -3762.964506440673, 'beta1_val': -2444.929522121377, 'beta0_val': -3744.9871298203607, 'selected_score': -3762.964506440673, 'evaluations': 20, 'seconds': 0.026514500001212582, 'method': 'differential_evolution_v2', 'accepted_search': True, 'solver_message': 'Optimization terminated successfully.'}, {'theta': array([-7.43593485e+03, -7.84713455e-01]), 'n_active': 2, 'beta1_train': 478.82921723664964, 'beta0_train': -2557.4582979923107, 'beta1_val': -44.792319881473304, 'beta0_val': -2895.388971663733, 'selected_score': -2557.4582979923107, 'evaluations': 65, 'seconds': 0.04420840000966564, 'method': 'differential_evolution_v2', 'accepted_search': True, 'solver_message': 'Optimization terminated successfully.'}, {'theta': array([-3.95952738e+02,  1.40877901e+00, -9.03101456e+03,  1.93174067e+00]), 'n_active': 4, 'beta1_train': -492.98941590151816, 'beta0_train': -682.5126267318994, 'beta1_val': -720.2251304459068, 'beta0_val': -720.2251304459068, 'selected_score': -688.1770496096442, 'evaluations': 185, 'seconds': 0.13022279999859165, 'method': 'differential_evolution_v2', 'accepted_search': True, 'solver_message': 'Maximum number of iterations has been exceeded.'}]",42,"[{'update_slot': 60, 'hour': 10, 'info': 'both', 'lp_status': 'optimal', 'lp_message': '', 'fallback': False}]",6410.68601472762,2098.804057136603,0.20094570000946987,0.34556159999920055
"[{'theta': array([-628.35153096]), 'n_active': 1, 'beta1_train': -3905.0396331995853, 'beta0_train': -3929.1038595114424, 'beta1_val': -3923.4232158666664, 'beta0_val': -3930.0, 'selected_score': -3929.1038595114424, 'evaluations': 50, 'seconds': 0.05482479999773204, 'method': 'differential_evolution_v2', 'accepted_search': True, 'solver_message': 'Maximum number of iterations has been exceeded.'}, {'theta': array([-2.84283151e+03, -9.95785954e-01]), 'n_active': 2, 'beta1_train': -582.2293434197913, 'beta0_train': -3561.2789488181083, 'beta1_val': -206.21191304342346, 'beta0_val': -3484.477727521621, 'selected_score': -3561.2789488181083, 'evaluations': 95, 'seconds': 0.05924080000841059, 'method': 'differential_evolution_v2', 'accepted_search': True, 'solver_message': 'Maximum number of iterations has been exceeded.'}, {'theta': array([-7.60604997e+03,  1.62038035e-01, -2.65658772e+03,  1.67848404e+00]), 'n_active': 4, 'beta1_train': -489.31965813759365, 'beta0_train': -671.5549951836292, 'beta1_val': -739.1544214945221, 'beta0_val': -739.1544214945242, 'selected_score': -671.5549951836292, 'evaluations': 105, 'seconds': 0.08238709998840932, 'method': 'differential_evolution_v2', 'accepted_search': True, 'solver_message': 'Optimization terminated successfully.'}]",42,"[{'update_slot': 60, 'hour': 10, 'info': 'both', 'lp_status': 'optimal', 'lp_message': '', 'fallback': False}]",2098.804057136603,1660.4605309655954,0.19645269999455195,0.3394546000054106
"[{'theta': array([-2423.53978278]), 'n_active': 1, 'beta1_train': -4219.22516857806, 'beta0_train': -4225.558124014529, 'beta1_val': -4161.67300153835, 'beta0_val': -4161.67300153835, 'selected_score': -4225.558124014529, 'evaluations': 20, 'seconds': 0.027917100000195205, 'method': 'differential_evolution_v2', 'accepted_search': True, 'solver_message': 'Optimization terminated successfully.'}, {'theta': array([-3.97493800e+03,  2.09579398e-01]), 'n_active': 2, 'beta1_train': -215.9447605030952, 'beta0_train': -3038.6480393260335, 'beta1_val': 1884.8595137583302, 'beta0_val': -2346.2242076190173, 'selected_score': -3038.6480393260335, 'evaluations': 95, 'seconds': 0.059874699989450164, 'method': 'differential_evolution_v2', 'accepted_search': True, 'solver_message': 'Maximum number of iterations has been exceeded.'}, {'theta': array([-2.27847675e+02,  8.73403639e-02, -3.58789918e+02,  1.25525208e+00]), 'n_active': 4, 'beta1_train': -1039.2262095733565, 'beta0_train': -1341.9602961915505, 'beta1_val': -997.8817896728763, 'beta0_val': -1341.1551137947001, 'selected_score': -1342.385023222823, 'evaluations': 185, 'seconds': 0.1248535000049742, 'method': 'differential_evolution_v2', 'accepted_search': True, 'solver_message': 'Maximum number of iterations has been exceeded.'}]",42,"[{'update_slot': 60, 'hour': 10, 'info': 'both', 'lp_status': 'optimal', 'lp_message': '', 'fallback': False}]",1660.4605309655954,3377.8624066333214,0.21264529999461956,0.3617465999996057
"[{'theta': array([-330.1265751]), 'n_active': 1, 'beta1_train': -3758.2424627611763, 'beta0_train': -3761.532169059009, 'beta1_val': -3688.8659486674005, 'beta0_val': -3702.611413632525, 'selected_score': -3761.532169059009, 'evaluations': 20, 'seconds': 0.027667999995173886, 'method': 'differential_evolution_v2', 'accepted_search': True, 'solver_message': 'Optimization terminated successfully.'}, {'theta': array([-3.84659561e+03,  8.57901624e-01]), 'n_active': 2, 'beta1_train': 11.50044647575964, 'beta0_train': -2692.3015021884835, 'beta1_val': -461.00380825986485, 'beta0_val': -2788.3305976042825, 'selected_score': -2692.3015021884835, 'evaluations': 95, 'seconds': 0.05839099999866448, 'method': 'differential_evolution_v2', 'accepted_search': True, 'solver_message': 'Maximum number of iterations has been exceeded.'}, {'theta': array([-8.12642350e+02,  1.07514893e+00, -2.75897040e+02, -5.07516054e-01]), 'n_active': 4, 'beta1_train': -325.23256828824344, 'beta0_train': -623.8389031471154, 'beta1_val': 233.77838927452217, 'beta0_val': -691.1820228606337, 'selected_score': -627.2237726975711, 'evaluations': 185, 'seconds': 0.12007629999425262, 'method': 'differential_evolution_v2', 'accepted_search': True, 'solver_message': 'Maximum number of iterations has been exceeded.'}]",42,"[{'update_slot': 60, 'hour': 10, 'info': 'both', 'lp_status': 'optimal', 'lp_message': '', 'fallback': False}]",3377.8624066333214,2147.740354792215,0.206135299988091,0.34813449998910073
"[{'theta': array([-1246.58816833]), 'n_active': 1, 'beta1_train': -2166.128936428952, 'beta0_train': -2166.5507514723745, 'beta1_val': -2164.3119226990557, 'beta0_val': -2164.3119226990557, 'selected_score': -2166.5507514723745, 'evaluations': 20, 'seconds': 0.026075800007674843, 'method': 'differential_evolution_v2', 'accepted_search': True, 'solver_message': 'Optimization terminated successfully.'}, {'theta': array([-6.37040775e+03,  1.93615604e+00]), 'n_active': 2, 'beta1_train': 1101.4108578825999, 'beta0_train': -1848.8822035030344, 'beta1_val': 1024.572437559069, 'beta0_val': -1973.1489129274837, 'selected_score': -1848.8822035030344, 'evaluations': 95, 'seconds': 0.05886030000692699, 'method': 'differential_evolution_v2', 'accepted_search': True, 'solver_message': 'Maximum number of iterations has been exceeded.'}, {'theta': array([-7.51850516e+03,  3.84594503e-01, -7.14568876e+03, -5.30443720e-01]), 'n_active': 4, 'beta1_train': -83.05873001742411, 'beta0_train': -347.3439244873669, 'beta1_val': -292.64679456190686, 'beta0_val': -450.1400458679766, 'selected_score': -347.3439244873669, 'evaluations': 185, 'seconds': 0.1280037000105949, 'method': 'differential_evolution_v2', 'accepted_search': True, 'solver_message': 'Maximum number of iterations has been exceeded.'}]",42,"[{'update_slot': 60, 'hour': 10, 'info': 'both', 'lp_status': 'optimal', 'lp_message': '', 'fallback': False}]",2147.740354792215,1878.1962860407689,0.21293980002519675,0.3535769000009168
"[{'theta': array([-8342.59464453]), 'n_active': 1, 'beta1_train': -362.0929730311577, 'beta0_train': -364.0925889764706, 'beta1_val': -360.8791033805735, 'beta0_val': -360.8791033805735, 'selected_score': -364.0925889764706, 'evaluations': 20, 'seconds': 0.02738459999090992, 'method': 'differential_evolution_v2', 'accepted_search': True, 'solver_message': 'Optimization terminated successfully.'}, {'theta': array([-6.39609614e+03, -1.80683917e-01]), 'n_active': 2, 'beta1_train': -541.1275137372611, 'beta0_train': -1335.6, 'beta1_val': -216.8020049471072, 'beta0_val': -1335.6, 'selected_score': -1335.6, 'evaluations': 55, 'seconds': 0.03852740000002086, 'method': 'differential_evolution_v2', 'accepted_search': True, 'solver_message': 'Optimization terminated successfully.'}, {'theta': array([-2.35083498e+03, -4.56430449e-01, -1.71535409e+03,  1.88799130e+00]), 'n_active': 4, 'beta1_train': -115.06074464260524, 'beta0_train': -225.29548490135178, 'beta1_val': -165.59034134371615, 'beta0_val': -217.49012176189697, 'selected_score': -225.29548490135178, 'evaluations': 185, 'seconds': 0.12230050000653137, 'method': 'differential_evolution_v2', 'accepted_search': True, 'solver_message': 'Maximum number of iterations has been exceeded.'}]",42,"[{'update_slot': 60, 'hour': 10, 'info': 'both', 'lp_status': 'optimal', 'lp_message': '', 'fallback': False}]",1878.1962860407689,1447.9409049180044,0.18821249999746215,0.3282630000030622
"[{'theta': array([-2678.15666206]), 'n_active': 1, 'beta1_train': -1220.262904974287, 'beta0_train': -1222.5720867010248, 'beta1_val': -1316.3169930005945, 'beta0_val': -1316.3169930005945, 'selected_score': -1222.5720867010248, 'evaluations': 20, 'seconds': 0.027167299995198846, 'method': 'differential_evolution_v2', 'accepted_search': True, 'solver_message': 'Optimization terminated successfully.'}, {'theta': array([-4.97944001e+03, -1.41863051e-01]), 'n_active': 2, 'beta1_train': -3515.472036710156, 'beta0_train': -4341.6, 'beta1_val': -3246.3727584390645, 'beta0_val': -4341.6, 'selected_score': -4341.6, 'evaluations': 45, 'seconds': 0.0337736999936169, 'method': 'differential_evolution_v2', 'accepted_search': True, 'solver_message': 'Optimization terminated successfully.'}, {'theta': array([-5.57934271e+03,  1.29960897e+00, -5.71609613e+03, -1.10558826e+00]), 'n_active': 4, 'beta1_train': -3979.6688158119287, 'beta0_train': -4046.512842850717, 'beta1_val': -3952.0748665581905, 'beta0_val': -3952.0748665581905, 'selected_score': -4046.512842850717, 'evaluations': 165, 'seconds': 0.11144739999144804, 'method': 'differential_evolution_v2', 'accepted_search': True, 'solver_message': 'Optimization terminated successfully.'}]",42,"[{'update_slot': 60, 'hour': 10, 'info': 'both', 'lp_status': 'optimal', 'lp_message': '', 'fallback': False}]",1447.9409049180044,9797.445999455724,0.17238839998026378,0.3073108999960823
"[{'theta': array([-1220.42674679]), 'n_active': 1, 'beta1_train': -3229.225461534109, 'beta0_train': -3232.870642511292, 'beta1_val': -3210.8969228518517, 'beta0_val': -3210.8969228518517, 'selected_score': -3232.870642511292, 'evaluations': 15, 'seconds': 0.023257099994225428, 'method': 'differential_evolution_v2', 'accepted_search': True, 'solver_message': 'Optimization terminated successfully.'}, {'theta': array([-9.15205734e+03, -4.59966034e-01]), 'n_active': 2, 'beta1_train': 763.6895302082954, 'beta0_train': -2119.48015421811, 'beta1_val': 294.5324465166841, 'beta0_val': -2386.459428567618, 'selected_score': -2119.48015421811, 'evaluations': 95, 'seconds': 0.057956600008765236, 'method': 'differential_evolution_v2', 'accepted_search': True, 'solver_message': 'Maximum number of iterations has been exceeded.'}, {'theta': array([-3.15071688e+03, -1.43684508e-01, -4.17162329e+03,  2.08557982e-01]), 'n_active': 4, 'beta1_train': -298.32729299080523, 'beta0_train': -592.5955893057642, 'beta1_val': -440.0547574063057, 'beta0_val': -527.2870039729083, 'selected_score': -592.5955893057642, 'evaluations': 185, 'seconds': 0.12669560000358615, 'method': 'differential_evolution_v2', 'accepted_search': True, 'solver_message': 'Maximum number of iterations has been exceeded.'}]",42,"[{'update_slot': 60, 'hour': 10, 'info': 'both', 'lp_status': 'optimal', 'lp_message': '', 'fallback': False}]",9797.445999455724,1560.0683159259256,0.2079093000065768,0.350262499996461
"[{'theta': array([-858.13904889]), 'n_active': 1, 'beta1_train': -3917.2119891445086, 'beta0_train': -3939.0691043090087, 'beta1_val': -3934.1896339386503, 'beta0_val': -3934.1896339386503, 'selected_score': -3939.0691043090087, 'evaluations': 50, 'seconds': 0.05397959999390878, 'method': 'differential_evolution_v2', 'accepted_search': True, 'solver_message': 'Maximum number of iterations has been exceeded.'}, {'theta': array([-1.94316156e+03,  1.24918756e+00]), 'n_active': 2, 'beta1_train': 486.8011030450009, 'beta0_train': -2485.4871320103775, 'beta1_val': -794.2171218832091, 'beta0_val': -3154.392908205198, 'selected_score': -2485.4871320103775, 'evaluations': 55, 'seconds': 0.039103800008888356, 'method': 'differential_evolution_v2', 'accepted_search': True, 'solver_message': 'Optimization terminated successfully.'}, {'theta': array([-8.16621258e+03, -1.51666211e+00, -4.49827473e+03,  5.42595609e-01]), 'n_active': 4, 'beta1_train': -438.86928449300484, 'beta0_train': -736.5247950083226, 'beta1_val': 67.51252804846536, 'beta0_val': -629.1175527068784, 'selected_score': -736.5247950083226, 'evaluations': 185, 'seconds': 0.13047760000335984, 'method': 'differential_evolution_v2', 'accepted_search': True, 'solver_message': 'Maximum number of iterations has been exceeded.'}]",42,"[{'update_slot': 60, 'hour': 10, 'info': 'both', 'lp_status': 'optimal', 'lp_message': '', 'fallback': False}]",1560.0683159259256,2086.995377452884,0.22356100000615697,0.3631238999951165
"[{'theta': array([-7516.83521672]), 'n_active': 1, 'beta1_train': -3390.463243370996, 'beta0_train': -3395.0546808836007, 'beta1_val': -3446.529727668647, 'beta0_val': -3446.529727668647, 'selected_score': -3395.0546808836007, 'evaluations': 15, 'seconds': 0.022961700000450946, 'method': 'differential_evolution_v2', 'accepted_search': True, 'solver_message': 'Optimization terminated successfully.'}, {'theta': array([-3.47297221e+03,  1.84764498e+00]), 'n_active': 2, 'beta1_train': -474.3764465832833, 'beta0_train': -3073.0092356320456, 'beta1_val': -1417.8076772683999, 'beta0_val': -3478.3414487260725, 'selected_score': -3073.0092356320456, 'evaluations': 45, 'seconds': 0.03631340000720229, 'method': 'differential_evolution_v2', 'accepted_search': True, 'solver_message': 'Optimization terminated successfully.'}, {'theta': array([-2.78009013e+02, -2.14968955e-01, -3.44393787e+03,  1.53641821e+00]), 'n_active': 4, 'beta1_train': -258.4478515231313, 'beta0_train': -603.3180501229597, 'beta1_val': -756.5593789322638, 'beta0_val': -756.5593789322638, 'selected_score': -607.9949129503849, 'evaluations': 185, 'seconds': 0.12783610000042245, 'method': 'differential_evolution_v2', 'accepted_search': True, 'solver_message': 'Maximum number of iterations has been exceeded.'}]",42,"[{'update_slot': 60, 'hour': 10, 'info': 'both', 'lp_status': 'optimal', 'lp_message': '', 'fallback': False}]",2086.995377452884,2128.8956106957166,0.18711120000807568,0.32851690000097733
"[{'theta': array([-2313.79488415]), 'n_active': 1, 'beta1_train': -2804.1079484885536, 'beta0_train': -2808.538628079784, 'beta1_val': -2884.4133071079295, 'beta0_val': -2884.4133071079295, 'selected_score': -2808.538628079784, 'evaluations': 15, 'seconds': 0.022966600008658133, 'method': 'differential_evolution_v2', 'accepted_search': True, 'solver_message': 'Optimization terminated successfully.'}, {'theta': array([-5.02983845e+03, -1.56871162e+00]), 'n_active': 2, 'beta1_train': -26.280009031332057, 'beta0_train': -2727.7275569734034, 'beta1_val': -531.2041460723758, 'beta0_val': -3049.8994917925993, 'selected_score': -2727.7275569734034, 'evaluations': 95, 'seconds': 0.05534289999923203, 'method': 'differential_evolution_v2', 'accepted_search': True, 'solver_message': 'Maximum number of iterations has been exceeded.'}, {'theta': array([-3.12574311e+03,  7.89373845e-01, -7.16226503e+03,  1.92016621e-02]), 'n_active': 4, 'beta1_train': -789.7800512753098, 'beta0_train': -911.5248124233703, 'beta1_val': -882.7653015996992, 'beta0_val': -977.7743410309973, 'selected_score': -911.5248124233703, 'evaluations': 185, 'seconds': 0.12903309999092016, 'method': 'differential_evolution_v2', 'accepted_search': True, 'solver_message': 'Maximum number of iterations has been exceeded.'}]",42,"[{'update_slot': 60, 'hour': 10, 'info': 'both', 'lp_status': 'optimal', 'lp_message': '', 'fallback': False}]",2128.8956106957166,2335.3327491801783,0.20734259999881033,0.3502622999949381
"[{'theta': array([-4235.61087751]), 'n_active': 1, 'beta1_train': -554.7862220413358, 'beta0_train': -1064.2315838127006, 'beta1_val': -967.2411197820052, 'beta0_val': -1104.5899425258322, 'selected_score': -1064.2315838127006, 'evaluations': 25, 'seconds': 0.031598299989127554, 'method': 'differential_evolution_v2', 'accepted_search': True, 'solver_message': 'Optimization terminated successfully.'}, {'theta': array([-6.86631340e+03,  9.66139335e-01]), 'n_active': 2, 'beta1_train': 2345.853306547502, 'beta0_train': 851.6625975364859, 'beta1_val': 2647.1535226786627, 'beta0_val': 2522.2759693518306, 'selected_score': 851.6625975364859, 'evaluations': 35, 'seconds': 0.02878680000139866, 'method': 'differential_evolution_v2', 'accepted_search': True, 'solver_message': 'Optimization terminated successfully.'}, {'theta': array([-6.15381138e+03, -3.70013664e-01, -4.16235803e+03, -9.35880658e-01]), 'n_active': 4, 'beta1_train': 59.558826837813164, 'beta0_train': -219.49974652918087, 'beta1_val': -143.80325201732722, 'beta0_val': -205.55146184667248, 'selected_score': -219.49974652918087, 'evaluations': 105, 'seconds': 0.08044540000264533, 'method': 'differential_evolution_v2', 'accepted_search': True, 'solver_message': 'Optimization terminated successfully.'}]",42,"[{'update_slot': 60, 'hour': 10, 'info': 'both', 'lp_status': 'optimal', 'lp_message': '', 'fallback': False}]",2335.3327491801783,1213.1835,0.14083049999317154,0.28326989999914076
"[{'theta': array([-9132.77514956]), 'n_active': 1, 'beta1_train': -26.278005033086156, 'beta0_train': -29.95185061050686, 'beta1_val': -30.163782487281676, 'beta0_val': -30.163782487281676, 'selected_score': -29.95185061050686, 'evaluations': 15, 'seconds': 0.022996599989710376, 'method': 'differential_evolution_v2', 'accepted_search': True, 'solver_message': 'Optimization terminated successfully.'}, {'theta': array([-5.01741206e+03, -1.59599657e+00]), 'n_active': 2, 'beta1_train': 828.8372250281008, 'beta0_train': -90.60386436983921, 'beta1_val': 576.622215415237, 'beta0_val': -91.19999999999999, 'selected_score': -90.60386436983921, 'evaluations': 35, 'seconds': 0.029693899996345863, 'method': 'differential_evolution_v2', 'accepted_search': True, 'solver_message': 'Optimization terminated successfully.'}, {'theta': array([-4.34043638e+02, -1.53288626e+00, -1.70989666e+03, -1.00599853e+00]), 'n_active': 4, 'beta1_train': 43.92588315860023, 'beta0_train': -17.46395174688044, 'beta1_val': 7787.026980619019, 'beta0_val': 7484.865533904845, 'selected_score': -17.46395174688044, 'evaluations': 185, 'seconds': 0.12907450000056997, 'method': 'differential_evolution_v2', 'accepted_search': True, 'solver_message': 'Maximum number of iterations has been exceeded.'}]",42,"[{'update_slot': 60, 'hour': 10, 'info': 'both', 'lp_status': 'optimal', 'lp_message': '', 'fallback': False}]",1213.1835,1200.0,0.1817649999866262,0.3229598000034457
"[{'theta': array([-7316.84677529]), 'n_active': 1, 'beta1_train': -1083.731060708119, 'beta0_train': -1085.427246824392, 'beta1_val': -990.9752209762361, 'beta0_val': -990.9752209762361, 'selected_score': -1085.427246824392, 'evaluations': 20, 'seconds': 0.026063299999805167, 'method': 'differential_evolution_v2', 'accepted_search': True, 'solver_message': 'Optimization terminated successfully.'}, {'theta': array([-8.60658777e+03,  7.93162599e-01]), 'n_active': 2, 'beta1_train': -2217.6690409337207, 'beta0_train': -3264.0, 'beta1_val': -1950.0011010607363, 'beta0_val': -3264.0, 'selected_score': -3264.0, 'evaluations': 45, 'seconds': 0.03322719999414403, 'method': 'differential_evolution_v2', 'accepted_search': True, 'solver_message': 'Optimization terminated successfully.'}, {'theta': array([-7.94825499e+03, -1.25462686e+00, -8.78619901e+02, -1.03400647e+00]), 'n_active': 4, 'beta1_train': -623.7131091178262, 'beta0_train': -676.9295717784265, 'beta1_val': 4551.074936022079, 'beta0_val': 3874.7919028120536, 'selected_score': -678.6620754191847, 'evaluations': 185, 'seconds': 0.12610850000055507, 'method': 'differential_evolution_v2', 'accepted_search': True, 'solver_message': 'Maximum number of iterations has been exceeded.'}]",42,"[{'update_slot': 60, 'hour': 10, 'info': 'both', 'lp_status': 'optimal', 'lp_message': '', 'fallback': False}]",1200.0,1859.936758888889,0.18539899999450427,0.32905339999706484
"[{'theta': array([-5378.44566116]), 'n_active': 1, 'beta1_train': -3482.0425462518233, 'beta0_train': -3923.0090716700433, 'beta1_val': -3495.7554470259565, 'beta0_val': -3917.7745018010464, 'selected_score': -3923.0090716700433, 'evaluations': 30, 'seconds': 0.03524839998863172, 'method': 'differential_evolution_v2', 'accepted_search': True, 'solver_message': 'Optimization terminated successfully.'}, {'theta': array([-3.57572699e+03,  3.69422740e-01]), 'n_active': 2, 'beta1_train': -1456.251086719058, 'beta0_train': -4202.618656224874, 'beta1_val': -1950.0325063097994, 'beta0_val': -4310.400000000001, 'selected_score': -4202.618656224874, 'evaluations': 95, 'seconds': 0.058877599993138574, 'method': 'differential_evolution_v2', 'accepted_search': True, 'solver_message': 'Maximum number of iterations has been exceeded.'}, {'theta': array([-4.32368938e+03, -9.94153629e-01, -3.90883507e+03,  1.65197506e-01]), 'n_active': 4, 'beta1_train': -604.9923869717189, 'beta0_train': -695.7596971980009, 'beta1_val': 4474.081786059464, 'beta0_val': 4444.085096302074, 'selected_score': -695.7596971980009, 'evaluations': 185, 'seconds': 0.12595889999647625, 'method': 'differential_evolution_v2', 'accepted_search': True, 'solver_message': 'Maximum number of iterations has been exceeded.'}]",42,"[{'update_slot': 60, 'hour': 10, 'info': 'both', 'lp_status': 'optimal', 'lp_message': '', 'fallback': False}]",1859.936758888889,1276.37601,0.22008489997824654,0.3595577999949455
"[{'theta': array([-4992.85832843]), 'n_active': 1, 'beta1_train': -3683.44448185839, 'beta0_train': -3704.383225215948, 'beta1_val': -3696.8428466744185, 'beta0_val': -3706.7999999999997, 'selected_score': -3704.383225215948, 'evaluations': 20, 'seconds': 0.028896000003442168, 'method': 'differential_evolution_v2', 'accepted_search': True, 'solver_message': 'Optimization terminated successfully.'}, {'theta': array([-9.56072616e+03, -9.99849452e-01]), 'n_active': 2, 'beta1_train': 25.141057093878505, 'beta0_train': -2667.360734284013, 'beta1_val': 1859.9627559740288, 'beta0_val': -1842.6464394586208, 'selected_score': -2667.360734284013, 'evaluations': 95, 'seconds': 0.058088699996005744, 'method': 'differential_evolution_v2', 'accepted_search': True, 'solver_message': 'Maximum number of iterations has been exceeded.'}, {'theta': array([-5.98189101e+03,  1.36618575e+00, -1.09932483e+02,  1.33147592e-01]), 'n_active': 4, 'beta1_train': -481.67720678328686, 'beta0_train': -560.1636019459481, 'beta1_val': 5509.444169713455, 'beta0_val': 5433.371304618837, 'selected_score': -565.1374654399187, 'evaluations': 185, 'seconds': 0.1276252000097884, 'method': 'differential_evolution_v2', 'accepted_search': True, 'solver_message': 'Maximum number of iterations has been exceeded.'}]",42,"[{'update_slot': 60, 'hour': 10, 'info': 'both', 'lp_status': 'optimal', 'lp_message': '', 'fallback': False}]",1276.37601,1230.6944999999998,0.2146099000092363,0.3564074000023538
"[{'theta': array([-3724.59428666]), 'n_active': 1, 'beta1_train': -2873.06152380255, 'beta0_train': -2876.5691242274384, 'beta1_val': -2838.708807426048, 'beta0_val': -2884.0285156418167, 'selected_score': -2876.5691242274384, 'evaluations': 20, 'seconds': 0.027070700001786463, 'method': 'differential_evolution_v2', 'accepted_search': True, 'solver_message': 'Optimization terminated successfully.'}, {'theta': array([-9600.,     0.]), 'n_active': 2, 'beta1_train': 260.6674125545018, 'beta0_train': -1107.7782991417994, 'beta1_val': -25.315018557866097, 'beta0_val': -2254.197684895436, 'selected_score': -1107.7782991417994, 'evaluations': 95, 'seconds': 0.05878330000268761, 'method': 'differential_evolution_v2', 'accepted_search': False, 'solver_message': 'Maximum number of iterations has been exceeded.'}, {'theta': array([0., 0., 0., 0.]), 'n_active': 4, 'beta1_train': -427.18087299716484, 'beta0_train': -571.2339717724427, 'beta1_val': 4564.14108155102, 'beta0_val': 5321.092098705762, 'selected_score': -427.18087299716484, 'evaluations': 185, 'seconds': 0.12885069999902043, 'method': 'differential_evolution_v2', 'accepted_search': False, 'solver_message': 'Optimization terminated successfully.'}]",42,"[{'update_slot': 60, 'hour': 10, 'info': 'both', 'lp_status': 'optimal', 'lp_message': '', 'fallback': False}]",1230.6944999999998,1251.4279825925926,0.2147047000034945,0.3586570999905234
"[{'theta': array([-874.59344072]), 'n_active': 1, 'beta1_train': -3791.1543956467913, 'beta0_train': -3808.457237077688, 'beta1_val': -3744.6955149862665, 'beta0_val': -3803.081688765432, 'selected_score': -3808.457237077688, 'evaluations': 50, 'seconds': 0.05085319999489002, 'method': 'differential_evolution_v2', 'accepted_search': True, 'solver_message': 'Maximum number of iterations has been exceeded.'}, {'theta': array([-1.66538400e+03,  1.63623578e-03]), 'n_active': 2, 'beta1_train': 243.23308424207744, 'beta0_train': -2622.7501941228766, 'beta1_val': 555.6159361528657, 'beta0_val': -2363.007768328943, 'selected_score': -2622.7501941228766, 'evaluations': 45, 'seconds': 0.03403150000667665, 'method': 'differential_evolution_v2', 'accepted_search': True, 'solver_message': 'Optimization terminated successfully.'}, {'theta': array([-1.53642841e+03, -3.77134852e-01, -1.01006612e+03, -6.77546418e-01]), 'n_active': 4, 'beta1_train': -1165.7465706492283, 'beta0_train': -1186.2087878113855, 'beta1_val': 827.2484689536446, 'beta0_val': 816.4294826270808, 'selected_score': -1186.2087878113855, 'evaluations': 185, 'seconds': 0.12982410000404343, 'method': 'differential_evolution_v2', 'accepted_search': True, 'solver_message': 'Maximum number of iterations has been exceeded.'}]",42,"[{'update_slot': 60, 'hour': 10, 'info': 'both', 'lp_status': 'optimal', 'lp_message': '', 'fallback': False}]",1251.4279825925926,2080.202753233508,0.2147088000056101,0.3580482999968808
"[{'theta': array([-7635.05342236]), 'n_active': 1, 'beta1_train': -2290.8767564900973, 'beta0_train': -2879.4680501908856, 'beta1_val': -2079.2426055792553, 'beta0_val': -2691.5626040454604, 'selected_score': -2879.4680501908856, 'evaluations': 15, 'seconds': 0.021979400000418536, 'method': 'differential_evolution_v2', 'accepted_search': True, 'solver_message': 'Optimization terminated successfully.'}, {'theta': array([-5.65142803e+03,  9.59048200e-01]), 'n_active': 2, 'beta1_train': 660.7935753098684, 'beta0_train': -2193.443762819145, 'beta1_val': -84.12617365919641, 'beta0_val': -2175.8394393298095, 'selected_score': -2193.443762819145, 'evaluations': 35, 'seconds': 0.029268800004501827, 'method': 'differential_evolution_v2', 'accepted_search': True, 'solver_message': 'Optimization terminated successfully.'}, {'theta': array([0., 0., 0., 0.]), 'n_active': 4, 'beta1_train': -222.12794404724468, 'beta0_train': -518.701106848285, 'beta1_val': 1895.2697064528036, 'beta0_val': 2138.488726661648, 'selected_score': -222.12794404724468, 'evaluations': 185, 'seconds': 0.12966360000427812, 'method': 'differential_evolution_v2', 'accepted_search': False, 'solver_message': 'Maximum number of iterations has been exceeded.'}]",42,"[{'update_slot': 60, 'hour': 10, 'info': 'both', 'lp_status': 'optimal', 'lp_message': '', 'fallback': False}]",2080.202753233508,3596.1644552107564,0.1809118000091985,0.3200673999963328
"[{'theta': array([-8784.95284331]), 'n_active': 1, 'beta1_train': -555.2839410230404, 'beta0_train': -556.9691288354628, 'beta1_val': -548.1440529185708, 'beta0_val': -550.5149977047433, 'selected_score': -556.9691288354628, 'evaluations': 25, 'seconds': 0.03145399999630172, 'method': 'differential_evolution_v2', 'accepted_search': True, 'solver_message': 'Optimization terminated successfully.'}, {'theta': array([-2.67511828e+03,  1.12853068e+00]), 'n_active': 2, 'beta1_train': -647.0343733076559, 'beta0_train': -1680.0, 'beta1_val': -851.8174169496683, 'beta0_val': -1680.0, 'selected_score': -1680.0, 'evaluations': 25, 'seconds': 0.021872700002859347, 'method': 'differential_evolution_v2', 'accepted_search': True, 'solver_message': 'Optimization terminated successfully.'}, {'theta': array([-9600.,     0., -9600.,     0.]), 'n_active': 4, 'beta1_train': -81.17651411514532, 'beta0_train': -45.95994678914097, 'beta1_val': -521.0506879957215, 'beta0_val': -537.8479522965514, 'selected_score': -45.95994678914097, 'evaluations': 185, 'seconds': 0.12448799998674076, 'method': 'differential_evolution_v2', 'accepted_search': False, 'solver_message': 'Maximum number of iterations has been exceeded.'}]",42,"[{'update_slot': 60, 'hour': 10, 'info': 'both', 'lp_status': 'optimal', 'lp_message': '', 'fallback': False}]",3596.1644552107564,3703.601718878254,0.17781469998590183,0.3201699000055669
"[{'theta': array([-1464.34753442]), 'n_active': 1, 'beta1_train': -1467.8533632491044, 'beta0_train': -1469.5394877297913, 'beta1_val': -1510.4173803786898, 'beta0_val': -1510.4173803786898, 'selected_score': -1469.5394877297913, 'evaluations': 25, 'seconds': 0.030844599998090416, 'method': 'differential_evolution_v2', 'accepted_search': True, 'solver_message': 'Optimization terminated successfully.'}, {'theta': array([-6.58940593e+03, -1.47560114e+00]), 'n_active': 2, 'beta1_train': -3660.5864754115273, 'beta0_train': -4478.4, 'beta1_val': -4034.3315108132774, 'beta0_val': -4478.4, 'selected_score': -4478.4, 'evaluations': 55, 'seconds': 0.0385865999996895, 'method': 'differential_evolution_v2', 'accepted_search': True, 'solver_message': 'Optimization terminated successfully.'}, {'theta': array([0., 0., 0., 0.]), 'n_active': 4, 'beta1_train': -3431.098015413153, 'beta0_train': -3391.6583269160537, 'beta1_val': -4012.6134607661666, 'beta0_val': -4012.6134607661666, 'selected_score': -3431.098015413153, 'evaluations': 185, 'seconds': 0.12494049999804702, 'method': 'differential_evolution_v2', 'accepted_search': True, 'solver_message': 'Maximum number of iterations has been exceeded.'}]",42,"[{'update_slot': 60, 'hour': 10, 'info': 'both', 'lp_status': 'optimal', 'lp_message': '', 'fallback': False}]",3703.601718878254,9768.677551680827,0.19437169999582693,0.33582530000421684
"[{'theta': array([-3561.8860358]), 'n_active': 1, 'beta1_train': -4028.5120174858803, 'beta0_train': -4047.3501161924114, 'beta1_val': -4050.0, 'beta0_val': -4050.0, 'selected_score': -4047.3501161924114, 'evaluations': 15, 'seconds': 0.0231227000040235, 'method': 'differential_evolution_v2', 'accepted_search': True, 'solver_message': 'Optimization terminated successfully.'}, {'theta': array([-4.54595276e+03,  1.92033451e+00]), 'n_active': 2, 'beta1_train': -516.3206637263303, 'beta0_train': -2962.6575699081486, 'beta1_val': -185.78672012558627, 'beta0_val': -3053.749283045636, 'selected_score': -2962.6575699081486, 'evaluations': 45, 'seconds': 0.03346869999950286, 'method': 'differential_evolution_v2', 'accepted_search': True, 'solver_message': 'Optimization terminated successfully.'}, {'theta': array([-8.02317067e+03,  4.94958532e-01, -2.42390473e+02, -1.31759148e+00]), 'n_active': 4, 'beta1_train': 51.76983129062272, 'beta0_train': -308.91824601052605, 'beta1_val': -973.8198799057307, 'beta0_val': -1129.189857222222, 'selected_score': -309.6048858735503, 'evaluations': 185, 'seconds': 0.1248378999880515, 'method': 'differential_evolution_v2', 'accepted_search': True, 'solver_message': 'Maximum number of iterations has been exceeded.'}]",42,"[{'update_slot': 60, 'hour': 10, 'info': 'both', 'lp_status': 'optimal', 'lp_message': '', 'fallback': False}]",9768.677551680827,2992.9300824074057,0.18142929999157786,0.3250854000070831
"[{'theta': array([-6590.89773498]), 'n_active': 1, 'beta1_train': -2558.173373204738, 'beta0_train': -2562.1417894315955, 'beta1_val': -2484.6643162668415, 'beta0_val': -2484.6643162668415, 'selected_score': -2562.1417894315955, 'evaluations': 15, 'seconds': 0.023010699995211326, 'method': 'differential_evolution_v2', 'accepted_search': True, 'solver_message': 'Optimization terminated successfully.'}, {'theta': array([-9.34049603e+03,  1.94498356e+00]), 'n_active': 2, 'beta1_train': -371.4850083805506, 'beta0_train': -2851.960167320225, 'beta1_val': -1.3879416853392286, 'beta0_val': -2611.169847680173, 'selected_score': -2851.960167320225, 'evaluations': 95, 'seconds': 0.06013939999684226, 'method': 'differential_evolution_v2', 'accepted_search': True, 'solver_message': 'Maximum number of iterations has been exceeded.'}, {'theta': array([-4.36221702e+02, -3.66136906e-01, -7.11446648e+03, -4.29735471e-01]), 'n_active': 4, 'beta1_train': 10.615090188470356, 'beta0_train': -101.1050320952931, 'beta1_val': -1084.7896741416153, 'beta0_val': -1084.7896741416153, 'selected_score': -110.71382883529681, 'evaluations': 185, 'seconds': 0.12634709999838378, 'method': 'differential_evolution_v2', 'accepted_search': True, 'solver_message': 'Maximum number of iterations has been exceeded.'}]",42,"[{'update_slot': 60, 'hour': 10, 'info': 'both', 'lp_status': 'optimal', 'lp_message': '', 'fallback': False}]",2992.9300824074057,3269.289573977988,0.20949719999043737,0.3527007000084268
"[{'theta': array([-590.85813232]), 'n_active': 1, 'beta1_train': -4139.916411852294, 'beta0_train': -4161.4730291839805, 'beta1_val': -4084.0000818166664, 'beta0_val': -4149.832339855967, 'selected_score': -4161.4730291839805, 'evaluations': 20, 'seconds': 0.0268318000016734, 'method': 'differential_evolution_v2', 'accepted_search': True, 'solver_message': 'Optimization terminated successfully.'}, {'theta': array([-7.74740855e+03, -5.82564930e-01]), 'n_active': 2, 'beta1_train': -706.2575584613231, 'beta0_train': -3321.338275083078, 'beta1_val': -268.76476384376474, 'beta0_val': -3454.520575309382, 'selected_score': -3321.338275083078, 'evaluations': 45, 'seconds': 0.031537599992589094, 'method': 'differential_evolution_v2', 'accepted_search': True, 'solver_message': 'Optimization terminated successfully.'}, {'theta': array([-2.50082825e+03, -3.31787615e-01, -1.16314922e+02, -9.85996006e-01]), 'n_active': 4, 'beta1_train': -93.23090869322137, 'beta0_train': -270.87445381471383, 'beta1_val': -1241.644258796241, 'beta0_val': -1241.644258796241, 'selected_score': -273.731092833377, 'evaluations': 185, 'seconds': 0.1295074000081513, 'method': 'differential_evolution_v2', 'accepted_search': True, 'solver_message': 'Maximum number of iterations has been exceeded.'}]",42,"[{'update_slot': 60, 'hour': 10, 'info': 'both', 'lp_status': 'optimal', 'lp_message': '', 'fallback': False}]",3269.289573977988,3402.0443318862403,0.1878768000024138,0.32656679999490734
"[{'theta': array([-1921.89732543]), 'n_active': 1, 'beta1_train': -4034.346735732474, 'beta0_train': -4045.5374897117717, 'beta1_val': -4028.4096881292962, 'beta0_val': -4028.4096881292962, 'selected_score': -4045.5374897117717, 'evaluations': 20, 'seconds': 0.02733029999944847, 'method': 'differential_evolution_v2', 'accepted_search': True, 'solver_message': 'Optimization terminated successfully.'}, {'theta': array([-6.25929582e+03,  1.70033414e+00]), 'n_active': 2, 'beta1_train': -90.23099444742914, 'beta0_train': -2693.0488865312427, 'beta1_val': 448.64243751271306, 'beta0_val': -2176.207374874173, 'selected_score': -2693.0488865312427, 'evaluations': 45, 'seconds': 0.03357020000112243, 'method': 'differential_evolution_v2', 'accepted_search': True, 'solver_message': 'Optimization terminated successfully.'}, {'theta': array([-8.22134666e+03, -9.99244161e-01, -1.29037928e+02, -1.30387069e+00]), 'n_active': 4, 'beta1_train': -101.0009517631608, 'beta0_train': -240.60009014885642, 'beta1_val': -1151.4482496840253, 'beta0_val': -1151.4482496840253, 'selected_score': -242.2081048330946, 'evaluations': 185, 'seconds': 0.12684379999700468, 'method': 'differential_evolution_v2', 'accepted_search': True, 'solver_message': 'Maximum number of iterations has been exceeded.'}]",42,"[{'update_slot': 60, 'hour': 10, 'info': 'both', 'lp_status': 'optimal', 'lp_message': '', 'fallback': False}]",3402.0443318862403,2797.6122786807787,0.18774429999757558,0.3274766000104137
"[{'theta': array([-2547.66258916]), 'n_active': 1, 'beta1_train': -1881.3249718731606, 'beta0_train': -1913.7326819424147, 'beta1_val': -1913.5656145319963, 'beta0_val': -1913.5656145319963, 'selected_score': -1913.7326819424147, 'evaluations': 20, 'seconds': 0.027982400002656505, 'method': 'differential_evolution_v2', 'accepted_search': True, 'solver_message': 'Optimization terminated successfully.'}, {'theta': array([-3.14122922e+03, -1.93497199e+00]), 'n_active': 2, 'beta1_train': 1064.163832486377, 'beta0_train': -1533.5849769580443, 'beta1_val': 936.5367287497352, 'beta0_val': -1727.6963768010314, 'selected_score': -1533.5849769580443, 'evaluations': 95, 'seconds': 0.05858779999834951, 'method': 'differential_evolution_v2', 'accepted_search': True, 'solver_message': 'Maximum number of iterations has been exceeded.'}, {'theta': array([-7.75499728e+03,  1.32535241e+00, -1.78518034e+03, -1.08622896e-01]), 'n_active': 4, 'beta1_train': 530.205173516158, 'beta0_train': 308.91903965770996, 'beta1_val': -517.4370408609707, 'beta0_val': -535.0017817491688, 'selected_score': 308.91903965770996, 'evaluations': 185, 'seconds': 0.12391579999530222, 'method': 'differential_evolution_v2', 'accepted_search': True, 'solver_message': 'Maximum number of iterations has been exceeded.'}]",42,"[{'update_slot': 60, 'hour': 10, 'info': 'both', 'lp_status': 'optimal', 'lp_message': '', 'fallback': False}]",2797.6122786807787,3283.4647090282565,0.21048599999630824,0.35421339998720214
"[{'theta': array([-9585.4760579]), 'n_active': 1, 'beta1_train': -353.1692945772298, 'beta0_train': -364.26486715977705, 'beta1_val': -385.3886122937063, 'beta0_val': -385.3886122937063, 'selected_score': -364.26486715977705, 'evaluations': 15, 'seconds': 0.023298599990084767, 'method': 'differential_evolution_v2', 'accepted_search': True, 'solver_message': 'Optimization terminated successfully.'}, {'theta': array([-1.91008143e+03, -1.36538616e+00]), 'n_active': 2, 'beta1_train': -832.3206624537545, 'beta0_train': -1489.1999999999998, 'beta1_val': -832.0973395190456, 'beta0_val': -1489.2, 'selected_score': -1489.1999999999998, 'evaluations': 95, 'seconds': 0.05856869999843184, 'method': 'differential_evolution_v2', 'accepted_search': True, 'solver_message': 'Maximum number of iterations has been exceeded.'}, {'theta': array([-3.08875937e+03, -1.75057602e+00, -1.64797491e+02,  1.20713557e+00]), 'n_active': 4, 'beta1_train': 416.25810928555546, 'beta0_train': 399.3561893783607, 'beta1_val': -384.63531876113007, 'beta0_val': -455.69062123319156, 'selected_score': 397.78212019130063, 'evaluations': 185, 'seconds': 0.12636829999973997, 'method': 'differential_evolution_v2', 'accepted_search': True, 'solver_message': 'Maximum number of iterations has been exceeded.'}]",42,"[{'update_slot': 60, 'hour': 10, 'info': 'both', 'lp_status': 'optimal', 'lp_message': '', 'fallback': False}]",3283.4647090282565,2193.704487026861,0.20823559998825658,0.34572169999592006
"[{'theta': array([-3260.88853452]), 'n_active': 1, 'beta1_train': -937.5490133965809, 'beta0_train': -946.6650932910641, 'beta1_val': -953.118739206206, 'beta0_val': -970.3476485477696, 'selected_score': -946.6650932910641, 'evaluations': 20, 'seconds': 0.027212500004679896, 'method': 'differential_evolution_v2', 'accepted_search': True, 'solver_message': 'Optimization terminated successfully.'}, {'theta': array([-6.19822408e+03,  4.16130747e-01]), 'n_active': 2, 'beta1_train': -3014.5090927608803, 'beta0_train': -3706.7999999999997, 'beta1_val': -3131.276726078057, 'beta0_val': -3706.7999999999997, 'selected_score': -3706.7999999999997, 'evaluations': 95, 'seconds': 0.057641099992906675, 'method': 'differential_evolution_v2', 'accepted_search': True, 'solver_message': 'Maximum number of iterations has been exceeded.'}, {'theta': array([-9600.,     0., -9600.,     0.]), 'n_active': 4, 'beta1_train': -193.41553658277428, 'beta0_train': -210.7413055419287, 'beta1_val': -951.8454249790051, 'beta0_val': -956.6060946742975, 'selected_score': -210.7413055419287, 'evaluations': 185, 'seconds': 0.12630689999787137, 'method': 'differential_evolution_v2', 'accepted_search': False, 'solver_message': 'Maximum number of iterations has been exceeded.'}]",42,"[{'update_slot': 60, 'hour': 10, 'info': 'both', 'lp_status': 'optimal', 'lp_message': '', 'fallback': False}]",2193.704487026861,3022.8997913216763,0.21116049999545794,0.3514271000021836
"[{'theta': array([-8376.30630642]), 'n_active': 1, 'beta1_train': -3667.009206784366, 'beta0_train': -3815.6512825979758, 'beta1_val': -3515.0453154229976, 'beta0_val': -3762.8388937511213, 'selected_score': -3815.6512825979758, 'evaluations': 20, 'seconds': 0.027910699995118193, 'method': 'differential_evolution_v2', 'accepted_search': True, 'solver_message': 'Optimization terminated successfully.'}, {'theta': array([-8.31581558e+03,  7.53843022e-01]), 'n_active': 2, 'beta1_train': -113.0270184036678, 'beta0_train': -2715.9769858726136, 'beta1_val': -707.709514814801, 'beta0_val': -3123.417838428453, 'selected_score': -2715.9769858726136, 'evaluations': 35, 'seconds': 0.027650700008962303, 'method': 'differential_evolution_v2', 'accepted_search': True, 'solver_message': 'Optimization terminated successfully.'}, {'theta': array([-2.18118406e+03, -1.42127138e+00, -5.27702764e+01, -4.58269603e-01]), 'n_active': 4, 'beta1_train': 484.9672324158626, 'beta0_train': 305.9863917546888, 'beta1_val': -607.7483553727477, 'beta0_val': -703.5794699260545, 'selected_score': 292.120752548075, 'evaluations': 185, 'seconds': 0.12796800000069197, 'method': 'differential_evolution_v2', 'accepted_search': True, 'solver_message': 'Maximum number of iterations has been exceeded.'}]",42,"[{'update_slot': 60, 'hour': 10, 'info': 'both', 'lp_status': 'optimal', 'lp_message': '', 'fallback': False}]",3022.8997913216763,2804.006975278244,0.18352940000477247,0.3239590000011958
"[{'theta': array([-3562.53744467]), 'n_active': 1, 'beta1_train': -3372.964641943284, 'beta0_train': -3408.1453250164113, 'beta1_val': -3409.2000000000003, 'beta0_val': -3409.2000000000003, 'selected_score': -3408.1453250164113, 'evaluations': 25, 'seconds': 0.03026329999556765, 'method': 'differential_evolution_v2', 'accepted_search': True, 'solver_message': 'Optimization terminated successfully.'}, {'theta': array([-6.70799245e+03,  1.69436564e+00]), 'n_active': 2, 'beta1_train': -135.81199402202395, 'beta0_train': -2880.4309739219, 'beta1_val': -848.642019621172, 'beta0_val': -3106.7072859952827, 'selected_score': -2880.4309739219, 'evaluations': 95, 'seconds': 0.05660569999599829, 'method': 'differential_evolution_v2', 'accepted_search': True, 'solver_message': 'Maximum number of iterations has been exceeded.'}, {'theta': array([-4.21970361e+02, -1.10652968e+00, -4.41668873e+03,  3.05958359e-01]), 'n_active': 4, 'beta1_train': 461.8892360271944, 'beta0_train': 333.1598467948936, 'beta1_val': -954.1288335321444, 'beta0_val': -954.1288335321444, 'selected_score': 320.3659316230434, 'evaluations': 185, 'seconds': 0.1289967000047909, 'method': 'differential_evolution_v2', 'accepted_search': True, 'solver_message': 'Maximum number of iterations has been exceeded.'}]",42,"[{'update_slot': 60, 'hour': 10, 'info': 'both', 'lp_status': 'optimal', 'lp_message': '', 'fallback': False}]",2804.006975278244,2330.8371113302574,0.21586569999635685,0.3548579000052996
"[{'theta': array([-3349.82359062]), 'n_active': 1, 'beta1_train': -3235.567872607963, 'beta0_train': -3265.389501828465, 'beta1_val': -3266.4, 'beta0_val': -3266.4, 'selected_score': -3265.389501828465, 'evaluations': 20, 'seconds': 0.026806000008946285, 'method': 'differential_evolution_v2', 'accepted_search': True, 'solver_message': 'Optimization terminated successfully.'}, {'theta': array([-5.83998159e+03,  3.78412086e-01]), 'n_active': 2, 'beta1_train': -63.50390585239924, 'beta0_train': -2557.0140343600387, 'beta1_val': -614.1421842614996, 'beta0_val': -2733.3806509634023, 'selected_score': -2557.0140343600387, 'evaluations': 45, 'seconds': 0.033632299993769266, 'method': 'differential_evolution_v2', 'accepted_search': True, 'solver_message': 'Optimization terminated successfully.'}, {'theta': array([-8.50334771e+03, -1.08089182e+00, -5.26492452e+02,  1.54877295e+00]), 'n_active': 4, 'beta1_train': 484.76738649918434, 'beta0_train': 204.5856062563203, 'beta1_val': -232.51159373249362, 'beta0_val': -232.51159373249362, 'selected_score': 203.89534773339452, 'evaluations': 185, 'seconds': 0.13204270000278484, 'method': 'differential_evolution_v2', 'accepted_search': True, 'solver_message': 'Maximum number of iterations has been exceeded.'}]",42,"[{'update_slot': 60, 'hour': 10, 'info': 'both', 'lp_status': 'optimal', 'lp_message': '', 'fallback': False}]",2330.8371113302574,2212.1825918271347,0.1924810000055004,0.3388819000101648
"[{'theta': array([-4514.5285283]), 'n_active': 1, 'beta1_train': -2962.07144874762, 'beta0_train': -2972.1131506731485, 'beta1_val': -2992.823402889971, 'beta0_val': -2992.823402889971, 'selected_score': -2972.1131506731485, 'evaluations': 15, 'seconds': 0.024972999992314726, 'method': 'differential_evolution_v2', 'accepted_search': True, 'solver_message': 'Optimization terminated successfully.'}, {'theta': array([-7.32537421e+03, -4.25026308e-01]), 'n_active': 2, 'beta1_train': 184.15378174573073, 'beta0_train': -2289.625818136765, 'beta1_val': -111.56332819756335, 'beta0_val': -2367.068571848214, 'selected_score': -2289.625818136765, 'evaluations': 95, 'seconds': 0.05982929999299813, 'method': 'differential_evolution_v2', 'accepted_search': True, 'solver_message': 'Maximum number of iterations has been exceeded.'}, {'theta': array([-4.54104639e+02, -1.30931662e+00, -1.15503783e+02,  2.65801055e-01]), 'n_active': 4, 'beta1_train': 488.4406025657831, 'beta0_train': 366.1407828874031, 'beta1_val': -137.00992421322303, 'beta0_val': -710.9260308802036, 'selected_score': 328.5393298038328, 'evaluations': 185, 'seconds': 0.12665270001161844, 'method': 'differential_evolution_v2', 'accepted_search': True, 'solver_message': 'Maximum number of iterations has been exceeded.'}]",42,"[{'update_slot': 60, 'hour': 10, 'info': 'both', 'lp_status': 'optimal', 'lp_message': '', 'fallback': False}]",2212.1825918271347,2479.7860033875604,0.2114549999969313,0.35507599999255035
"[{'theta': array([-7795.37900399]), 'n_active': 1, 'beta1_train': -1090.5529537031755, 'beta0_train': -1102.9947587648128, 'beta1_val': -1114.6478346008232, 'beta0_val': -1114.6478346008232, 'selected_score': -1102.9947587648128, 'evaluations': 15, 'seconds': 0.02331889999913983, 'method': 'differential_evolution_v2', 'accepted_search': True, 'solver_message': 'Optimization terminated successfully.'}, {'theta': array([-9.35783037e+03, -1.96587066e-01]), 'n_active': 2, 'beta1_train': 2055.90921061745, 'beta0_train': -941.7270805764455, 'beta1_val': 1655.1459093416458, 'beta0_val': -1037.3117109425898, 'selected_score': -941.7270805764455, 'evaluations': 95, 'seconds': 0.056992300000274554, 'method': 'differential_evolution_v2', 'accepted_search': True, 'solver_message': 'Maximum number of iterations has been exceeded.'}, {'theta': array([-5.97031997e+03, -8.54399995e-01, -3.63271525e+01, -6.16391366e-01]), 'n_active': 4, 'beta1_train': 895.2601814328524, 'beta0_train': 673.9659448583283, 'beta1_val': -253.5989695714863, 'beta0_val': -253.5989695714863, 'selected_score': 669.8917399922573, 'evaluations': 185, 'seconds': 0.12418610000167973, 'method': 'differential_evolution_v2', 'accepted_search': True, 'solver_message': 'Maximum number of iterations has been exceeded.'}]",42,"[{'update_slot': 60, 'hour': 10, 'info': 'both', 'lp_status': 'optimal', 'lp_message': '', 'fallback': False}]",2479.7860033875604,2590.004610377719,0.20449730000109412,0.34489290000055917
"[{'theta': array([-5415.35219318]), 'n_active': 1, 'beta1_train': -630.5224405793394, 'beta0_train': -640.7333167535401, 'beta1_val': -683.8600150089997, 'beta0_val': -683.8600150089997, 'selected_score': -640.7333167535401, 'evaluations': 15, 'seconds': 0.020808700006455183, 'method': 'differential_evolution_v2', 'accepted_search': True, 'solver_message': 'Optimization terminated successfully.'}, {'theta': array([-6.2863628e+03,  1.5513493e+00]), 'n_active': 2, 'beta1_train': -1843.5183206062957, 'beta0_train': -2560.7999999999997, 'beta1_val': -1993.1578039518622, 'beta0_val': -2560.7999999999997, 'selected_score': -2560.7999999999997, 'evaluations': 55, 'seconds': 0.03833760000998154, 'method': 'differential_evolution_v2', 'accepted_search': True, 'solver_message': 'Optimization terminated successfully.'}, {'theta': array([-7.95173206e+01,  7.89808321e-01, -3.46640919e+03,  1.03985420e+00]), 'n_active': 4, 'beta1_train': 605.6073908838932, 'beta0_train': 686.4414211226065, 'beta1_val': -567.8758142389695, 'beta0_val': -595.7296217389697, 'selected_score': 576.056338593146, 'evaluations': 185, 'seconds': 0.1263710000057472, 'method': 'differential_evolution_v2', 'accepted_search': True, 'solver_message': 'Maximum number of iterations has been exceeded.'}]",42,"[{'update_slot': 60, 'hour': 10, 'info': 'both', 'lp_status': 'optimal', 'lp_message': '', 'fallback': False}]",2590.004610377719,3025.467498335431,0.18551730002218392,0.32767310000781436
"[{'theta': array([-3828.42189571]), 'n_active': 1, 'beta1_train': -1027.1998356243635, 'beta0_train': -1031.8110920653992, 'beta1_val': -1008.2621670225942, 'beta0_val': -1008.2621670225942, 'selected_score': -1031.8110920653992, 'evaluations': 20, 'seconds': 0.026588799999444745, 'method': 'differential_evolution_v2', 'accepted_search': True, 'solver_message': 'Optimization terminated successfully.'}, {'theta': array([-2.13850726e+03, -1.60658349e+00]), 'n_active': 2, 'beta1_train': -4034.6199010313026, 'beta0_train': -4524.0, 'beta1_val': -3896.7516560418694, 'beta0_val': -4524.0, 'selected_score': -4524.0, 'evaluations': 35, 'seconds': 0.028776199993444607, 'method': 'differential_evolution_v2', 'accepted_search': True, 'solver_message': 'Optimization terminated successfully.'}, {'theta': array([-2.41467738e+03, -1.27436123e+00, -2.76365727e+02, -2.77466136e-01]), 'n_active': 4, 'beta1_train': -3072.7922521248406, 'beta0_train': -3099.98294325455, 'beta1_val': -4088.3271038010976, 'beta0_val': -4088.3271038010976, 'selected_score': -3104.5820474882694, 'evaluations': 185, 'seconds': 0.13069269999687094, 'method': 'differential_evolution_v2', 'accepted_search': True, 'solver_message': 'Maximum number of iterations has been exceeded.'}]",42,"[{'update_slot': 60, 'hour': 10, 'info': 'both', 'lp_status': 'optimal', 'lp_message': '', 'fallback': False}]",3025.467498335431,9980.43230250258,0.1860576999897603,0.32496030000038445
"[{'theta': array([-923.53922108]), 'n_active': 1, 'beta1_train': -3152.325082821153, 'beta0_train': -3182.0775111385356, 'beta1_val': -3183.6, 'beta0_val': -3183.6, 'selected_score': -3182.0775111385356, 'evaluations': 20, 'seconds': 0.0268491000024369, 'method': 'differential_evolution_v2', 'accepted_search': True, 'solver_message': 'Optimization terminated successfully.'}, {'theta': array([-4.14489254e+03, -1.92275420e+00]), 'n_active': 2, 'beta1_train': -565.0635224052749, 'beta0_train': -2795.921161567999, 'beta1_val': -125.94567402267285, 'beta0_val': -2646.900523129796, 'selected_score': -2795.921161567999, 'evaluations': 45, 'seconds': 0.03031270000792574, 'method': 'differential_evolution_v2', 'accepted_search': True, 'solver_message': 'Optimization terminated successfully.'}, {'theta': array([-1.48545984e+02,  1.78865815e+00, -6.86934292e+03, -9.11809657e-01]), 'n_active': 4, 'beta1_train': 828.2251654238138, 'beta0_train': 792.2808594341334, 'beta1_val': -734.4080298837703, 'beta0_val': -734.4080298837703, 'selected_score': 743.1715549813076, 'evaluations': 185, 'seconds': 0.1284068999957526, 'method': 'differential_evolution_v2', 'accepted_search': True, 'solver_message': 'Maximum number of iterations has been exceeded.'}]",42,"[{'update_slot': 60, 'hour': 10, 'info': 'both', 'lp_status': 'optimal', 'lp_message': '', 'fallback': False}]",9980.43230250258,2303.184856224688,0.18556870000611525,0.32063360000029206
"[{'theta': array([-3867.1463822]), 'n_active': 1, 'beta1_train': -2668.336908142556, 'beta0_train': -2680.026779566151, 'beta1_val': -2843.2042252575184, 'beta0_val': -2843.2042252575184, 'selected_score': -2680.026779566151, 'evaluations': 15, 'seconds': 0.02209130000846926, 'method': 'differential_evolution_v2', 'accepted_search': True, 'solver_message': 'Optimization terminated successfully.'}, {'theta': array([-8.07463992e+03, -1.12095108e+00]), 'n_active': 2, 'beta1_train': 805.2479089258774, 'beta0_train': -805.7092336742442, 'beta1_val': 381.2885674157342, 'beta0_val': -2071.52179066616, 'selected_score': -805.7092336742442, 'evaluations': 55, 'seconds': 0.03762129999813624, 'method': 'differential_evolution_v2', 'accepted_search': True, 'solver_message': 'Optimization terminated successfully.'}, {'theta': array([ 1.20934861e+02,  5.45309574e-01, -1.15707075e+03, -2.15653596e-01]), 'n_active': 4, 'beta1_train': 142.07257958246979, 'beta0_train': 156.1693818886746, 'beta1_val': -742.745517149836, 'beta0_val': -742.745517149836, 'selected_score': 132.70915199287654, 'evaluations': 185, 'seconds': 0.12629279999237042, 'method': 'differential_evolution_v2', 'accepted_search': True, 'solver_message': 'Maximum number of iterations has been exceeded.'}]",42,"[{'update_slot': 60, 'hour': 10, 'info': 'both', 'lp_status': 'optimal', 'lp_message': '', 'fallback': False}]",2303.184856224688,2700.521837440173,0.18600539999897592,0.32662839999829885
"[{'theta': array([-3449.76521868]), 'n_active': 1, 'beta1_train': -3231.937960627886, 'beta0_train': -3255.8579121494763, 'beta1_val': -3252.8515371805292, 'beta0_val': -3252.8515371805292, 'selected_score': -3255.8579121494763, 'evaluations': 20, 'seconds': 0.027261600000201724, 'method': 'differential_evolution_v2', 'accepted_search': True, 'solver_message': 'Optimization terminated successfully.'}, {'theta': array([-3.52391747e+03, -1.36564971e+00]), 'n_active': 2, 'beta1_train': -841.4597235328606, 'beta0_train': -3060.0844161145997, 'beta1_val': -1451.6408911630015, 'beta0_val': -3233.8060088736506, 'selected_score': -3060.0844161145997, 'evaluations': 95, 'seconds': 0.058659699992858805, 'method': 'differential_evolution_v2', 'accepted_search': True, 'solver_message': 'Maximum number of iterations has been exceeded.'}, {'theta': array([-2.46741211e+02,  3.75513418e-01, -2.53578174e+03,  4.70080864e-01]), 'n_active': 4, 'beta1_train': 909.4219306441727, 'beta0_train': 695.7054792567325, 'beta1_val': -715.232978320711, 'beta0_val': -827.0399088753898, 'selected_score': 680.9703379078006, 'evaluations': 185, 'seconds': 0.12574910001421813, 'method': 'differential_evolution_v2', 'accepted_search': True, 'solver_message': 'Maximum number of iterations has been exceeded.'}]",42,"[{'update_slot': 60, 'hour': 10, 'info': 'both', 'lp_status': 'optimal', 'lp_message': '', 'fallback': False}]",2700.521837440173,2299.7886389720634,0.21167040000727866,0.3544034000078682
"[{'theta': array([-3797.02549038]), 'n_active': 1, 'beta1_train': -3849.9531659798286, 'beta0_train': -3885.2879200061725, 'beta1_val': -3886.8, 'beta0_val': -3886.8, 'selected_score': -3885.2879200061725, 'evaluations': 20, 'seconds': 0.02645110001321882, 'method': 'differential_evolution_v2', 'accepted_search': True, 'solver_message': 'Optimization terminated successfully.'}, {'theta': array([-3.62929867e+03,  1.98087242e-01]), 'n_active': 2, 'beta1_train': 475.9562069984321, 'beta0_train': -1997.4929433150346, 'beta1_val': 2091.729396634014, 'beta0_val': -1838.713407824256, 'selected_score': -1997.4929433150346, 'evaluations': 95, 'seconds': 0.05793320000520907, 'method': 'differential_evolution_v2', 'accepted_search': True, 'solver_message': 'Maximum number of iterations has been exceeded.'}, {'theta': array([-3.07465826e+02, -1.69042798e+00, -5.37631220e+03,  1.06786604e+00]), 'n_active': 4, 'beta1_train': 736.042220223946, 'beta0_train': 683.8020113047039, 'beta1_val': -826.7286202823154, 'beta0_val': -1013.865506703136, 'selected_score': 639.1542419984728, 'evaluations': 185, 'seconds': 0.12666609999723732, 'method': 'differential_evolution_v2', 'accepted_search': True, 'solver_message': 'Maximum number of iterations has been exceeded.'}]",42,"[{'update_slot': 60, 'hour': 10, 'info': 'both', 'lp_status': 'optimal', 'lp_message': '', 'fallback': False}]",2299.7886389720634,2937.37203429431,0.21105040001566522,0.34998410000116564
"[{'theta': array([-1433.19861066]), 'n_active': 1, 'beta1_train': -1885.4232142721949, 'beta0_train': -1910.6679846565098, 'beta1_val': -1911.6, 'beta0_val': -1911.6, 'selected_score': -1910.6679846565098, 'evaluations': 25, 'seconds': 0.030228800009354018, 'method': 'differential_evolution_v2', 'accepted_search': True, 'solver_message': 'Optimization terminated successfully.'}, {'theta': array([-8.89275717e+03,  1.49121972e+00]), 'n_active': 2, 'beta1_train': 1502.43228728273, 'beta0_train': -1264.9303888863162, 'beta1_val': 786.9331273071625, 'beta0_val': -1427.6933100257186, 'selected_score': -1264.9303888863162, 'evaluations': 45, 'seconds': 0.0348321999917971, 'method': 'differential_evolution_v2', 'accepted_search': True, 'solver_message': 'Optimization terminated successfully.'}, {'theta': array([-1.86659898e+02,  4.54969210e-01, -9.12562230e+03, -2.66915587e-01]), 'n_active': 4, 'beta1_train': 1053.6095679101916, 'beta0_train': 857.0093911675447, 'beta1_val': -488.117026371838, 'beta0_val': -488.117026371838, 'selected_score': 847.9587000406186, 'evaluations': 185, 'seconds': 0.13069399999221787, 'method': 'differential_evolution_v2', 'accepted_search': True, 'solver_message': 'Maximum number of iterations has been exceeded.'}]",42,"[{'update_slot': 60, 'hour': 10, 'info': 'both', 'lp_status': 'optimal', 'lp_message': '', 'fallback': False}]",2937.37203429431,2176.5065767117317,0.19575499999336898,0.34029829999781214
"[{'theta': array([-4224.25163708]), 'n_active': 1, 'beta1_train': -396.386957135027, 'beta0_train': -402.08415456403503, 'beta1_val': -363.80145804118865, 'beta0_val': -363.80145804118865, 'selected_score': -402.08415456403503, 'evaluations': 20, 'seconds': 0.028201600012835115, 'method': 'differential_evolution_v2', 'accepted_search': True, 'solver_message': 'Optimization terminated successfully.'}, {'theta': array([-5.04634606e+03, -5.47379429e-01]), 'n_active': 2, 'beta1_train': -890.384580132387, 'beta0_train': -1530.0, 'beta1_val': -731.3086630473472, 'beta0_val': -1530.0, 'selected_score': -1530.0, 'evaluations': 65, 'seconds': 0.043677800000295974, 'method': 'differential_evolution_v2', 'accepted_search': True, 'solver_message': 'Optimization terminated successfully.'}, {'theta': array([-9600.,     0., -9600.,     0.]), 'n_active': 4, 'beta1_train': 883.696642864224, 'beta0_train': 929.2647837408168, 'beta1_val': 419.23419428980105, 'beta0_val': -272.1909449644161, 'selected_score': 929.2647837408168, 'evaluations': 185, 'seconds': 0.12572500000533182, 'method': 'differential_evolution_v2', 'accepted_search': False, 'solver_message': 'Maximum number of iterations has been exceeded.'}]",42,"[{'update_slot': 60, 'hour': 10, 'info': 'both', 'lp_status': 'optimal', 'lp_message': '', 'fallback': False}]",2176.5065767117317,2561.7158046756836,0.1976044000184629,0.3385271000006469
"[{'theta': array([-3767.24448946]), 'n_active': 1, 'beta1_train': -1420.4618834898663, 'beta0_train': -1428.2257295904574, 'beta1_val': -1545.7845516881519, 'beta0_val': -1545.7845516881519, 'selected_score': -1428.2257295904574, 'evaluations': 15, 'seconds': 0.023935699995490722, 'method': 'differential_evolution_v2', 'accepted_search': True, 'solver_message': 'Optimization terminated successfully.'}, {'theta': array([-3.07306020e+03,  5.20232704e-01]), 'n_active': 2, 'beta1_train': -3611.153232864983, 'beta0_train': -4329.6, 'beta1_val': -3574.8904655171127, 'beta0_val': -4329.6, 'selected_score': -4329.6, 'evaluations': 35, 'seconds': 0.0290095999953337, 'method': 'differential_evolution_v2', 'accepted_search': True, 'solver_message': 'Optimization terminated successfully.'}, {'theta': array([-5.64411509e+03,  2.05190274e-01, -1.94535051e+02,  1.87089480e+00]), 'n_active': 4, 'beta1_train': -2338.9712733629235, 'beta0_train': -2407.386222381554, 'beta1_val': -3627.086591721365, 'beta0_val': -3627.086591721365, 'selected_score': -2419.628663352371, 'evaluations': 185, 'seconds': 0.12715539999771863, 'method': 'differential_evolution_v2', 'accepted_search': True, 'solver_message': 'Maximum number of iterations has been exceeded.'}]",42,"[{'update_slot': 60, 'hour': 10, 'info': 'both', 'lp_status': 'optimal', 'lp_message': '', 'fallback': False}]",2561.7158046756836,8922.317950394008,0.18010069998854306,0.32515540000167675
"[{'theta': array([-1980.1260497]), 'n_active': 1, 'beta1_train': -3895.241511830869, 'beta0_train': -3943.082485310042, 'beta1_val': -3946.8, 'beta0_val': -3946.8, 'selected_score': -3943.082485310042, 'evaluations': 15, 'seconds': 0.022836299991467968, 'method': 'differential_evolution_v2', 'accepted_search': True, 'solver_message': 'Optimization terminated successfully.'}, {'theta': array([-1.11320109e+03, -2.76063563e-01]), 'n_active': 2, 'beta1_train': 459.50899396140767, 'beta0_train': -2212.0154367690425, 'beta1_val': 313.87247744898696, 'beta0_val': -2355.7565836225817, 'selected_score': -2215.9320932713763, 'evaluations': 95, 'seconds': 0.058098900000914, 'method': 'differential_evolution_v2', 'accepted_search': True, 'solver_message': 'Maximum number of iterations has been exceeded.'}, {'theta': array([-9.59862385e+03, -1.41491026e+00, -1.13580615e+02, -4.87040073e-01]), 'n_active': 4, 'beta1_train': 622.7929849482497, 'beta0_train': 508.78208821069046, 'beta1_val': -789.9443242938244, 'beta0_val': -789.9443242938244, 'selected_score': 506.75768964346855, 'evaluations': 185, 'seconds': 0.12532039999496192, 'method': 'differential_evolution_v2', 'accepted_search': True, 'solver_message': 'Maximum number of iterations has been exceeded.'}]",42,"[{'update_slot': 60, 'hour': 10, 'info': 'both', 'lp_status': 'optimal', 'lp_message': '', 'fallback': False}]",8922.317950394008,1200.0,0.20625559998734389,0.3493490999971982
"[{'theta': array([-5398.86023813]), 'n_active': 1, 'beta1_train': -3952.706878807807, 'beta0_train': -3965.0011535931576, 'beta1_val': -2389.9491337796417, 'beta0_val': -3415.5524914416783, 'selected_score': -3965.0011535931576, 'evaluations': 20, 'seconds': 0.02727279999817256, 'method': 'differential_evolution_v2', 'accepted_search': True, 'solver_message': 'Optimization terminated successfully.'}, {'theta': array([-1.54614021e+03, -1.35848556e+00]), 'n_active': 2, 'beta1_train': -220.1016200931344, 'beta0_train': -2801.6599583047655, 'beta1_val': -509.51903416874075, 'beta0_val': -3047.1674761237264, 'selected_score': -2801.6599583047655, 'evaluations': 55, 'seconds': 0.039104600000428036, 'method': 'differential_evolution_v2', 'accepted_search': True, 'solver_message': 'Optimization terminated successfully.'}, {'theta': array([0., 0., 0., 0.]), 'n_active': 4, 'beta1_train': 168.7499797145803, 'beta0_train': -32.764403168558076, 'beta1_val': 16530.12574972128, 'beta0_val': 17127.564429770904, 'selected_score': 168.7499797145803, 'evaluations': 185, 'seconds': 0.13216009999450762, 'method': 'differential_evolution_v2', 'accepted_search': False, 'solver_message': 'Maximum number of iterations has been exceeded.'}]",42,"[{'update_slot': 60, 'hour': 10, 'info': 'both', 'lp_status': 'optimal', 'lp_message': '', 'fallback': False}]",1200.0,1906.2496666666666,0.1985374999931082,0.3442094000056386
"[{'theta': array([-7681.4393074]), 'n_active': 1, 'beta1_train': -2417.9434279657858, 'beta0_train': -2691.4483132892046, 'beta1_val': -1248.4805955608658, 'beta0_val': -2176.756807095332, 'selected_score': -2691.4483132892046, 'evaluations': 20, 'seconds': 0.02777470000728499, 'method': 'differential_evolution_v2', 'accepted_search': True, 'solver_message': 'Optimization terminated successfully.'}, {'theta': array([-1.08385931e+03,  8.92253192e-01]), 'n_active': 2, 'beta1_train': 1437.2816892035016, 'beta0_train': -1322.7462198053136, 'beta1_val': 3809.6624442518214, 'beta0_val': 1250.9667756730505, 'selected_score': -1323.935015880485, 'evaluations': 95, 'seconds': 0.05884640000294894, 'method': 'differential_evolution_v2', 'accepted_search': True, 'solver_message': 'Maximum number of iterations has been exceeded.'}, {'theta': array([0., 0., 0., 0.]), 'n_active': 4, 'beta1_train': 967.6857431493618, 'beta0_train': 815.2446626738827, 'beta1_val': 12759.105196128186, 'beta0_val': 14995.004998278111, 'selected_score': 967.6857431493618, 'evaluations': 185, 'seconds': 0.12647930000093766, 'method': 'differential_evolution_v2', 'accepted_search': False, 'solver_message': 'Maximum number of iterations has been exceeded.'}]",42,"[{'update_slot': 60, 'hour': 10, 'info': 'both', 'lp_status': 'optimal', 'lp_message': '', 'fallback': False}]",1906.2496666666666,1200.0,0.2131004000111716,0.3536008000082802
"[{'theta': array([-1524.98833332]), 'n_active': 1, 'beta1_train': -3753.755126760975, 'beta0_train': -3785.5107635060913, 'beta1_val': -3378.5662482333346, 'beta0_val': -3698.5904062260033, 'selected_score': -3785.5107635060913, 'evaluations': 30, 'seconds': 0.03503889999410603, 'method': 'differential_evolution_v2', 'accepted_search': True, 'solver_message': 'Optimization terminated successfully.'}, {'theta': array([-3.95957222e+03,  1.47286787e+00]), 'n_active': 2, 'beta1_train': 580.1671648532079, 'beta0_train': -2135.5673654155544, 'beta1_val': -327.14113567541744, 'beta0_val': -2732.0174888760434, 'selected_score': -2135.5673654155544, 'evaluations': 55, 'seconds': 0.03833399999712128, 'method': 'differential_evolution_v2', 'accepted_search': True, 'solver_message': 'Optimization terminated successfully.'}, {'theta': array([0., 0., 0., 0.]), 'n_active': 4, 'beta1_train': -372.1825203537188, 'beta0_train': -415.95863023527585, 'beta1_val': 6485.190815023801, 'beta0_val': 7655.809200536948, 'selected_score': -372.1825203537188, 'evaluations': 185, 'seconds': 0.12337909999769181, 'method': 'differential_evolution_v2', 'accepted_search': False, 'solver_message': 'Maximum number of iterations has been exceeded.'}]",42,"[{'update_slot': 60, 'hour': 10, 'info': 'both', 'lp_status': 'optimal', 'lp_message': '', 'fallback': False}]",1200.0,1954.6322250000003,0.19675199998891912,0.3361962999915704
"[{'theta': array([-3015.13435116]), 'n_active': 1, 'beta1_train': -424.21810407913586, 'beta0_train': -460.2453896287726, 'beta1_val': 173.5404259811561, 'beta0_val': -425.1921424258589, 'selected_score': -460.2453896287726, 'evaluations': 25, 'seconds': 0.030621600002632476, 'method': 'differential_evolution_v2', 'accepted_search': True, 'solver_message': 'Optimization terminated successfully.'}, {'theta': array([-1.53696718e+03, -1.35183728e+00]), 'n_active': 2, 'beta1_train': 2834.8574526080683, 'beta0_train': -123.76705122647921, 'beta1_val': 2436.0630624554215, 'beta0_val': -276.57529368120464, 'selected_score': -123.76705122647921, 'evaluations': 95, 'seconds': 0.058762600005138665, 'method': 'differential_evolution_v2', 'accepted_search': True, 'solver_message': 'Maximum number of iterations has been exceeded.'}, {'theta': array([-9600.,     0., -9600.,     0.]), 'n_active': 4, 'beta1_train': 1124.5135814799637, 'beta0_train': 1092.7384870668445, 'beta1_val': 6502.469926426253, 'beta0_val': 4796.118674086337, 'selected_score': 1092.7384870668445, 'evaluations': 185, 'seconds': 0.1276646000042092, 'method': 'differential_evolution_v2', 'accepted_search': False, 'solver_message': 'Maximum number of iterations has been exceeded.'}]",42,"[{'update_slot': 60, 'hour': 10, 'info': 'both', 'lp_status': 'optimal', 'lp_message': '', 'fallback': False}]",1954.6322250000003,1200.0,0.21704880001198035,0.3622350999939954
"[{'theta': array([-3897.64227798]), 'n_active': 1, 'beta1_train': -686.1172326518258, 'beta0_train': -699.8947395446011, 'beta1_val': -387.03139355418205, 'beta0_val': -461.07063979592573, 'selected_score': -699.8947395446011, 'evaluations': 20, 'seconds': 0.027179700002307072, 'method': 'differential_evolution_v2', 'accepted_search': True, 'solver_message': 'Optimization terminated successfully.'}, {'theta': array([-1.25898796e+03, -1.18777824e+00]), 'n_active': 2, 'beta1_train': -712.3169403895621, 'beta0_train': -1620.2791264608486, 'beta1_val': -1012.6157241160421, 'beta0_val': -1685.7416062052266, 'selected_score': -1620.2791264608486, 'evaluations': 95, 'seconds': 0.059015199993154965, 'method': 'differential_evolution_v2', 'accepted_search': True, 'solver_message': 'Maximum number of iterations has been exceeded.'}, {'theta': array([-1.40942288e+02,  4.96932087e-01, -7.41798220e+03, -8.59909240e-01]), 'n_active': 4, 'beta1_train': 51.08121789339598, 'beta0_train': -10.510819603519018, 'beta1_val': 3144.226047276892, 'beta0_val': 3026.097077085644, 'selected_score': -18.944472639147225, 'evaluations': 185, 'seconds': 0.12696880000294186, 'method': 'differential_evolution_v2', 'accepted_search': True, 'solver_message': 'Maximum number of iterations has been exceeded.'}]",42,"[{'update_slot': 60, 'hour': 10, 'info': 'both', 'lp_status': 'optimal', 'lp_message': '', 'fallback': False}]",1200.0,1312.5757227777779,0.2131636999984039,0.3539950999984285
"[{'theta': array([-293.06843896]), 'n_active': 1, 'beta1_train': -1986.3850199517883, 'beta0_train': -1991.7057156404412, 'beta1_val': -1418.5670503211022, 'beta0_val': -1581.0611648715267, 'selected_score': -1991.7057156404412, 'evaluations': 30, 'seconds': 0.03644720000738744, 'method': 'differential_evolution_v2', 'accepted_search': True, 'solver_message': 'Optimization terminated successfully.'}, {'theta': array([-4.39170762e+03,  1.05643494e+00]), 'n_active': 2, 'beta1_train': -3063.3131079572995, 'beta0_train': -3801.9242205703476, 'beta1_val': -2560.3725668323054, 'beta0_val': -3255.9000276011475, 'selected_score': -3801.9242205703476, 'evaluations': 35, 'seconds': 0.02934780000941828, 'method': 'differential_evolution_v2', 'accepted_search': True, 'solver_message': 'Optimization terminated successfully.'}, {'theta': array([ -96.48403452,    0.99926198, -488.25502021,   -0.91592801]), 'n_active': 4, 'beta1_train': -3490.4035902621504, 'beta0_train': -3439.0527131201893, 'beta1_val': 2091.1914764554904, 'beta0_val': 3051.1753445911445, 'selected_score': -3493.630685046229, 'evaluations': 185, 'seconds': 0.1250651000009384, 'method': 'differential_evolution_v2', 'accepted_search': True, 'solver_message': 'Maximum number of iterations has been exceeded.'}]",42,"[{'update_slot': 60, 'hour': 10, 'info': 'both', 'lp_status': 'optimal', 'lp_message': '', 'fallback': False}]",1312.5757227777779,7277.330932037037,0.19086010001774412,0.33445989999745507
"[{'theta': array([-5741.4334827]), 'n_active': 1, 'beta1_train': -2490.5872576901734, 'beta0_train': -4206.044448932636, 'beta1_val': -1898.1348720000015, 'beta0_val': -4122.4624057700785, 'selected_score': -4206.044448932636, 'evaluations': 30, 'seconds': 0.03577679999580141, 'method': 'differential_evolution_v2', 'accepted_search': True, 'solver_message': 'Optimization terminated successfully.'}, {'theta': array([-8.37971455e+03, -1.87983680e+00]), 'n_active': 2, 'beta1_train': -961.1130935388685, 'beta0_train': -3626.8656868772487, 'beta1_val': -594.305685591497, 'beta0_val': -3207.8910048109187, 'selected_score': -3626.8656868772487, 'evaluations': 75, 'seconds': 0.048872300001676194, 'method': 'differential_evolution_v2', 'accepted_search': True, 'solver_message': 'Optimization terminated successfully.'}, {'theta': array([-1.92900490e+02,  5.99650585e-01, -5.03439107e+03,  5.99268860e-01]), 'n_active': 4, 'beta1_train': -845.9003562855743, 'beta0_train': -912.3620037491868, 'beta1_val': 1811.4451851760036, 'beta0_val': 1926.0928435916412, 'selected_score': -951.3420133158601, 'evaluations': 185, 'seconds': 0.13185089999751654, 'method': 'differential_evolution_v2', 'accepted_search': True, 'solver_message': 'Maximum number of iterations has been exceeded.'}]",42,"[{'update_slot': 60, 'hour': 10, 'info': 'both', 'lp_status': 'optimal', 'lp_message': '', 'fallback': False}]",7277.330932037037,4344.937440377812,0.21649999999499414,0.35602630001085345
"[{'theta': array([-8519.99900496]), 'n_active': 1, 'beta1_train': -4271.26934308849, 'beta0_train': -4299.9374605687335, 'beta1_val': -4303.199999999999, 'beta0_val': -4303.199999999999, 'selected_score': -4299.9374605687335, 'evaluations': 25, 'seconds': 0.040832099999533966, 'method': 'differential_evolution_v2', 'accepted_search': True, 'solver_message': 'Optimization terminated successfully.'}, {'theta': array([-2.82616541e+03, -1.07286498e+00]), 'n_active': 2, 'beta1_train': -748.8840637801025, 'beta0_train': -3338.7655151263916, 'beta1_val': -1237.978536707525, 'beta0_val': -3535.108619972331, 'selected_score': -3338.7655151263916, 'evaluations': 95, 'seconds': 0.05959659999643918, 'method': 'differential_evolution_v2', 'accepted_search': True, 'solver_message': 'Maximum number of iterations has been exceeded.'}, {'theta': array([-8.05290890e+03,  9.21411152e-01, -1.11160957e+03, -5.25145568e-01]), 'n_active': 4, 'beta1_train': -704.1987309088025, 'beta0_train': -906.0013446346521, 'beta1_val': -1206.2983083782935, 'beta0_val': -1741.9655898279711, 'selected_score': -906.0013446346521, 'evaluations': 185, 'seconds': 0.1312857000011718, 'method': 'differential_evolution_v2', 'accepted_search': True, 'solver_message': 'Maximum number of iterations has been exceeded.'}]",42,"[{'update_slot': 60, 'hour': 10, 'info': 'both', 'lp_status': 'optimal', 'lp_message': '', 'fallback': False}]",4344.937440377812,4196.791989135694,0.23171439999714494,0.38547969999490306
"[{'theta': array([-6128.63008537]), 'n_active': 1, 'beta1_train': -4280.894736544874, 'beta0_train': -4314.594427175667, 'beta1_val': -4317.6, 'beta0_val': -4317.6, 'selected_score': -4314.594427175667, 'evaluations': 15, 'seconds': 0.03470210000523366, 'method': 'differential_evolution_v2', 'accepted_search': True, 'solver_message': 'Optimization terminated successfully.'}, {'theta': array([-6.11887545e+03,  9.46543143e-01]), 'n_active': 2, 'beta1_train': -444.87221756398634, 'beta0_train': -3012.3749036565464, 'beta1_val': -379.7878255043297, 'beta0_val': -2890.142065078795, 'selected_score': -3012.3749036565464, 'evaluations': 45, 'seconds': 0.044687599991448224, 'method': 'differential_evolution_v2', 'accepted_search': True, 'solver_message': 'Optimization terminated successfully.'}, {'theta': array([-1.79400778e+02, -4.59891138e-01, -1.54070777e+03, -8.07486675e-02]), 'n_active': 4, 'beta1_train': -431.1941899194709, 'beta0_train': -448.14310763743913, 'beta1_val': -1660.8544938683128, 'beta0_val': -1660.8544938683128, 'selected_score': -532.3402092929313, 'evaluations': 185, 'seconds': 0.17286169998988044, 'method': 'differential_evolution_v2', 'accepted_search': True, 'solver_message': 'Maximum number of iterations has been exceeded.'}]",42,"[{'update_slot': 60, 'hour': 10, 'info': 'both', 'lp_status': 'optimal', 'lp_message': '', 'fallback': False}]",4196.791989135694,4003.2166224074085,0.2522513999865623,0.4422350000095321
"[{'theta': array([-4405.40936077]), 'n_active': 1, 'beta1_train': -4015.271324775682, 'beta0_train': -4079.026552372403, 'beta1_val': -4083.5999999999995, 'beta0_val': -4083.5999999999995, 'selected_score': -4079.026552372403, 'evaluations': 50, 'seconds': 0.057486199992126785, 'method': 'differential_evolution_v2', 'accepted_search': True, 'solver_message': 'Maximum number of iterations has been exceeded.'}, {'theta': array([-1.03913635e+03, -6.75532276e-01]), 'n_active': 2, 'beta1_train': 674.9298836356876, 'beta0_train': -1198.934066564554, 'beta1_val': 752.9364678637835, 'beta0_val': -1232.4122580801602, 'selected_score': -1199.4067765355164, 'evaluations': 95, 'seconds': 0.060556099997484125, 'method': 'differential_evolution_v2', 'accepted_search': True, 'solver_message': 'Maximum number of iterations has been exceeded.'}, {'theta': array([-1.51972533e+03, -1.55148830e+00, -4.47132985e+03,  7.13304081e-01]), 'n_active': 4, 'beta1_train': -781.7623617205502, 'beta0_train': -807.3635760897073, 'beta1_val': -1387.216662076765, 'beta0_val': -1387.216662076765, 'selected_score': -807.3635760897073, 'evaluations': 185, 'seconds': 0.1274007000029087, 'method': 'differential_evolution_v2', 'accepted_search': True, 'solver_message': 'Maximum number of iterations has been exceeded.'}]",42,"[{'update_slot': 60, 'hour': 10, 'info': 'both', 'lp_status': 'optimal', 'lp_message': '', 'fallback': False}]",4003.2166224074085,4026.7888647701247,0.24544299999251962,0.38577119998808485
"[{'theta': array([-1992.96977778]), 'n_active': 1, 'beta1_train': -2841.884426074967, 'beta0_train': -2927.682861435237, 'beta1_val': -2934.0, 'beta0_val': -2934.0, 'selected_score': -2927.682861435237, 'evaluations': 20, 'seconds': 0.02783639999688603, 'method': 'differential_evolution_v2', 'accepted_search': True, 'solver_message': 'Optimization terminated successfully.'}, {'theta': array([-3.70566997e+03, -3.28450911e-01]), 'n_active': 2, 'beta1_train': 465.5589458070491, 'beta0_train': -2210.8096944934964, 'beta1_val': 597.6030999483683, 'beta0_val': -2222.2769574657113, 'selected_score': -2210.8096944934964, 'evaluations': 95, 'seconds': 0.06095400000049267, 'method': 'differential_evolution_v2', 'accepted_search': True, 'solver_message': 'Maximum number of iterations has been exceeded.'}, {'theta': array([-4.06672266e+02, -1.67305907e+00, -2.48188464e+03, -1.97940662e+00]), 'n_active': 4, 'beta1_train': 700.1665426967035, 'beta0_train': 297.79867097353264, 'beta1_val': -1057.567361174033, 'beta0_val': -1057.567361174033, 'selected_score': 286.62132531816013, 'evaluations': 185, 'seconds': 0.1274523999891244, 'method': 'differential_evolution_v2', 'accepted_search': True, 'solver_message': 'Maximum number of iterations has been exceeded.'}]",42,"[{'update_slot': 60, 'hour': 10, 'info': 'both', 'lp_status': 'optimal', 'lp_message': '', 'fallback': False}]",4026.7888647701247,4379.4091302635925,0.2162427999865031,0.3531005999975605
"[{'theta': array([-3003.30085689]), 'n_active': 1, 'beta1_train': -1443.0384268213872, 'beta0_train': -1443.4692211729428, 'beta1_val': -1739.6619507520313, 'beta0_val': -1739.6619507520313, 'selected_score': -1443.4692211729428, 'evaluations': 25, 'seconds': 0.03338350000558421, 'method': 'differential_evolution_v2', 'accepted_search': True, 'solver_message': 'Optimization terminated successfully.'}, {'theta': array([-2.80056166e+03,  9.24979498e-01]), 'n_active': 2, 'beta1_train': -2477.2913106350916, 'beta0_train': -3123.107525532271, 'beta1_val': -2612.824091592178, 'beta0_val': -3168.745978304702, 'selected_score': -3123.107525532271, 'evaluations': 45, 'seconds': 0.03451919999497477, 'method': 'differential_evolution_v2', 'accepted_search': True, 'solver_message': 'Optimization terminated successfully.'}, {'theta': array([-3.32680469e+01, -1.98260924e+00, -3.71770136e+03,  1.41045159e+00]), 'n_active': 4, 'beta1_train': 299.6489336284921, 'beta0_train': 356.9225824722037, 'beta1_val': -1363.670251583503, 'beta0_val': -1380.0065833898163, 'selected_score': 262.96465775613865, 'evaluations': 185, 'seconds': 0.12645319999137428, 'method': 'differential_evolution_v2', 'accepted_search': True, 'solver_message': 'Maximum number of iterations has been exceeded.'}]",42,"[{'update_slot': 60, 'hour': 10, 'info': 'both', 'lp_status': 'optimal', 'lp_message': '', 'fallback': False}]",4379.4091302635925,4034.351906706442,0.19435589999193326,0.33357629999227356
"[{'theta': array([-191.71107863]), 'n_active': 1, 'beta1_train': -2081.3376977052217, 'beta0_train': -2098.3283482993606, 'beta1_val': -2375.0556673053934, 'beta0_val': -2375.0556673053934, 'selected_score': -2098.8603639786056, 'evaluations': 40, 'seconds': 0.04483780000009574, 'method': 'differential_evolution_v2', 'accepted_search': True, 'solver_message': 'Optimization terminated successfully.'}, {'theta': array([-3.20973028e+03,  7.76774293e-01]), 'n_active': 2, 'beta1_train': -3663.990142209625, 'beta0_train': -4367.216254264028, 'beta1_val': -3731.81443762228, 'beta0_val': -4370.4, 'selected_score': -4367.216254264028, 'evaluations': 35, 'seconds': 0.02840480000304524, 'method': 'differential_evolution_v2', 'accepted_search': True, 'solver_message': 'Optimization terminated successfully.'}, {'theta': array([-7.33920648e+03, -5.93737732e-01, -9.11207486e+01, -5.80796188e-01]), 'n_active': 4, 'beta1_train': -304.7502072398009, 'beta0_train': -401.7227089616585, 'beta1_val': -1808.3043556290947, 'beta0_val': -1808.3043556290947, 'selected_score': -415.7224601094129, 'evaluations': 185, 'seconds': 0.1258665000059409, 'method': 'differential_evolution_v2', 'accepted_search': True, 'solver_message': 'Maximum number of iterations has been exceeded.'}]",42,"[{'update_slot': 60, 'hour': 10, 'info': 'both', 'lp_status': 'optimal', 'lp_message': '', 'fallback': False}]",4034.351906706442,4371.068955825759,0.19910910000908189,0.3374998999934178
"[{'theta': array([-6599.67611634]), 'n_active': 1, 'beta1_train': -3789.1860816585113, 'beta0_train': -4153.835796746245, 'beta1_val': -4226.4, 'beta0_val': -4226.4, 'selected_score': -4153.835796746245, 'evaluations': 20, 'seconds': 0.027348600007826462, 'method': 'differential_evolution_v2', 'accepted_search': True, 'solver_message': 'Optimization terminated successfully.'}, {'theta': array([-2.93542962e+03,  8.78610563e-01]), 'n_active': 2, 'beta1_train': -119.33252134334828, 'beta0_train': -2780.41694108346, 'beta1_val': -602.3133686380311, 'beta0_val': -2916.550422105775, 'selected_score': -2780.41694108346, 'evaluations': 95, 'seconds': 0.05699759999697562, 'method': 'differential_evolution_v2', 'accepted_search': True, 'solver_message': 'Maximum number of iterations has been exceeded.'}, {'theta': array([-4.24050928e+02,  3.32403857e-01, -1.64206241e+03,  1.60448250e+00]), 'n_active': 4, 'beta1_train': 45.02768156058784, 'beta0_train': 46.17428361547469, 'beta1_val': -1332.3047570221358, 'beta0_val': -1332.3047570221358, 'selected_score': 31.385030965942722, 'evaluations': 185, 'seconds': 0.12721930000407156, 'method': 'differential_evolution_v2', 'accepted_search': True, 'solver_message': 'Maximum number of iterations has been exceeded.'}]",42,"[{'update_slot': 60, 'hour': 10, 'info': 'both', 'lp_status': 'optimal', 'lp_message': '', 'fallback': False}]",4371.068955825759,3954.301933511273,0.21156550000887364,0.3505021000019042
"[{'theta': array([-4612.27628673]), 'n_active': 1, 'beta1_train': -4338.203091229732, 'beta0_train': -4497.724112432036, 'beta1_val': -4524.0, 'beta0_val': -4524.0, 'selected_score': -4497.724112432036, 'evaluations': 30, 'seconds': 0.035474600008456036, 'method': 'differential_evolution_v2', 'accepted_search': True, 'solver_message': 'Optimization terminated successfully.'}, {'theta': array([-1.94057137e+03, -8.71372234e-01]), 'n_active': 2, 'beta1_train': 109.38624012506162, 'beta0_train': -2761.462586515447, 'beta1_val': -177.10717272643842, 'beta0_val': -2647.8535149781173, 'selected_score': -2761.462586515447, 'evaluations': 95, 'seconds': 0.05869219999294728, 'method': 'differential_evolution_v2', 'accepted_search': True, 'solver_message': 'Maximum number of iterations has been exceeded.'}, {'theta': array([-7.43889744e+01, -1.92091574e+00, -3.18266248e+03, -1.35907902e+00]), 'n_active': 4, 'beta1_train': 577.617497743511, 'beta0_train': 523.0279219591586, 'beta1_val': -1500.9336584501211, 'beta0_val': -1500.9336584501211, 'selected_score': 489.1221318967967, 'evaluations': 185, 'seconds': 0.12440200000128243, 'method': 'differential_evolution_v2', 'accepted_search': True, 'solver_message': 'Maximum number of iterations has been exceeded.'}]",42,"[{'update_slot': 60, 'hour': 10, 'info': 'both', 'lp_status': 'optimal', 'lp_message': '', 'fallback': False}]",3954.301933511273,3445.5338982999747,0.21856880000268575,0.35413550000521354
"[{'theta': array([-4325.17442358]), 'n_active': 1, 'beta1_train': -3271.0613641013488, 'beta0_train': -3445.365389101425, 'beta1_val': -3466.8, 'beta0_val': -3466.8, 'selected_score': -3445.365389101425, 'evaluations': 50, 'seconds': 0.05238619999727234, 'method': 'differential_evolution_v2', 'accepted_search': True, 'solver_message': 'Maximum number of iterations has been exceeded.'}, {'theta': array([-2.88538377e+03,  1.14837468e+00]), 'n_active': 2, 'beta1_train': 356.77438281957836, 'beta0_train': -2363.9414696729586, 'beta1_val': 663.5394431447398, 'beta0_val': -2281.037559882089, 'selected_score': -2363.9414696729586, 'evaluations': 55, 'seconds': 0.03875490000064019, 'method': 'differential_evolution_v2', 'accepted_search': True, 'solver_message': 'Optimization terminated successfully.'}, {'theta': array([0., 0., 0., 0.]), 'n_active': 4, 'beta1_train': 871.0572812847388, 'beta0_train': 1070.9741313776087, 'beta1_val': -1223.9275580234946, 'beta0_val': -1223.9275580234946, 'selected_score': 871.0572812847388, 'evaluations': 185, 'seconds': 0.12643370000296272, 'method': 'differential_evolution_v2', 'accepted_search': True, 'solver_message': 'Maximum number of iterations has been exceeded.'}]",42,"[{'update_slot': 60, 'hour': 10, 'info': 'both', 'lp_status': 'optimal', 'lp_message': '', 'fallback': False}]",3445.5338982999747,3427.191261639642,0.21757480000087526,0.35877459999755956
"[{'theta': array([-7231.86389759]), 'n_active': 1, 'beta1_train': -3419.4127920894994, 'beta0_train': -3649.862394458659, 'beta1_val': -3682.8, 'beta0_val': -3682.8, 'selected_score': -3649.862394458659, 'evaluations': 15, 'seconds': 0.021918400001595728, 'method': 'differential_evolution_v2', 'accepted_search': True, 'solver_message': 'Optimization terminated successfully.'}, {'theta': array([-3.63530546e+03, -1.28158183e+00]), 'n_active': 2, 'beta1_train': 65.8871986932268, 'beta0_train': -2684.8059676564585, 'beta1_val': 389.7605567168248, 'beta0_val': -2535.139773705786, 'selected_score': -2684.8059676564585, 'evaluations': 65, 'seconds': 0.04259019999881275, 'method': 'differential_evolution_v2', 'accepted_search': True, 'solver_message': 'Optimization terminated successfully.'}, {'theta': array([-2.40540123e+02, -8.72790703e-01, -5.31352912e+03,  2.49195521e-01]), 'n_active': 4, 'beta1_train': 1382.235525772437, 'beta0_train': 1263.704811864452, 'beta1_val': -665.5956764160529, 'beta0_val': -1029.0438385141697, 'selected_score': 1106.0493544344306, 'evaluations': 185, 'seconds': 0.1278368000057526, 'method': 'differential_evolution_v2', 'accepted_search': True, 'solver_message': 'Maximum number of iterations has been exceeded.'}]",42,"[{'update_slot': 60, 'hour': 10, 'info': 'both', 'lp_status': 'optimal', 'lp_message': '', 'fallback': False}]",3427.191261639642,3897.704546920143,0.19234540000616107,0.32951140000659507
"[{'theta': array([-2085.04932863]), 'n_active': 1, 'beta1_train': -2757.9164572982545, 'beta0_train': -3011.256949989144, 'beta1_val': -3077.9999999999995, 'beta0_val': -3077.9999999999995, 'selected_score': -3011.256949989144, 'evaluations': 20, 'seconds': 0.026948599988827482, 'method': 'differential_evolution_v2', 'accepted_search': True, 'solver_message': 'Optimization terminated successfully.'}, {'theta': array([-8.62360237e+03,  2.47224100e-01]), 'n_active': 2, 'beta1_train': 41.46274137349325, 'beta0_train': -2364.1806460775274, 'beta1_val': -131.9339357677968, 'beta0_val': -2595.29899996191, 'selected_score': -2364.1806460775274, 'evaluations': 95, 'seconds': 0.059551600003032945, 'method': 'differential_evolution_v2', 'accepted_search': True, 'solver_message': 'Maximum number of iterations has been exceeded.'}, {'theta': array([-1.03646856e+02,  3.21772146e-01, -2.23426434e+03,  1.24899313e+00]), 'n_active': 4, 'beta1_train': 2347.27022087008, 'beta0_train': 2591.08059663626, 'beta1_val': -853.1173874885093, 'beta0_val': -919.1948353698677, 'selected_score': 2301.1370861036776, 'evaluations': 185, 'seconds': 0.12775489999330603, 'method': 'differential_evolution_v2', 'accepted_search': True, 'solver_message': 'Maximum number of iterations has been exceeded.'}]",42,"[{'update_slot': 60, 'hour': 10, 'info': 'both', 'lp_status': 'optimal', 'lp_message': '', 'fallback': False}]",3897.704546920143,2963.8726284423133,0.21425509998516645,0.3537362000060966
"[{'theta': array([-3294.07841267]), 'n_active': 1, 'beta1_train': -746.6490226569994, 'beta0_train': -879.0615272085647, 'beta1_val': -1042.4226483132038, 'beta0_val': -1042.4226483132038, 'selected_score': -879.0615272085647, 'evaluations': 50, 'seconds': 0.052676299994345754, 'method': 'differential_evolution_v2', 'accepted_search': True, 'solver_message': 'Maximum number of iterations has been exceeded.'}, {'theta': array([-3.08742858e+03, -1.44099395e+00]), 'n_active': 2, 'beta1_train': -2512.5618219122157, 'beta0_train': -3094.6540404142524, 'beta1_val': -1703.2548720451193, 'beta0_val': -2935.156627320511, 'selected_score': -3094.6540404142524, 'evaluations': 95, 'seconds': 0.05890459999500308, 'method': 'differential_evolution_v2', 'accepted_search': True, 'solver_message': 'Maximum number of iterations has been exceeded.'}, {'theta': array([ 31.4367093 ,   1.85728095, -60.30159635,   0.65397501]), 'n_active': 4, 'beta1_train': 973.3712052216891, 'beta0_train': 1017.3806024142949, 'beta1_val': -819.2939272717072, 'beta0_val': -819.2939272717072, 'selected_score': 939.888489822475, 'evaluations': 185, 'seconds': 0.129246399999829, 'method': 'differential_evolution_v2', 'accepted_search': True, 'solver_message': 'Maximum number of iterations has been exceeded.'}]",42,"[{'update_slot': 60, 'hour': 10, 'info': 'both', 'lp_status': 'optimal', 'lp_message': '', 'fallback': False}]",2963.8726284423133,3046.623128912865,0.24082729998917785,0.38256019999971613
"[{'theta': array([-278.64410596]), 'n_active': 1, 'beta1_train': -1169.886720619257, 'beta0_train': -1170.641940808157, 'beta1_val': -1608.561878968061, 'beta0_val': -1608.561878968061, 'selected_score': -1191.3337101776638, 'evaluations': 50, 'seconds': 0.05264840000018012, 'method': 'differential_evolution_v2', 'accepted_search': True, 'solver_message': 'Maximum number of iterations has been exceeded.'}, {'theta': array([-4.50687086e+03, -1.03043739e+00]), 'n_active': 2, 'beta1_train': -3290.414721869588, 'beta0_train': -4283.4705321383, 'beta1_val': -3173.339799432483, 'beta0_val': -4285.2, 'selected_score': -4283.4705321383, 'evaluations': 45, 'seconds': 0.03287469998758752, 'method': 'differential_evolution_v2', 'accepted_search': True, 'solver_message': 'Optimization terminated successfully.'}, {'theta': array([-3.91681875e+01,  1.65432842e+00, -8.53310009e+03,  1.38303280e+00]), 'n_active': 4, 'beta1_train': 807.6706873966662, 'beta0_train': 804.6436572828613, 'beta1_val': -1460.4528551497176, 'beta0_val': -1460.4528551497176, 'selected_score': 617.5102291582925, 'evaluations': 185, 'seconds': 0.12448440000298433, 'method': 'differential_evolution_v2', 'accepted_search': True, 'solver_message': 'Maximum number of iterations has been exceeded.'}]",42,"[{'update_slot': 60, 'hour': 10, 'info': 'both', 'lp_status': 'optimal', 'lp_message': '', 'fallback': False}]",3046.623128912865,4286.251897824517,0.21000749999075197,0.3505384000018239
"[{'theta': array([-3748.99290197]), 'n_active': 1, 'beta1_train': -2859.7821000270524, 'beta0_train': -3529.0809605415843, 'beta1_val': -3416.721822153001, 'beta0_val': -3627.6000000000004, 'selected_score': -3529.0809605415843, 'evaluations': 20, 'seconds': 0.028057199990144, 'method': 'differential_evolution_v2', 'accepted_search': True, 'solver_message': 'Optimization terminated successfully.'}, {'theta': array([-9.20133897e+03,  8.06947091e-01]), 'n_active': 2, 'beta1_train': -631.9420535709671, 'beta0_train': -2845.754493056773, 'beta1_val': -742.0572800994732, 'beta0_val': -2895.172024355384, 'selected_score': -2845.754493056773, 'evaluations': 95, 'seconds': 0.059210799998254515, 'method': 'differential_evolution_v2', 'accepted_search': True, 'solver_message': 'Maximum number of iterations has been exceeded.'}, {'theta': array([-3.04806653e+02, -1.37112107e+00, -6.06172096e+03, -1.69653293e+00]), 'n_active': 4, 'beta1_train': 2899.1451900467127, 'beta0_train': 2807.7113355934703, 'beta1_val': -1013.299071908061, 'beta0_val': -1107.8342581391992, 'selected_score': 2523.5349125897847, 'evaluations': 185, 'seconds': 0.12237140000797808, 'method': 'differential_evolution_v2', 'accepted_search': True, 'solver_message': 'Maximum number of iterations has been exceeded.'}]",42,"[{'update_slot': 60, 'hour': 10, 'info': 'both', 'lp_status': 'optimal', 'lp_message': '', 'fallback': False}]",4286.251897824517,2705.0864242349194,0.2096393999963766,0.3480501999874832
"[{'theta': array([-6365.99410951]), 'n_active': 1, 'beta1_train': -3881.4963581445663, 'beta0_train': -4110.734955678642, 'beta1_val': -4157.999999999999, 'beta0_val': -4157.999999999999, 'selected_score': -4110.734955678642, 'evaluations': 20, 'seconds': 0.02788890000374522, 'method': 'differential_evolution_v2', 'accepted_search': True, 'solver_message': 'Optimization terminated successfully.'}, {'theta': array([-7.25308649e+03,  6.24758139e-01]), 'n_active': 2, 'beta1_train': -818.1496801943563, 'beta0_train': -3416.7163482150163, 'beta1_val': 1650.832037742488, 'beta0_val': -2936.7351443347807, 'selected_score': -3416.7163482150163, 'evaluations': 55, 'seconds': 0.038090700007160194, 'method': 'differential_evolution_v2', 'accepted_search': True, 'solver_message': 'Optimization terminated successfully.'}, {'theta': array([-3.43303958e+02, -9.48573715e-01, -2.03306902e+03,  5.19258239e-02]), 'n_active': 4, 'beta1_train': 2380.390053475687, 'beta0_train': 2190.961118636113, 'beta1_val': -636.9495206059047, 'beta0_val': -835.4068802456308, 'selected_score': 2045.5877942270668, 'evaluations': 185, 'seconds': 0.12883890001103282, 'method': 'differential_evolution_v2', 'accepted_search': True, 'solver_message': 'Maximum number of iterations has been exceeded.'}]",42,"[{'update_slot': 60, 'hour': 10, 'info': 'both', 'lp_status': 'optimal', 'lp_message': '', 'fallback': False}]",2705.0864242349194,2352.2222979712064,0.19481850002193823,0.3320028000016464
"[{'theta': array([-8138.41286617]), 'n_active': 1, 'beta1_train': -3830.5535757932757, 'beta0_train': -4141.2072487228825, 'beta1_val': -4198.8, 'beta0_val': -4198.8, 'selected_score': -4141.2072487228825, 'evaluations': 25, 'seconds': 0.031729900001664646, 'method': 'differential_evolution_v2', 'accepted_search': True, 'solver_message': 'Optimization terminated successfully.'}, {'theta': array([-2.79688474e+03,  2.75542162e-01]), 'n_active': 2, 'beta1_train': 20.513689017451767, 'beta0_train': -2804.164330969526, 'beta1_val': -934.3391482436004, 'beta0_val': -3203.53200212042, 'selected_score': -2804.164330969526, 'evaluations': 95, 'seconds': 0.05772520000755321, 'method': 'differential_evolution_v2', 'accepted_search': True, 'solver_message': 'Maximum number of iterations has been exceeded.'}, {'theta': array([-6.05459452e+01, -8.42437762e-01, -7.21112051e+03, -2.83562866e-01]), 'n_active': 4, 'beta1_train': 1925.1841175919558, 'beta0_train': 1982.1896363732958, 'beta1_val': -909.0917007281209, 'beta0_val': -909.0917007281209, 'selected_score': 1845.0960087332112, 'evaluations': 185, 'seconds': 0.1268673000013223, 'method': 'differential_evolution_v2', 'accepted_search': True, 'solver_message': 'Maximum number of iterations has been exceeded.'}]",42,"[{'update_slot': 60, 'hour': 10, 'info': 'both', 'lp_status': 'optimal', 'lp_message': '', 'fallback': False}]",2352.2222979712064,2717.880901697409,0.21632240001054015,0.3552038000052562
"[{'theta': array([-1920.91639244]), 'n_active': 1, 'beta1_train': -4007.6698377679654, 'beta0_train': -4217.459893670301, 'beta1_val': -4232.886648016666, 'beta0_val': -4259.846001884773, 'selected_score': -4217.459893670301, 'evaluations': 25, 'seconds': 0.0314593000075547, 'method': 'differential_evolution_v2', 'accepted_search': True, 'solver_message': 'Optimization terminated successfully.'}, {'theta': array([-8.89130063e+03,  2.50192506e-01]), 'n_active': 2, 'beta1_train': -667.0937503885964, 'beta0_train': -3222.151602734891, 'beta1_val': -853.0024315181267, 'beta0_val': -3057.0721357524358, 'selected_score': -3222.151602734891, 'evaluations': 35, 'seconds': 0.02901949999795761, 'method': 'differential_evolution_v2', 'accepted_search': True, 'solver_message': 'Optimization terminated successfully.'}, {'theta': array([-2.91399162e+02, -1.04293121e+00, -3.29740506e+03,  4.91129327e-01]), 'n_active': 4, 'beta1_train': 3256.5289115527335, 'beta0_train': 3185.1998141910344, 'beta1_val': -270.6173930368748, 'beta0_val': -1121.0000735003273, 'selected_score': 2804.1091103461195, 'evaluations': 185, 'seconds': 0.12461089999123942, 'method': 'differential_evolution_v2', 'accepted_search': True, 'solver_message': 'Maximum number of iterations has been exceeded.'}]",42,"[{'update_slot': 60, 'hour': 10, 'info': 'both', 'lp_status': 'optimal', 'lp_message': '', 'fallback': False}]",2717.880901697409,2525.473435310001,0.18508969999675173,0.3228011000028346
"[{'theta': array([-6745.9462517]), 'n_active': 1, 'beta1_train': -2869.4238024492347, 'beta0_train': -3159.445992295881, 'beta1_val': -3201.5999999999995, 'beta0_val': -3201.5999999999995, 'selected_score': -3159.445992295881, 'evaluations': 15, 'seconds': 0.022420499997679144, 'method': 'differential_evolution_v2', 'accepted_search': True, 'solver_message': 'Optimization terminated successfully.'}, {'theta': array([-6.28180474e+03,  6.17810783e-01]), 'n_active': 2, 'beta1_train': 353.64464218394454, 'beta0_train': -2589.7171013344678, 'beta1_val': -216.29525758502496, 'beta0_val': -2770.133652175732, 'selected_score': -2589.7171013344678, 'evaluations': 45, 'seconds': 0.03307009999116417, 'method': 'differential_evolution_v2', 'accepted_search': True, 'solver_message': 'Optimization terminated successfully.'}, {'theta': array([-9600.,     0., -9600.,     0.]), 'n_active': 4, 'beta1_train': 2811.25702690804, 'beta0_train': 2801.163321574206, 'beta1_val': 741.8804272047214, 'beta0_val': -746.7201691686232, 'selected_score': 2801.163321574206, 'evaluations': 185, 'seconds': 0.12408069999946747, 'method': 'differential_evolution_v2', 'accepted_search': False, 'solver_message': 'Maximum number of iterations has been exceeded.'}]",42,"[{'update_slot': 60, 'hour': 10, 'info': 'both', 'lp_status': 'optimal', 'lp_message': '', 'fallback': False}]",2525.473435310001,2391.789527466583,0.17957129998831078,0.3133583000017097
"[{'theta': array([-7400.93426626]), 'n_active': 1, 'beta1_train': -648.9698448087057, 'beta0_train': -680.3203313513883, 'beta1_val': -1008.6607519691157, 'beta0_val': -1008.6607519691157, 'selected_score': -680.3203313513883, 'evaluations': 20, 'seconds': 0.024740699998801574, 'method': 'differential_evolution_v2', 'accepted_search': True, 'solver_message': 'Optimization terminated successfully.'}, {'theta': array([-3.73255768e+03,  9.89568291e-01]), 'n_active': 2, 'beta1_train': -1308.681346478063, 'beta0_train': -2193.6000000000004, 'beta1_val': -1048.651735466775, 'beta0_val': -2193.6, 'selected_score': -2193.6000000000004, 'evaluations': 95, 'seconds': 0.06059919999097474, 'method': 'differential_evolution_v2', 'accepted_search': True, 'solver_message': 'Maximum number of iterations has been exceeded.'}, {'theta': array([ 7.06276211e+03, -4.57042439e-01, -3.09561296e+02,  1.22470674e+00]), 'n_active': 4, 'beta1_train': 1904.2073195003852, 'beta0_train': 1981.2911220833212, 'beta1_val': -486.30544625447163, 'beta0_val': -486.30544625447163, 'selected_score': 1823.4245694741485, 'evaluations': 185, 'seconds': 0.12647540000034496, 'method': 'differential_evolution_v2', 'accepted_search': True, 'solver_message': 'Maximum number of iterations has been exceeded.'}]",42,"[{'update_slot': 60, 'hour': 10, 'info': 'both', 'lp_status': 'optimal', 'lp_message': '', 'fallback': False}]",2391.789527466583,2734.5811885043186,0.21181529999012128,0.34827360000053886
"[{'theta': array([-1426.59267642]), 'n_active': 1, 'beta1_train': -1001.6489447676321, 'beta0_train': -1007.6885594911661, 'beta1_val': -1392.395798606607, 'beta0_val': -1392.395798606607, 'selected_score': -1007.6885594911661, 'evaluations': 20, 'seconds': 0.02873859999817796, 'method': 'differential_evolution_v2', 'accepted_search': True, 'solver_message': 'Optimization terminated successfully.'}, {'theta': array([-4.43688111e+03, -9.62233170e-01]), 'n_active': 2, 'beta1_train': -3175.9301635552015, 'beta0_train': -3969.593606425882, 'beta1_val': -3217.7159250795603, 'beta0_val': -3804.4344012990737, 'selected_score': -3969.593606425882, 'evaluations': 95, 'seconds': 0.06255570000212174, 'method': 'differential_evolution_v2', 'accepted_search': True, 'solver_message': 'Maximum number of iterations has been exceeded.'}, {'theta': array([-1.00507595e+02,  1.04417591e+00, -9.10194760e+03,  1.83254715e+00]), 'n_active': 4, 'beta1_train': 1390.6860077483188, 'beta0_train': 1574.4624019458447, 'beta1_val': -1194.4783606041087, 'beta0_val': -1226.764280172399, 'selected_score': 1284.2246716349146, 'evaluations': 185, 'seconds': 0.12908850000530947, 'method': 'differential_evolution_v2', 'accepted_search': True, 'solver_message': 'Maximum number of iterations has been exceeded.'}]",42,"[{'update_slot': 60, 'hour': 10, 'info': 'both', 'lp_status': 'optimal', 'lp_message': '', 'fallback': False}]",2734.5811885043186,3132.8085472518032,0.22038280000560917,0.36814930000400636
"[{'theta': array([-907.48440401]), 'n_active': 1, 'beta1_train': -2140.422818822642, 'beta0_train': -3308.4278623881055, 'beta1_val': -2817.564372663346, 'beta0_val': -4069.7891640269972, 'selected_score': -3313.3621808788994, 'evaluations': 50, 'seconds': 0.05426889999944251, 'method': 'differential_evolution_v2', 'accepted_search': True, 'solver_message': 'Maximum number of iterations has been exceeded.'}, {'theta': array([-2.3449785e+03, -9.2144200e-01]), 'n_active': 2, 'beta1_train': -324.0356952389568, 'beta0_train': -2879.4091461186395, 'beta1_val': -1066.3677212871467, 'beta0_val': -3100.8030726894026, 'selected_score': -2879.4091461186395, 'evaluations': 55, 'seconds': 0.037338499998440966, 'method': 'differential_evolution_v2', 'accepted_search': True, 'solver_message': 'Optimization terminated successfully.'}, {'theta': array([-1.56278765e+02, -1.07225288e-03, -8.18521161e+03, -1.90704781e+00]), 'n_active': 4, 'beta1_train': 2854.5340113486072, 'beta0_train': 2954.5978823028217, 'beta1_val': -232.70129405391276, 'beta0_val': -410.8227878562245, 'selected_score': 2660.966102285438, 'evaluations': 185, 'seconds': 0.12495949999720324, 'method': 'differential_evolution_v2', 'accepted_search': True, 'solver_message': 'Maximum number of iterations has been exceeded.'}]",42,"[{'update_slot': 60, 'hour': 10, 'info': 'both', 'lp_status': 'optimal', 'lp_message': '', 'fallback': False}]",3132.8085472518032,2480.8000187702273,0.21656689999508671,0.35888189999968745
"[{'theta': array([-8548.65240897]), 'n_active': 1, 'beta1_train': -4103.376010631113, 'beta0_train': -4282.801490512279, 'beta1_val': -4333.2, 'beta0_val': -4333.2, 'selected_score': -4282.801490512279, 'evaluations': 20, 'seconds': 0.02701119999983348, 'method': 'differential_evolution_v2', 'accepted_search': True, 'solver_message': 'Optimization terminated successfully.'}, {'theta': array([-1.61111972e+03,  1.81160599e-01]), 'n_active': 2, 'beta1_train': -378.2555423133732, 'beta0_train': -3010.6157637521746, 'beta1_val': -242.37590120782716, 'beta0_val': -2676.7805238277097, 'selected_score': -3010.6157637521746, 'evaluations': 55, 'seconds': 0.03862720000324771, 'method': 'differential_evolution_v2', 'accepted_search': True, 'solver_message': 'Optimization terminated successfully.'}, {'theta': array([-9600.,     0., -9600.,     0.]), 'n_active': 4, 'beta1_train': 2633.012919530215, 'beta0_train': 2692.380604062355, 'beta1_val': -134.08054178477448, 'beta0_val': -955.6842523641105, 'selected_score': 2692.380604062355, 'evaluations': 185, 'seconds': 0.12615170000935905, 'method': 'differential_evolution_v2', 'accepted_search': False, 'solver_message': 'Maximum number of iterations has been exceeded.'}]",42,"[{'update_slot': 60, 'hour': 10, 'info': 'both', 'lp_status': 'optimal', 'lp_message': '', 'fallback': False}]",2480.8000187702273,2245.066896734323,0.19179010001244023,0.32726890000049025
"[{'theta': array([-4621.5461093]), 'n_active': 1, 'beta1_train': -3686.1949049627733, 'beta0_train': -4002.5084561925414, 'beta1_val': -4060.7999999999993, 'beta0_val': -4060.7999999999993, 'selected_score': -4002.5084561925414, 'evaluations': 50, 'seconds': 0.052726599999004975, 'method': 'differential_evolution_v2', 'accepted_search': True, 'solver_message': 'Maximum number of iterations has been exceeded.'}, {'theta': array([-7.26010681e+03,  1.59154453e+00]), 'n_active': 2, 'beta1_train': 22.54659741070916, 'beta0_train': -2568.926102668007, 'beta1_val': 82.12016516407903, 'beta0_val': -2483.4478945091764, 'selected_score': -2568.926102668007, 'evaluations': 75, 'seconds': 0.049133100008475594, 'method': 'differential_evolution_v2', 'accepted_search': True, 'solver_message': 'Optimization terminated successfully.'}, {'theta': array([0., 0., 0., 0.]), 'n_active': 4, 'beta1_train': 2486.4601298668413, 'beta0_train': 2801.78068964219, 'beta1_val': -523.8364585515957, 'beta0_val': -523.8364585515957, 'selected_score': 2486.4601298668413, 'evaluations': 185, 'seconds': 0.12664930000028107, 'method': 'differential_evolution_v2', 'accepted_search': True, 'solver_message': 'Maximum number of iterations has been exceeded.'}]",42,"[{'update_slot': 60, 'hour': 10, 'info': 'both', 'lp_status': 'optimal', 'lp_message': '', 'fallback': False}]",2245.066896734323,1200.0,0.22850900000776164,0.36588660000415985
"[{'theta': array([-3840.55581881]), 'n_active': 1, 'beta1_train': -3818.6194183569473, 'beta0_train': -3890.2811645186894, 'beta1_val': -651.3645882938622, 'beta0_val': -2508.701325468814, 'selected_score': -3890.2811645186894, 'evaluations': 15, 'seconds': 0.02858840000408236, 'method': 'differential_evolution_v2', 'accepted_search': True, 'solver_message': 'Optimization terminated successfully.'}, {'theta': array([-4.45188746e+03, -1.26754541e+00]), 'n_active': 2, 'beta1_train': -394.1580534882124, 'beta0_train': -2802.1841711391303, 'beta1_val': 2477.3479202324565, 'beta0_val': -1926.0680874723457, 'selected_score': -2802.1841711391303, 'evaluations': 95, 'seconds': 0.05802399999811314, 'method': 'differential_evolution_v2', 'accepted_search': True, 'solver_message': 'Maximum number of iterations has been exceeded.'}, {'theta': array([0., 0., 0., 0.]), 'n_active': 4, 'beta1_train': 741.2352358449699, 'beta0_train': 752.0803610558353, 'beta1_val': 15694.68152069137, 'beta0_val': 18029.469784836674, 'selected_score': 741.2352358449699, 'evaluations': 185, 'seconds': 0.12726000000839122, 'method': 'differential_evolution_v2', 'accepted_search': False, 'solver_message': 'Maximum number of iterations has been exceeded.'}]",42,"[{'update_slot': 60, 'hour': 10, 'info': 'both', 'lp_status': 'optimal', 'lp_message': '', 'fallback': False}]",1200.0,1200.0,0.21387240001058672,0.36260540000512265
"[{'theta': array([-1482.63893586]), 'n_active': 1, 'beta1_train': -1903.9056926308858, 'beta0_train': -1949.5871779235777, 'beta1_val': 1019.328107398688, 'beta0_val': -446.20027436821806, 'selected_score': -1949.5871779235777, 'evaluations': 50, 'seconds': 0.053391300010844134, 'method': 'differential_evolution_v2', 'accepted_search': True, 'solver_message': 'Maximum number of iterations has been exceeded.'}, {'theta': array([-1.61853670e+03,  5.78099451e-01]), 'n_active': 2, 'beta1_train': 1268.835297940468, 'beta0_train': -1078.293199298964, 'beta1_val': 10647.649758295756, 'beta0_val': 9796.79883725832, 'selected_score': -1078.342580414266, 'evaluations': 95, 'seconds': 0.05927220000012312, 'method': 'differential_evolution_v2', 'accepted_search': True, 'solver_message': 'Maximum number of iterations has been exceeded.'}, {'theta': array([ 215.08369225,    1.29410266, -478.40928227,   -1.86153197]), 'n_active': 4, 'beta1_train': 1067.206530103958, 'beta0_train': 1194.7949367350295, 'beta1_val': 13388.709435597399, 'beta0_val': 15443.803440163927, 'selected_score': 1012.7696394041843, 'evaluations': 185, 'seconds': 0.12340909999329597, 'method': 'differential_evolution_v2', 'accepted_search': True, 'solver_message': 'Maximum number of iterations has been exceeded.'}]",42,"[{'update_slot': 60, 'hour': 10, 'info': 'both', 'lp_status': 'optimal', 'lp_message': '', 'fallback': False}]",1200.0,1254.182055,0.23607260000426322,0.3784645999985514
"[{'theta': array([-2689.39826113]), 'n_active': 1, 'beta1_train': -1021.83456392426, 'beta0_train': -1026.7522860756517, 'beta1_val': 1512.1437613316796, 'beta0_val': 1217.4207538647622, 'selected_score': -1026.7522860756517, 'evaluations': 20, 'seconds': 0.027385399997001514, 'method': 'differential_evolution_v2', 'accepted_search': True, 'solver_message': 'Optimization terminated successfully.'}, {'theta': array([-831.76329242,   -1.32827339]), 'n_active': 2, 'beta1_train': -1760.4790774292132, 'beta0_train': -2380.626566595987, 'beta1_val': -1631.9848639533202, 'beta0_val': -2394.0, 'selected_score': -2380.626566595987, 'evaluations': 45, 'seconds': 0.03729399999429006, 'method': 'differential_evolution_v2', 'accepted_search': True, 'solver_message': 'Optimization terminated successfully.'}, {'theta': array([0., 0., 0., 0.]), 'n_active': 4, 'beta1_train': 515.6596585528324, 'beta0_train': 691.4419834946578, 'beta1_val': 8828.330872085637, 'beta0_val': 11941.871379158256, 'selected_score': 515.6596585528324, 'evaluations': 185, 'seconds': 0.12901600000623148, 'method': 'differential_evolution_v2', 'accepted_search': True, 'solver_message': 'Maximum number of iterations has been exceeded.'}]",42,"[{'update_slot': 60, 'hour': 10, 'info': 'both', 'lp_status': 'optimal', 'lp_message': '', 'fallback': False}]",1254.182055,1200.0000033639676,0.19369539999752305,0.33180929999798536
"[{'theta': array([0.]), 'n_active': 1, 'beta1_train': -2029.3933549851972, 'beta0_train': -2033.9023474026692, 'beta1_val': 258.66328119892637, 'beta0_val': 312.91531371491874, 'selected_score': -2029.3933549851972, 'evaluations': 50, 'seconds': 0.053314599994337186, 'method': 'differential_evolution_v2', 'accepted_search': False, 'solver_message': 'Maximum number of iterations has been exceeded.'}, {'theta': array([-6.24823235e+03,  1.09377351e+00]), 'n_active': 2, 'beta1_train': -3471.421515390145, 'beta0_train': -4206.6730497720755, 'beta1_val': -1733.4699953778336, 'beta0_val': -3588.3551284717696, 'selected_score': -4206.6730497720755, 'evaluations': 95, 'seconds': 0.05905799999891315, 'method': 'differential_evolution_v2', 'accepted_search': True, 'solver_message': 'Maximum number of iterations has been exceeded.'}, {'theta': array([0., 0., 0., 0.]), 'n_active': 4, 'beta1_train': -964.8069839274028, 'beta0_train': -1109.6088832935454, 'beta1_val': 6434.846885534331, 'beta0_val': 7293.643378329562, 'selected_score': -964.8069839274028, 'evaluations': 165, 'seconds': 0.11469239999132697, 'method': 'differential_evolution_v2', 'accepted_search': False, 'solver_message': 'Optimization terminated successfully.'}]",42,"[{'update_slot': 60, 'hour': 10, 'info': 'both', 'lp_status': 'optimal', 'lp_message': '', 'fallback': False}]",1200.0000033639676,2108.6610561187917,0.2270649999845773,0.37470219998795073
"[{'theta': array([-6291.41764877]), 'n_active': 1, 'beta1_train': -3844.181459557809, 'beta0_train': -3924.393806787119, 'beta1_val': -2995.1986162938138, 'beta0_val': -3602.2824067178376, 'selected_score': -3924.393806787119, 'evaluations': 15, 'seconds': 0.02175750001333654, 'method': 'differential_evolution_v2', 'accepted_search': True, 'solver_message': 'Optimization terminated successfully.'}, {'theta': array([-3.41487441e+03,  1.41710739e-01]), 'n_active': 2, 'beta1_train': -274.2038849966145, 'beta0_train': -2892.351385653992, 'beta1_val': 4240.442086225183, 'beta0_val': -2082.397119251856, 'selected_score': -2892.351385653992, 'evaluations': 95, 'seconds': 0.058315400005085394, 'method': 'differential_evolution_v2', 'accepted_search': True, 'solver_message': 'Maximum number of iterations has been exceeded.'}, {'theta': array([0., 0., 0., 0.]), 'n_active': 4, 'beta1_train': -540.0474949022235, 'beta0_train': -597.3600385727618, 'beta1_val': 6901.608035453919, 'beta0_val': 9365.97277852488, 'selected_score': -540.0474949022235, 'evaluations': 185, 'seconds': 0.12519780000729952, 'method': 'differential_evolution_v2', 'accepted_search': False, 'solver_message': 'Maximum number of iterations has been exceeded.'}]",42,"[{'update_slot': 60, 'hour': 10, 'info': 'both', 'lp_status': 'optimal', 'lp_message': '', 'fallback': False}]",2108.6610561187917,1200.0,0.20527070002572145,0.3436422999948263
"[{'theta': array([-2390.62853833]), 'n_active': 1, 'beta1_train': -4574.478195252762, 'beta0_train': -4620.300695296647, 'beta1_val': -4634.819965666927, 'beta0_val': -4634.819965666927, 'selected_score': -4620.300695296647, 'evaluations': 25, 'seconds': 0.031391399999847636, 'method': 'differential_evolution_v2', 'accepted_search': True, 'solver_message': 'Optimization terminated successfully.'}, {'theta': array([-5.51286045e+03, -1.20255776e+00]), 'n_active': 2, 'beta1_train': -1749.5347754433897, 'beta0_train': -4513.423540307544, 'beta1_val': 608.5102670490323, 'beta0_val': -4119.232552244654, 'selected_score': -4513.423540307544, 'evaluations': 45, 'seconds': 0.033348700002534315, 'method': 'differential_evolution_v2', 'accepted_search': True, 'solver_message': 'Optimization terminated successfully.'}, {'theta': array([-3.83472685e+02,  1.75859290e+00, -9.45304282e+03,  1.09916790e+00]), 'n_active': 4, 'beta1_train': -1271.9915753549128, 'beta0_train': -1387.047587634054, 'beta1_val': 2198.7848667202707, 'beta0_val': 1724.2501908625122, 'selected_score': -1436.5501268163684, 'evaluations': 185, 'seconds': 0.12335870000242721, 'method': 'differential_evolution_v2', 'accepted_search': True, 'solver_message': 'Maximum number of iterations has been exceeded.'}]",42,"[{'update_slot': 60, 'hour': 10, 'info': 'both', 'lp_status': 'optimal', 'lp_message': '', 'fallback': False}]",1200.0,2404.447321481482,0.18809880000480916,0.32350830000359565
"[{'theta': array([-5678.37289504]), 'n_active': 1, 'beta1_train': -4863.072652991954, 'beta0_train': -4953.891099159175, 'beta1_val': -3429.529636361661, 'beta0_val': -4457.664245700961, 'selected_score': -4953.891099159175, 'evaluations': 25, 'seconds': 0.03076399999554269, 'method': 'differential_evolution_v2', 'accepted_search': True, 'solver_message': 'Optimization terminated successfully.'}, {'theta': array([-4.69692620e+03,  1.61509717e+00]), 'n_active': 2, 'beta1_train': -448.660466181676, 'beta0_train': -3146.907218485633, 'beta1_val': 8244.907533511556, 'beta0_val': 4482.796610771089, 'selected_score': -3146.907218485633, 'evaluations': 35, 'seconds': 0.028983500000322238, 'method': 'differential_evolution_v2', 'accepted_search': True, 'solver_message': 'Optimization terminated successfully.'}, {'theta': array([-2.42068435e+02, -1.85892274e+00, -5.04383360e+03, -1.12182602e+00]), 'n_active': 4, 'beta1_train': -409.1185234958664, 'beta0_train': -634.2064942645335, 'beta1_val': 1773.0304002083512, 'beta0_val': 1623.7888399998628, 'selected_score': -757.4125163602152, 'evaluations': 185, 'seconds': 0.12592960000620224, 'method': 'differential_evolution_v2', 'accepted_search': True, 'solver_message': 'Maximum number of iterations has been exceeded.'}]",42,"[{'update_slot': 60, 'hour': 10, 'info': 'both', 'lp_status': 'optimal', 'lp_message': '', 'fallback': False}]",2404.447321481482,4472.2990687241145,0.18567710000206716,0.31645809998735785
"[{'theta': array([-5047.84365127]), 'n_active': 1, 'beta1_train': -4421.423766386355, 'beta0_train': -4475.626249168426, 'beta1_val': -4484.4, 'beta0_val': -4484.4, 'selected_score': -4475.626249168426, 'evaluations': 20, 'seconds': 0.026169400007347576, 'method': 'differential_evolution_v2', 'accepted_search': True, 'solver_message': 'Optimization terminated successfully.'}, {'theta': array([-6.64952099e+03,  5.49357950e-01]), 'n_active': 2, 'beta1_train': -295.08483744240027, 'beta0_train': -3238.5944534797964, 'beta1_val': -747.1222402263379, 'beta0_val': -3458.978299192397, 'selected_score': -3238.5944534797964, 'evaluations': 35, 'seconds': 0.029035200001089834, 'method': 'differential_evolution_v2', 'accepted_search': True, 'solver_message': 'Optimization terminated successfully.'}, {'theta': array([-2.17921703e+02, -1.80117548e+00, -2.95606339e+03,  2.11557746e-01]), 'n_active': 4, 'beta1_train': -140.63019241720258, 'beta0_train': -292.0170339667105, 'beta1_val': -1876.4359344810687, 'beta0_val': -1876.4359344810687, 'selected_score': -414.84425759048816, 'evaluations': 185, 'seconds': 0.13089600000239443, 'method': 'differential_evolution_v2', 'accepted_search': True, 'solver_message': 'Maximum number of iterations has been exceeded.'}]",42,"[{'update_slot': 60, 'hour': 10, 'info': 'both', 'lp_status': 'optimal', 'lp_message': '', 'fallback': False}]",4472.2990687241145,4710.78361627107,0.18610060001083184,0.31901639999705367
"[{'theta': array([-620.34003377]), 'n_active': 1, 'beta1_train': -1519.35095206504, 'beta0_train': -1600.2610984260923, 'beta1_val': -1604.4000000000003, 'beta0_val': -1604.4000000000003, 'selected_score': -1600.2610984260923, 'evaluations': 20, 'seconds': 0.027631500008283183, 'method': 'differential_evolution_v2', 'accepted_search': True, 'solver_message': 'Optimization terminated successfully.'}, {'theta': array([-5.27096025e+03, -3.79411151e-01]), 'n_active': 2, 'beta1_train': 1992.383905909276, 'beta0_train': -1151.0290670480558, 'beta1_val': 1532.4553009351778, 'beta0_val': -1377.9844887491058, 'selected_score': -1151.0290670480558, 'evaluations': 35, 'seconds': 0.029137099991203286, 'method': 'differential_evolution_v2', 'accepted_search': True, 'solver_message': 'Optimization terminated successfully.'}, {'theta': array([-2.19353941e+02,  5.38987077e-01, -7.18813499e+03, -7.05133735e-01]), 'n_active': 4, 'beta1_train': 803.8271063787613, 'beta0_train': 569.3514700861015, 'beta1_val': -694.5339158828192, 'beta0_val': -694.5339158828192, 'selected_score': 513.5156392111194, 'evaluations': 185, 'seconds': 0.12523390000569634, 'method': 'differential_evolution_v2', 'accepted_search': True, 'solver_message': 'Maximum number of iterations has been exceeded.'}]",42,"[{'update_slot': 60, 'hour': 10, 'info': 'both', 'lp_status': 'optimal', 'lp_message': '', 'fallback': False}]",4710.78361627107,4406.288586099062,0.1820025000051828,0.32001039999886416
"[{'theta': array([-8941.4994118]), 'n_active': 1, 'beta1_train': -1148.9476157281172, 'beta0_train': -1165.0414866678225, 'beta1_val': -1456.871857787507, 'beta0_val': -1456.871857787507, 'selected_score': -1165.0414866678225, 'evaluations': 15, 'seconds': 0.022742100001778454, 'method': 'differential_evolution_v2', 'accepted_search': True, 'solver_message': 'Optimization terminated successfully.'}, {'theta': array([-8.30617043e+03,  1.31827900e+00]), 'n_active': 2, 'beta1_train': -847.3292571420848, 'beta0_train': -2008.4552037795315, 'beta1_val': -788.5923121658225, 'beta0_val': -2016.0, 'selected_score': -2008.4552037795315, 'evaluations': 95, 'seconds': 0.05777509999461472, 'method': 'differential_evolution_v2', 'accepted_search': True, 'solver_message': 'Maximum number of iterations has been exceeded.'}, {'theta': array([-5.39357516e+03, -1.09198209e+00, -4.03482870e+02,  1.47917910e+00]), 'n_active': 4, 'beta1_train': 202.10347642866353, 'beta0_train': -54.97643264698009, 'beta1_val': -785.5975108540198, 'beta0_val': -785.5975108540198, 'selected_score': -62.52106975483337, 'evaluations': 185, 'seconds': 0.12554740000632592, 'method': 'differential_evolution_v2', 'accepted_search': True, 'solver_message': 'Maximum number of iterations has been exceeded.'}]",42,"[{'update_slot': 60, 'hour': 10, 'info': 'both', 'lp_status': 'optimal', 'lp_message': '', 'fallback': False}]",4406.288586099062,4486.761741823783,0.2060646000027191,0.34930280000844505
"[{'theta': array([0.]), 'n_active': 1, 'beta1_train': -2668.5986827028046, 'beta0_train': -2667.7416028545003, 'beta1_val': -3099.0786025066855, 'beta0_val': -3099.0786025066855, 'selected_score': -2668.5986827028046, 'evaluations': 50, 'seconds': 0.05313860000751447, 'method': 'differential_evolution_v2', 'accepted_search': True, 'solver_message': 'Maximum number of iterations has been exceeded.'}, {'theta': array([-3.54122990e+03,  1.98937563e+00]), 'n_active': 2, 'beta1_train': -4091.1772965595, 'beta0_train': -5153.653241274643, 'beta1_val': -4514.0961848895095, 'beta0_val': -5178.0, 'selected_score': -5153.653241274643, 'evaluations': 95, 'seconds': 0.05980499999714084, 'method': 'differential_evolution_v2', 'accepted_search': True, 'solver_message': 'Maximum number of iterations has been exceeded.'}, {'theta': array([ 0.00000000e+00, -1.24629986e+00, -6.47648625e+03,  1.39103981e+00]), 'n_active': 4, 'beta1_train': -958.0433222846002, 'beta0_train': -275.7125786462127, 'beta1_val': -2859.31843337054, 'beta0_val': -2859.31843337054, 'selected_score': -994.4048968305834, 'evaluations': 185, 'seconds': 0.12547149999591056, 'method': 'differential_evolution_v2', 'accepted_search': True, 'solver_message': 'Maximum number of iterations has been exceeded.'}]",42,"[{'update_slot': 60, 'hour': 10, 'info': 'both', 'lp_status': 'optimal', 'lp_message': '', 'fallback': False}]",4486.761741823783,5672.8358363363495,0.23841510000056587,0.37722260000009555
"[{'theta': array([-7244.9895728]), 'n_active': 1, 'beta1_train': -4363.182870429143, 'beta0_train': -4644.182353477644, 'beta1_val': -4779.599999999999, 'beta0_val': -4779.599999999999, 'selected_score': -4644.182353477644, 'evaluations': 15, 'seconds': 0.022127400006866083, 'method': 'differential_evolution_v2', 'accepted_search': True, 'solver_message': 'Optimization terminated successfully.'}, {'theta': array([-1.56626978e+03,  1.41225211e+00]), 'n_active': 2, 'beta1_train': -160.0507394089208, 'beta0_train': -3094.0962761177584, 'beta1_val': -1038.3488524685763, 'beta0_val': -3510.359542578526, 'selected_score': -3094.9692239434235, 'evaluations': 95, 'seconds': 0.05851540000003297, 'method': 'differential_evolution_v2', 'accepted_search': True, 'solver_message': 'Maximum number of iterations has been exceeded.'}, {'theta': array([-355.11173178,   -1.91108016, -517.12220306,    1.94921128]), 'n_active': 4, 'beta1_train': 534.5987326755351, 'beta0_train': 13.08334104842562, 'beta1_val': -1762.3072009507928, 'beta0_val': -1762.3072009507928, 'selected_score': -21.692752561777226, 'evaluations': 185, 'seconds': 0.12602469998819288, 'method': 'differential_evolution_v2', 'accepted_search': True, 'solver_message': 'Maximum number of iterations has been exceeded.'}]",42,"[{'update_slot': 60, 'hour': 10, 'info': 'both', 'lp_status': 'optimal', 'lp_message': '', 'fallback': False}]",5672.8358363363495,4188.647961889214,0.20666749999509193,0.335644399994635
"[{'theta': array([-4091.94269221]), 'n_active': 1, 'beta1_train': -4443.722612445713, 'beta0_train': -4677.475163837568, 'beta1_val': -4722.0, 'beta0_val': -4722.0, 'selected_score': -4677.475163837568, 'evaluations': 25, 'seconds': 0.031171499998890795, 'method': 'differential_evolution_v2', 'accepted_search': True, 'solver_message': 'Optimization terminated successfully.'}, {'theta': array([-5.76460547e+03, -2.63688479e-01]), 'n_active': 2, 'beta1_train': -544.215725598917, 'beta0_train': -3473.3327086727763, 'beta1_val': -1963.8518146611532, 'beta0_val': -4039.1841333183174, 'selected_score': -3473.3327086727763, 'evaluations': 95, 'seconds': 0.058760300002177246, 'method': 'differential_evolution_v2', 'accepted_search': True, 'solver_message': 'Maximum number of iterations has been exceeded.'}, {'theta': array([0., 0., 0., 0.]), 'n_active': 4, 'beta1_train': 1690.774323066507, 'beta0_train': 2656.6635540457937, 'beta1_val': -1859.1723855343866, 'beta0_val': -1859.1723855343866, 'selected_score': 1690.774323066507, 'evaluations': 185, 'seconds': 0.12771999998949468, 'method': 'differential_evolution_v2', 'accepted_search': True, 'solver_message': 'Maximum number of iterations has been exceeded.'}]",42,"[{'update_slot': 60, 'hour': 10, 'info': 'both', 'lp_status': 'optimal', 'lp_message': '', 'fallback': False}]",4188.647961889214,4240.283227389108,0.21765179999056272,0.3492382999975234
"[{'theta': array([-7096.49923143]), 'n_active': 1, 'beta1_train': -4489.925317569188, 'beta0_train': -4706.3387132318485, 'beta1_val': -4771.2, 'beta0_val': -4771.2, 'selected_score': -4706.3387132318485, 'evaluations': 20, 'seconds': 0.026434999992488883, 'method': 'differential_evolution_v2', 'accepted_search': True, 'solver_message': 'Optimization terminated successfully.'}, {'theta': array([-8.45712908e+03,  3.83648354e-01]), 'n_active': 2, 'beta1_train': -244.9838903589945, 'beta0_train': -3614.263742269218, 'beta1_val': -1051.4738356034313, 'beta0_val': -3666.082352351325, 'selected_score': -3614.263742269218, 'evaluations': 45, 'seconds': 0.03460830000403803, 'method': 'differential_evolution_v2', 'accepted_search': True, 'solver_message': 'Optimization terminated successfully.'}, {'theta': array([-148.67680364,   -1.31111261, -291.22321246,    0.78890452]), 'n_active': 4, 'beta1_train': 1308.8623948548095, 'beta0_train': 1449.9944966194764, 'beta1_val': -1700.9909902325921, 'beta0_val': -1700.9909902325921, 'selected_score': 1185.663324335629, 'evaluations': 185, 'seconds': 0.1265106999926502, 'method': 'differential_evolution_v2', 'accepted_search': True, 'solver_message': 'Maximum number of iterations has been exceeded.'}]",42,"[{'update_slot': 60, 'hour': 10, 'info': 'both', 'lp_status': 'optimal', 'lp_message': '', 'fallback': False}]",4240.283227389108,4322.570413148148,0.1875539999891771,0.32183050000458024
"[{'theta': array([-3875.52383402]), 'n_active': 1, 'beta1_train': -4537.4086242770445, 'beta0_train': -4794.091591046061, 'beta1_val': -4886.4, 'beta0_val': -4886.4, 'selected_score': -4794.091591046061, 'evaluations': 20, 'seconds': 0.026392900006612763, 'method': 'differential_evolution_v2', 'accepted_search': True, 'solver_message': 'Optimization terminated successfully.'}, {'theta': array([-3.15939522e+03, -3.80408102e-02]), 'n_active': 2, 'beta1_train': -565.2610985991515, 'beta0_train': -3748.2810830772946, 'beta1_val': -866.7700752367718, 'beta0_val': -3705.0917334638384, 'selected_score': -3748.2810830772946, 'evaluations': 95, 'seconds': 0.058895300011499785, 'method': 'differential_evolution_v2', 'accepted_search': True, 'solver_message': 'Maximum number of iterations has been exceeded.'}, {'theta': array([-38.47568188,   0.23430249,  -3.76105874,   0.        ]), 'n_active': 4, 'beta1_train': 1629.5007545268013, 'beta0_train': 1753.2493676794625, 'beta1_val': -1793.1464598632253, 'beta0_val': -1793.1464598632253, 'selected_score': 1583.4358499662303, 'evaluations': 185, 'seconds': 0.1275008000084199, 'method': 'differential_evolution_v2', 'accepted_search': True, 'solver_message': 'Maximum number of iterations has been exceeded.'}]",42,"[{'update_slot': 60, 'hour': 10, 'info': 'both', 'lp_status': 'optimal', 'lp_message': '', 'fallback': False}]",4322.570413148148,3606.015256362546,0.21278900002653245,0.34722330000658985
"[{'theta': array([-6367.96151639]), 'n_active': 1, 'beta1_train': -3042.949211764142, 'beta0_train': -3376.21834471057, 'beta1_val': -3245.3012706, 'beta0_val': -3405.1246394650207, 'selected_score': -3376.21834471057, 'evaluations': 20, 'seconds': 0.026679399990825914, 'method': 'differential_evolution_v2', 'accepted_search': True, 'solver_message': 'Optimization terminated successfully.'}, {'theta': array([-1.80293316e+03, -1.50537488e+00]), 'n_active': 2, 'beta1_train': 534.6961494772562, 'beta0_train': -2330.2155693818304, 'beta1_val': -40.91688834261686, 'beta0_val': -2645.7832334623945, 'selected_score': -2332.7227244593364, 'evaluations': 95, 'seconds': 0.05776460000197403, 'method': 'differential_evolution_v2', 'accepted_search': True, 'solver_message': 'Maximum number of iterations has been exceeded.'}, {'theta': array([0., 0., 0., 0.]), 'n_active': 4, 'beta1_train': 3225.9548362544924, 'beta0_train': 4633.460622927592, 'beta1_val': -1294.1124492779531, 'beta0_val': -1294.1124492779531, 'selected_score': 3225.9548362544924, 'evaluations': 185, 'seconds': 0.1265784999995958, 'method': 'differential_evolution_v2', 'accepted_search': True, 'solver_message': 'Maximum number of iterations has been exceeded.'}]",42,"[{'update_slot': 60, 'hour': 10, 'info': 'both', 'lp_status': 'optimal', 'lp_message': '', 'fallback': False}]",3606.015256362546,4009.6968372801775,0.21102249999239575,0.34672950000094716
"[{'theta': array([-7581.61177926]), 'n_active': 1, 'beta1_train': -1152.7398567521802, 'beta0_train': -1489.1382589975854, 'beta1_val': -1646.8253455732238, 'beta0_val': -1646.8253455732238, 'selected_score': -1489.1382589975854, 'evaluations': 15, 'seconds': 0.02357089999713935, 'method': 'differential_evolution_v2', 'accepted_search': True, 'solver_message': 'Optimization terminated successfully.'}, {'theta': array([-2.43319019e+03,  1.75179536e+00]), 'n_active': 2, 'beta1_train': -1888.6383381120318, 'beta0_train': -3027.359963682503, 'beta1_val': -2164.6894935141454, 'beta0_val': -3067.2, 'selected_score': -3027.359963682503, 'evaluations': 45, 'seconds': 0.03352910000830889, 'method': 'differential_evolution_v2', 'accepted_search': True, 'solver_message': 'Optimization terminated successfully.'}, {'theta': array([ 5.44699453e+03,  1.07001124e+00, -4.72808971e+01,  1.29430107e-01]), 'n_active': 4, 'beta1_train': 1927.7082432841758, 'beta0_train': 2236.205473943147, 'beta1_val': -917.1686491213604, 'beta0_val': -917.1686491213604, 'selected_score': 1909.607901215459, 'evaluations': 185, 'seconds': 0.12522180000087246, 'method': 'differential_evolution_v2', 'accepted_search': True, 'solver_message': 'Maximum number of iterations has been exceeded.'}]",42,"[{'update_slot': 60, 'hour': 10, 'info': 'both', 'lp_status': 'optimal', 'lp_message': '', 'fallback': False}]",4009.6968372801775,3380.911486037655,0.1823218000063207,0.32013640001241583
"[{'theta': array([-5523.28663065]), 'n_active': 1, 'beta1_train': -1280.6402970724982, 'beta0_train': -1376.512082981421, 'beta1_val': -2038.843142569425, 'beta0_val': -2038.843142569425, 'selected_score': -1376.512082981421, 'evaluations': 15, 'seconds': 0.023137900003348477, 'method': 'differential_evolution_v2', 'accepted_search': True, 'solver_message': 'Optimization terminated successfully.'}, {'theta': array([-6.53117287e+03, -6.65549299e-02]), 'n_active': 2, 'beta1_train': -3057.096786798544, 'beta0_train': -4070.3999999999996, 'beta1_val': -3276.574920069226, 'beta0_val': -4070.4, 'selected_score': -4070.3999999999996, 'evaluations': 95, 'seconds': 0.05731260000902694, 'method': 'differential_evolution_v2', 'accepted_search': True, 'solver_message': 'Maximum number of iterations has been exceeded.'}, {'theta': array([-9600.,     0., -9600.,     0.]), 'n_active': 4, 'beta1_train': 1419.6748659937357, 'beta0_train': 1576.6187768114178, 'beta1_val': -1503.7961315907578, 'beta0_val': -1546.1756441323453, 'selected_score': 1576.6187768114178, 'evaluations': 185, 'seconds': 0.12347950000548735, 'method': 'differential_evolution_v2', 'accepted_search': False, 'solver_message': 'Maximum number of iterations has been exceeded.'}]",42,"[{'update_slot': 60, 'hour': 10, 'info': 'both', 'lp_status': 'optimal', 'lp_message': '', 'fallback': False}]",3380.911486037655,3948.7679637037045,0.20393000001786277,0.34154429999762215
"[{'theta': array([-8796.55861482]), 'n_active': 1, 'beta1_train': -3476.35139304645, 'beta0_train': -4022.697270485008, 'beta1_val': -4226.4, 'beta0_val': -4226.4, 'selected_score': -4022.697270485008, 'evaluations': 50, 'seconds': 0.053278499995940365, 'method': 'differential_evolution_v2', 'accepted_search': True, 'solver_message': 'Maximum number of iterations has been exceeded.'}, {'theta': array([-1546.77813315,     1.89288703]), 'n_active': 2, 'beta1_train': 819.4747927113693, 'beta0_train': -2413.155937834636, 'beta1_val': 82.7262591954186, 'beta0_val': -2438.6947332146415, 'selected_score': -2423.8060921886563, 'evaluations': 95, 'seconds': 0.05840100000204984, 'method': 'differential_evolution_v2', 'accepted_search': True, 'solver_message': 'Maximum number of iterations has been exceeded.'}, {'theta': array([-1.72568059e+02, -1.20162382e+00, -5.66436442e+01, -7.16986967e-02]), 'n_active': 4, 'beta1_train': 3319.7296088703883, 'beta0_train': 4275.843550625541, 'beta1_val': -1133.6839622275509, 'beta0_val': -1133.6839622275509, 'selected_score': 3272.668916514717, 'evaluations': 185, 'seconds': 0.12493689999973867, 'method': 'differential_evolution_v2', 'accepted_search': True, 'solver_message': 'Maximum number of iterations has been exceeded.'}]",42,"[{'update_slot': 60, 'hour': 10, 'info': 'both', 'lp_status': 'optimal', 'lp_message': '', 'fallback': False}]",3948.7679637037045,3065.577444562483,0.23661639999772888,0.37268960000074003
"[{'theta': array([-6968.71040817]), 'n_active': 1, 'beta1_train': -3445.16662035867, 'beta0_train': -3615.9615324872375, 'beta1_val': -4102.799999999999, 'beta0_val': -4102.799999999999, 'selected_score': -3615.9615324872375, 'evaluations': 50, 'seconds': 0.051954700000351295, 'method': 'differential_evolution_v2', 'accepted_search': True, 'solver_message': 'Maximum number of iterations has been exceeded.'}, {'theta': array([-6.72813414e+03,  9.57572503e-01]), 'n_active': 2, 'beta1_train': 439.5065551888664, 'beta0_train': -2644.781621810098, 'beta1_val': -679.0392274558135, 'beta0_val': -3215.791172938733, 'selected_score': -2644.781621810098, 'evaluations': 95, 'seconds': 0.0566607000073418, 'method': 'differential_evolution_v2', 'accepted_search': True, 'solver_message': 'Maximum number of iterations has been exceeded.'}, {'theta': array([-254.19388334,   -1.54362501, -375.68878589,   -0.84367322]), 'n_active': 4, 'beta1_train': 3436.6121591390797, 'beta0_train': 4119.446639401064, 'beta1_val': -1076.6270147776352, 'beta0_val': -1076.6270147776352, 'selected_score': 3428.611664031226, 'evaluations': 185, 'seconds': 0.12389990000519902, 'method': 'differential_evolution_v2', 'accepted_search': True, 'solver_message': 'Maximum number of iterations has been exceeded.'}]",42,"[{'update_slot': 60, 'hour': 10, 'info': 'both', 'lp_status': 'optimal', 'lp_message': '', 'fallback': False}]",3065.577444562483,3039.7132336423424,0.2325153000128921,0.3644263000023784
"[{'theta': array([-6954.91015716]), 'n_active': 1, 'beta1_train': -3692.6336467273672, 'beta0_train': -4310.665041553844, 'beta1_val': -4461.599999999999, 'beta0_val': -4461.599999999999, 'selected_score': -4310.665041553844, 'evaluations': 15, 'seconds': 0.022076599998399615, 'method': 'differential_evolution_v2', 'accepted_search': True, 'solver_message': 'Optimization terminated successfully.'}, {'theta': array([-9.39736716e+03, -9.94037643e-01]), 'n_active': 2, 'beta1_train': 420.5340188450119, 'beta0_train': -3259.4180198150725, 'beta1_val': -618.0021300229323, 'beta0_val': -3659.738124972081, 'selected_score': -3259.4180198150725, 'evaluations': 85, 'seconds': 0.05089779999980237, 'method': 'differential_evolution_v2', 'accepted_search': True, 'solver_message': 'Optimization terminated successfully.'}, {'theta': array([-5.77539485e+02, -4.42700058e-03, -6.78768693e+02,  8.14639878e-01]), 'n_active': 4, 'beta1_train': 3728.4978335004216, 'beta0_train': 4320.557159717145, 'beta1_val': -1238.9923142699827, 'beta0_val': -1238.9923142699827, 'selected_score': 3636.3691851313506, 'evaluations': 185, 'seconds': 0.12730659999942873, 'method': 'differential_evolution_v2', 'accepted_search': True, 'solver_message': 'Maximum number of iterations has been exceeded.'}]",42,"[{'update_slot': 60, 'hour': 10, 'info': 'both', 'lp_status': 'optimal', 'lp_message': '', 'fallback': False}]",3039.7132336423424,2291.0401326597903,0.20028099999763072,0.33697140000003856
"[{'theta': array([-6310.97867149]), 'n_active': 1, 'beta1_train': -3696.4111360565435, 'beta0_train': -4238.08018002554, 'beta1_val': -4435.2, 'beta0_val': -4435.2, 'selected_score': -4238.08018002554, 'evaluations': 20, 'seconds': 0.027169199995114468, 'method': 'differential_evolution_v2', 'accepted_search': True, 'solver_message': 'Optimization terminated successfully.'}, {'theta': array([-6.73295582e+03,  1.92087575e+00]), 'n_active': 2, 'beta1_train': 240.36201791866418, 'beta0_train': -3429.3167605838803, 'beta1_val': -1065.416952239435, 'beta0_val': -4048.7551392130213, 'selected_score': -3429.3167605838803, 'evaluations': 45, 'seconds': 0.033922000002348796, 'method': 'differential_evolution_v2', 'accepted_search': True, 'solver_message': 'Optimization terminated successfully.'}, {'theta': array([-3.75814158e+02,  5.94738954e-01, -6.78112042e+01, -9.23384251e-02]), 'n_active': 4, 'beta1_train': 3676.1162990776525, 'beta0_train': 4092.422280917991, 'beta1_val': -473.3279701084516, 'beta0_val': -477.9740917594449, 'selected_score': 3548.760730747089, 'evaluations': 185, 'seconds': 0.12388189999910537, 'method': 'differential_evolution_v2', 'accepted_search': True, 'solver_message': 'Maximum number of iterations has been exceeded.'}]",42,"[{'update_slot': 60, 'hour': 10, 'info': 'both', 'lp_status': 'optimal', 'lp_message': '', 'fallback': False}]",2291.0401326597903,2551.3454051851836,0.18497309999656864,0.319651600002544
"[{'theta': array([-9576.61936632]), 'n_active': 1, 'beta1_train': -2917.831107592788, 'beta0_train': -3520.29480536379, 'beta1_val': -3637.1999999999994, 'beta0_val': -3637.1999999999994, 'selected_score': -3520.29480536379, 'evaluations': 50, 'seconds': 0.0514207000087481, 'method': 'differential_evolution_v2', 'accepted_search': True, 'solver_message': 'Maximum number of iterations has been exceeded.'}, {'theta': array([-6.66113314e+03, -1.15716114e+00]), 'n_active': 2, 'beta1_train': 1001.6102161465753, 'beta0_train': -2723.9518890398685, 'beta1_val': 127.978413855486, 'beta0_val': -2351.5905841624303, 'selected_score': -2723.9518890398685, 'evaluations': 55, 'seconds': 0.03920020000077784, 'method': 'differential_evolution_v2', 'accepted_search': True, 'solver_message': 'Optimization terminated successfully.'}, {'theta': array([-4.08542576e+02,  5.17070431e-01, -1.26675646e+02,  3.13968036e-01]), 'n_active': 4, 'beta1_train': 3437.555207461501, 'beta0_train': 3900.049058252303, 'beta1_val': -606.8919435223346, 'beta0_val': -712.6519828928999, 'selected_score': 3308.0058769324855, 'evaluations': 185, 'seconds': 0.1294315999984974, 'method': 'differential_evolution_v2', 'accepted_search': True, 'solver_message': 'Maximum number of iterations has been exceeded.'}]",42,"[{'update_slot': 60, 'hour': 10, 'info': 'both', 'lp_status': 'optimal', 'lp_message': '', 'fallback': False}]",2551.3454051851836,3098.062913333334,0.22005250000802334,0.35542969999369234
"[{'theta': array([-1283.08648608]), 'n_active': 1, 'beta1_train': 104.36760295175178, 'beta0_train': -71.86081369413277, 'beta1_val': -716.5922149048172, 'beta0_val': -716.5922149048172, 'selected_score': -71.86081369413277, 'evaluations': 25, 'seconds': 0.03203600000415463, 'method': 'differential_evolution_v2', 'accepted_search': True, 'solver_message': 'Optimization terminated successfully.'}, {'theta': array([-5.16231563e+03, -1.85497829e+00]), 'n_active': 2, 'beta1_train': -694.1588579993451, 'beta0_train': -1888.8600973533876, 'beta1_val': -968.9515306830353, 'beta0_val': -1899.6, 'selected_score': -1888.8600973533876, 'evaluations': 95, 'seconds': 0.055714999994961545, 'method': 'differential_evolution_v2', 'accepted_search': True, 'solver_message': 'Maximum number of iterations has been exceeded.'}, {'theta': array([-9600.,     0., -9600.,     0.]), 'n_active': 4, 'beta1_train': 3065.6222174562345, 'beta0_train': 3667.697300791261, 'beta1_val': -261.3834559346245, 'beta0_val': -515.1573972290364, 'selected_score': 3667.697300791261, 'evaluations': 185, 'seconds': 0.12572060000093188, 'method': 'differential_evolution_v2', 'accepted_search': False, 'solver_message': 'Maximum number of iterations has been exceeded.'}]",42,"[{'update_slot': 60, 'hour': 10, 'info': 'both', 'lp_status': 'optimal', 'lp_message': '', 'fallback': False}]",3098.062913333334,2613.4077831838704,0.21347160000004806,0.35052159999031574
"[{'theta': array([-548.10956092]), 'n_active': 1, 'beta1_train': -863.4408088257301, 'beta0_train': -940.6773485305141, 'beta1_val': -1815.3305646234808, 'beta0_val': -1815.3305646234808, 'selected_score': -944.7756538377188, 'evaluations': 50, 'seconds': 0.053111300003365614, 'method': 'differential_evolution_v2', 'accepted_search': True, 'solver_message': 'Maximum number of iterations has been exceeded.'}, {'theta': array([-6.41554320e+03, -1.91415556e+00]), 'n_active': 2, 'beta1_train': -3038.7108769581355, 'beta0_train': -4165.354334237563, 'beta1_val': -3395.581736432743, 'beta0_val': -4196.4, 'selected_score': -4165.354334237563, 'evaluations': 45, 'seconds': 0.033250099993892945, 'method': 'differential_evolution_v2', 'accepted_search': True, 'solver_message': 'Optimization terminated successfully.'}, {'theta': array([0., 0., 0., 0.]), 'n_active': 4, 'beta1_train': 2561.704265346061, 'beta0_train': 3528.4868897064603, 'beta1_val': -1313.0993818458387, 'beta0_val': -1313.0993818458387, 'selected_score': 2561.704265346061, 'evaluations': 185, 'seconds': 0.1278796999977203, 'method': 'differential_evolution_v2', 'accepted_search': False, 'solver_message': 'Maximum number of iterations has been exceeded.'}]",42,"[{'update_slot': 60, 'hour': 10, 'info': 'both', 'lp_status': 'optimal', 'lp_message': '', 'fallback': False}]",2613.4077831838704,3571.0352707690436,0.21424109999497887,0.35660210000060033
"[{'theta': array([-5694.98617592]), 'n_active': 1, 'beta1_train': -1945.2945471169173, 'beta0_train': -4344.196074522868, 'beta1_val': -2714.3051321516673, 'beta0_val': -4665.599999999999, 'selected_score': -4344.196074522868, 'evaluations': 25, 'seconds': 0.03014200000325218, 'method': 'differential_evolution_v2', 'accepted_search': True, 'solver_message': 'Optimization terminated successfully.'}, {'theta': array([-4.08986864e+03, -1.38035325e+00]), 'n_active': 2, 'beta1_train': 170.47072321735163, 'beta0_train': -2979.078318755896, 'beta1_val': -483.00261917852913, 'beta0_val': -3596.5599247203945, 'selected_score': -2979.078318755896, 'evaluations': 45, 'seconds': 0.033634599996730685, 'method': 'differential_evolution_v2', 'accepted_search': True, 'solver_message': 'Optimization terminated successfully.'}, {'theta': array([0., 0., 0., 0.]), 'n_active': 4, 'beta1_train': 4920.373198458415, 'beta0_train': 6667.528675612867, 'beta1_val': -1185.338595279999, 'beta0_val': -1185.338595279999, 'selected_score': 4920.373198458415, 'evaluations': 185, 'seconds': 0.12857860000804067, 'method': 'differential_evolution_v2', 'accepted_search': True, 'solver_message': 'Maximum number of iterations has been exceeded.'}]",42,"[{'update_slot': 60, 'hour': 10, 'info': 'both', 'lp_status': 'optimal', 'lp_message': '', 'fallback': False}]",3571.0352707690436,2752.1926913378434,0.19235520000802353,0.3280438000074355
"[{'theta': array([-4000.40956704]), 'n_active': 1, 'beta1_train': -3856.756491984648, 'beta0_train': -4552.405444223492, 'beta1_val': -4743.599999999999, 'beta0_val': -4743.599999999999, 'selected_score': -4552.405444223492, 'evaluations': 25, 'seconds': 0.033533199995872565, 'method': 'differential_evolution_v2', 'accepted_search': True, 'solver_message': 'Optimization terminated successfully.'}, {'theta': array([-8.84555099e+03,  2.88907061e-01]), 'n_active': 2, 'beta1_train': -172.6178084580308, 'beta0_train': -3179.428001906856, 'beta1_val': -855.7108994452819, 'beta0_val': -3612.227158158602, 'selected_score': -3179.428001906856, 'evaluations': 95, 'seconds': 0.06062479999673087, 'method': 'differential_evolution_v2', 'accepted_search': True, 'solver_message': 'Maximum number of iterations has been exceeded.'}, {'theta': array([-2.69467425e+02, -1.17365236e+00, -1.20027669e+02,  1.48113738e-01]), 'n_active': 4, 'beta1_train': 4610.983953987939, 'beta0_train': 5947.844224931796, 'beta1_val': -1173.8644632405424, 'beta0_val': -1173.8644632405424, 'selected_score': 4570.097943628546, 'evaluations': 185, 'seconds': 0.13064630000735633, 'method': 'differential_evolution_v2', 'accepted_search': True, 'solver_message': 'Maximum number of iterations has been exceeded.'}]",42,"[{'update_slot': 60, 'hour': 10, 'info': 'both', 'lp_status': 'optimal', 'lp_message': '', 'fallback': False}]",2752.1926913378434,2237.276362712102,0.22480429999995977,0.3631131000001915
"[{'theta': array([-7069.63841327]), 'n_active': 1, 'beta1_train': -4332.469199166938, 'beta0_train': -4624.664697740618, 'beta1_val': -5157.6, 'beta0_val': -5157.6, 'selected_score': -4624.664697740618, 'evaluations': 20, 'seconds': 0.027338100000633858, 'method': 'differential_evolution_v2', 'accepted_search': True, 'solver_message': 'Optimization terminated successfully.'}, {'theta': array([-1027.87558747,    -1.10356268]), 'n_active': 2, 'beta1_train': 697.7633773227017, 'beta0_train': -1871.641977975827, 'beta1_val': 411.4510663543024, 'beta0_val': -2889.6864705132743, 'selected_score': -2060.177034149679, 'evaluations': 95, 'seconds': 0.058932500003720634, 'method': 'differential_evolution_v2', 'accepted_search': True, 'solver_message': 'Maximum number of iterations has been exceeded.'}, {'theta': array([0., 0., 0., 0.]), 'n_active': 4, 'beta1_train': 4215.2418240191255, 'beta0_train': 5410.837994791704, 'beta1_val': -1076.6477014758261, 'beta0_val': -1076.6477014758261, 'selected_score': 4215.2418240191255, 'evaluations': 185, 'seconds': 0.12460420001298189, 'method': 'differential_evolution_v2', 'accepted_search': True, 'solver_message': 'Maximum number of iterations has been exceeded.'}]",42,"[{'update_slot': 60, 'hour': 10, 'info': 'both', 'lp_status': 'optimal', 'lp_message': '', 'fallback': False}]",2237.276362712102,2542.5852466388965,0.21087480001733638,0.34787740001047496
"[{'theta': array([-3063.31353554]), 'n_active': 1, 'beta1_train': -4085.444941283959, 'beta0_train': -4774.956543011968, 'beta1_val': -4965.6, 'beta0_val': -4965.6, 'selected_score': -4774.956543011968, 'evaluations': 40, 'seconds': 0.0466422000026796, 'method': 'differential_evolution_v2', 'accepted_search': True, 'solver_message': 'Optimization terminated successfully.'}, {'theta': array([-6.74527629e+03,  2.19206317e-01]), 'n_active': 2, 'beta1_train': 1025.761709378062, 'beta0_train': -2168.886248317931, 'beta1_val': -1345.9483453549433, 'beta0_val': -3665.2198729268216, 'selected_score': -2168.886248317931, 'evaluations': 95, 'seconds': 0.05751899999449961, 'method': 'differential_evolution_v2', 'accepted_search': True, 'solver_message': 'Maximum number of iterations has been exceeded.'}, {'theta': array([-281.99810972,   -1.19304111,  -83.52856329,   -0.91305323]), 'n_active': 4, 'beta1_train': 4993.371359378895, 'beta0_train': 6474.725145760344, 'beta1_val': -1015.4250583524099, 'beta0_val': -1066.0843490723078, 'selected_score': 4978.5831202892805, 'evaluations': 185, 'seconds': 0.12547929999709595, 'method': 'differential_evolution_v2', 'accepted_search': True, 'solver_message': 'Maximum number of iterations has been exceeded.'}]",42,"[{'update_slot': 60, 'hour': 10, 'info': 'both', 'lp_status': 'optimal', 'lp_message': '', 'fallback': False}]",2542.5852466388965,2785.851673856563,0.22964049999427516,0.36783160000049975
"[{'theta': array([-4340.49606294]), 'n_active': 1, 'beta1_train': -1400.3153682594639, 'beta0_train': -2211.7155979081053, 'beta1_val': -2304.0, 'beta0_val': -2304.0, 'selected_score': -2211.7155979081053, 'evaluations': 25, 'seconds': 0.03126600000541657, 'method': 'differential_evolution_v2', 'accepted_search': True, 'solver_message': 'Optimization terminated successfully.'}, {'theta': array([-5.73076475e+03,  2.41289039e-01]), 'n_active': 2, 'beta1_train': 2198.422777230655, 'beta0_train': -1362.874833752029, 'beta1_val': 724.2450413079073, 'beta0_val': -1937.3568867494382, 'selected_score': -1362.874833752029, 'evaluations': 95, 'seconds': 0.05764819998876192, 'method': 'differential_evolution_v2', 'accepted_search': True, 'solver_message': 'Maximum number of iterations has been exceeded.'}, {'theta': array([-220.35941098,    1.22454551, -321.17477819,    1.4606624 ]), 'n_active': 4, 'beta1_train': 5804.529811109704, 'beta0_train': 7446.733349998806, 'beta1_val': -578.377164128395, 'beta0_val': -578.377164128395, 'selected_score': 5804.1256017493915, 'evaluations': 185, 'seconds': 0.12801549999858253, 'method': 'differential_evolution_v2', 'accepted_search': True, 'solver_message': 'Maximum number of iterations has been exceeded.'}]",42,"[{'update_slot': 60, 'hour': 10, 'info': 'both', 'lp_status': 'optimal', 'lp_message': '', 'fallback': False}]",2785.851673856563,2161.7040386785216,0.21692969999276102,0.35582689999137074
"[{'theta': array([-1706.09687735]), 'n_active': 1, 'beta1_train': -153.6509371747414, 'beta0_train': -156.38681577808916, 'beta1_val': -1289.2698267228961, 'beta0_val': -1289.2698267228961, 'selected_score': -156.38681577808916, 'evaluations': 15, 'seconds': 0.021824299998115748, 'method': 'differential_evolution_v2', 'accepted_search': True, 'solver_message': 'Optimization terminated successfully.'}, {'theta': array([-3.93900757e+03,  1.17066972e+00]), 'n_active': 2, 'beta1_train': -2342.610708012873, 'beta0_train': -3333.6000000000004, 'beta1_val': -2595.0412562734627, 'beta0_val': -3333.6, 'selected_score': -3333.6000000000004, 'evaluations': 95, 'seconds': 0.060016300005372614, 'method': 'differential_evolution_v2', 'accepted_search': True, 'solver_message': 'Maximum number of iterations has been exceeded.'}, {'theta': array([ 5.96437809e+03, -4.54613267e-01, -2.67457861e+02,  1.73032057e+00]), 'n_active': 4, 'beta1_train': 2995.080201061253, 'beta0_train': 3616.3607204243735, 'beta1_val': -257.3603788975185, 'beta0_val': -643.1394832712325, 'selected_score': 2924.588628617309, 'evaluations': 185, 'seconds': 0.13236859999597073, 'method': 'differential_evolution_v2', 'accepted_search': True, 'solver_message': 'Maximum number of iterations has been exceeded.'}]",42,"[{'update_slot': 60, 'hour': 10, 'info': 'both', 'lp_status': 'optimal', 'lp_message': '', 'fallback': False}]",2161.7040386785216,2468.256719173491,0.2142091999994591,0.35289219999685884
"[{'theta': array([-5236.31850617]), 'n_active': 1, 'beta1_train': -624.400166159481, 'beta0_train': -698.0047417525374, 'beta1_val': -1489.4832509441674, 'beta0_val': -1489.4832509441674, 'selected_score': -698.0047417525374, 'evaluations': 20, 'seconds': 0.025829899997916073, 'method': 'differential_evolution_v2', 'accepted_search': True, 'solver_message': 'Optimization terminated successfully.'}, {'theta': array([-7.50862121e+03,  3.94027821e-02]), 'n_active': 2, 'beta1_train': -3388.2422730877856, 'beta0_train': -4507.200000000001, 'beta1_val': -3592.3834741280684, 'beta0_val': -4507.2, 'selected_score': -4507.200000000001, 'evaluations': 95, 'seconds': 0.05820359999779612, 'method': 'differential_evolution_v2', 'accepted_search': True, 'solver_message': 'Maximum number of iterations has been exceeded.'}, {'theta': array([-9600.,     0., -9600.,     0.]), 'n_active': 4, 'beta1_train': 2562.649054182332, 'beta0_train': 3340.876283440305, 'beta1_val': -1181.3420614237994, 'beta0_val': -1321.8881919152382, 'selected_score': 3340.876283440305, 'evaluations': 185, 'seconds': 0.13517369999317452, 'method': 'differential_evolution_v2', 'accepted_search': False, 'solver_message': 'Maximum number of iterations has been exceeded.'}]",42,"[{'update_slot': 60, 'hour': 10, 'info': 'both', 'lp_status': 'optimal', 'lp_message': '', 'fallback': False}]",2468.256719173491,3446.1817329059936,0.21920719998888671,0.3628716999955941
"[{'theta': array([-7503.79986104]), 'n_active': 1, 'beta1_train': -2078.4758742272857, 'beta0_train': -3140.1028145206938, 'beta1_val': -3556.074393043689, 'beta0_val': -3588.513439970232, 'selected_score': -3140.1028145206938, 'evaluations': 25, 'seconds': 0.030692100001033396, 'method': 'differential_evolution_v2', 'accepted_search': True, 'solver_message': 'Optimization terminated successfully.'}, {'theta': array([-4.03922641e+03, -1.94538687e+00]), 'n_active': 2, 'beta1_train': 80.9696326959836, 'beta0_train': -3307.7725009230894, 'beta1_val': -1142.5562063254324, 'beta0_val': -3585.5859072520784, 'selected_score': -3307.7725009230894, 'evaluations': 95, 'seconds': 0.05731780000496656, 'method': 'differential_evolution_v2', 'accepted_search': True, 'solver_message': 'Maximum number of iterations has been exceeded.'}, {'theta': array([-4.37880735e+02, -1.28004042e+00, -4.53976444e+02, -2.69803011e-01]), 'n_active': 4, 'beta1_train': 4538.229531339185, 'beta0_train': 5296.96745684785, 'beta1_val': -600.0652045899741, 'beta0_val': -969.2098713839282, 'selected_score': 4455.950422543411, 'evaluations': 185, 'seconds': 0.1271811000042362, 'method': 'differential_evolution_v2', 'accepted_search': True, 'solver_message': 'Maximum number of iterations has been exceeded.'}]",42,"[{'update_slot': 60, 'hour': 10, 'info': 'both', 'lp_status': 'optimal', 'lp_message': '', 'fallback': False}]",3446.1817329059936,1612.6109450247943,0.21519100001023617,0.35395940000307746
"[{'theta': array([-3074.48698757]), 'n_active': 1, 'beta1_train': -4103.111238005465, 'beta0_train': -4725.665253590276, 'beta1_val': -4996.756338566668, 'beta0_val': -4996.79229745679, 'selected_score': -4725.665253590276, 'evaluations': 30, 'seconds': 0.03629709999950137, 'method': 'differential_evolution_v2', 'accepted_search': True, 'solver_message': 'Optimization terminated successfully.'}, {'theta': array([-6.81567226e+03,  1.73690497e-01]), 'n_active': 2, 'beta1_train': -482.6525015585793, 'beta0_train': -3858.066494931677, 'beta1_val': -913.7682359019409, 'beta0_val': -3633.903891318491, 'selected_score': -3858.066494931677, 'evaluations': 45, 'seconds': 0.034708899998804554, 'method': 'differential_evolution_v2', 'accepted_search': True, 'solver_message': 'Optimization terminated successfully.'}, {'theta': array([-3.51019632e+02, -8.97276160e-01, -4.00478907e+02, -3.21809658e-01]), 'n_active': 4, 'beta1_train': 4051.9400433692285, 'beta0_train': 4721.7804354690925, 'beta1_val': 666.2873347247046, 'beta0_val': 546.8686234951851, 'selected_score': 3953.2242055809916, 'evaluations': 185, 'seconds': 0.1252539999986766, 'method': 'differential_evolution_v2', 'accepted_search': True, 'solver_message': 'Maximum number of iterations has been exceeded.'}]",42,"[{'update_slot': 60, 'hour': 10, 'info': 'both', 'lp_status': 'optimal', 'lp_message': '', 'fallback': False}]",1612.6109450247943,2304.611809585175,0.19625999999698251,0.34024150000186637
"[{'theta': array([-3303.05076359]), 'n_active': 1, 'beta1_train': -3440.5875363979353, 'beta0_train': -4253.33599300243, 'beta1_val': -4412.438047541666, 'beta0_val': -4472.4, 'selected_score': -4253.33599300243, 'evaluations': 15, 'seconds': 0.022079999995185062, 'method': 'differential_evolution_v2', 'accepted_search': True, 'solver_message': 'Optimization terminated successfully.'}, {'theta': array([-7.47471529e+03, -1.77023945e+00]), 'n_active': 2, 'beta1_train': 525.7957721768861, 'beta0_train': -3035.7511108475883, 'beta1_val': -1253.202855229777, 'beta0_val': -3628.322086492093, 'selected_score': -3035.7511108475883, 'evaluations': 55, 'seconds': 0.03923850000137463, 'method': 'differential_evolution_v2', 'accepted_search': True, 'solver_message': 'Optimization terminated successfully.'}, {'theta': array([-1.46389520e+02, -8.88616617e-01, -2.70890987e+03, -1.08579691e+00]), 'n_active': 4, 'beta1_train': 4422.641526742979, 'beta0_train': 5141.254738701589, 'beta1_val': -421.69262712078796, 'beta0_val': -916.8928804491565, 'selected_score': 4413.479406305794, 'evaluations': 185, 'seconds': 0.12760479999997187, 'method': 'differential_evolution_v2', 'accepted_search': True, 'solver_message': 'Maximum number of iterations has been exceeded.'}]",42,"[{'update_slot': 60, 'hour': 10, 'info': 'both', 'lp_status': 'optimal', 'lp_message': '', 'fallback': False}]",2304.611809585175,2186.4647116886663,0.18892329999653157,0.3923969000024954
"[{'theta': array([-3532.38150291]), 'n_active': 1, 'beta1_train': -3513.9075106489627, 'beta0_train': -4326.688667756165, 'beta1_val': -4572.0, 'beta0_val': -4572.0, 'selected_score': -4326.688667756165, 'evaluations': 25, 'seconds': 0.03177240000513848, 'method': 'differential_evolution_v2', 'accepted_search': True, 'solver_message': 'Optimization terminated successfully.'}, {'theta': array([-4.68409660e+03, -1.81357873e+00]), 'n_active': 2, 'beta1_train': 57.070238472156866, 'beta0_train': -3371.245802139299, 'beta1_val': -1178.5266928429228, 'beta0_val': -3671.0626737495413, 'selected_score': -3371.245802139299, 'evaluations': 95, 'seconds': 0.0609351000020979, 'method': 'differential_evolution_v2', 'accepted_search': True, 'solver_message': 'Maximum number of iterations has been exceeded.'}, {'theta': array([-467.58381994,   -0.79648937, -399.48303181,    1.66845643]), 'n_active': 4, 'beta1_train': 4437.438075559427, 'beta0_train': 5112.5745575329065, 'beta1_val': -806.4107729376535, 'beta0_val': -806.4107729376535, 'selected_score': 4361.393749060518, 'evaluations': 185, 'seconds': 0.12716630000795703, 'method': 'differential_evolution_v2', 'accepted_search': True, 'solver_message': 'Maximum number of iterations has been exceeded.'}]",42,"[{'update_slot': 60, 'hour': 10, 'info': 'both', 'lp_status': 'optimal', 'lp_message': '', 'fallback': False}]",2186.4647116886663,1943.0715727777754,0.2198738000151934,0.35908399999607354
"[{'theta': array([-4613.47115435]), 'n_active': 1, 'beta1_train': -878.8096870193349, 'beta0_train': -1797.5857935648507, 'beta1_val': -1749.5917053999997, 'beta0_val': -1874.24733181893, 'selected_score': -1797.5857935648507, 'evaluations': 50, 'seconds': 0.053130999993300065, 'method': 'differential_evolution_v2', 'accepted_search': True, 'solver_message': 'Maximum number of iterations has been exceeded.'}, {'theta': array([-6.77560365e+03, -4.86518290e-01]), 'n_active': 2, 'beta1_train': 2124.3477242340546, 'beta0_train': -1547.1154932418226, 'beta1_val': 999.9808588304561, 'beta0_val': -1645.0282225203466, 'selected_score': -1547.1154932418226, 'evaluations': 35, 'seconds': 0.028655400004936382, 'method': 'differential_evolution_v2', 'accepted_search': True, 'solver_message': 'Optimization terminated successfully.'}, {'theta': array([-2.28110454e+02,  1.89217775e+00, -9.52860534e+03,  6.14564698e-01]), 'n_active': 4, 'beta1_train': 5453.402599073793, 'beta0_train': 6389.170559745939, 'beta1_val': -311.4044213476441, 'beta0_val': -366.7603587845266, 'selected_score': 5326.419785573769, 'evaluations': 185, 'seconds': 0.12681469999370165, 'method': 'differential_evolution_v2', 'accepted_search': True, 'solver_message': 'Maximum number of iterations has been exceeded.'}]",42,"[{'update_slot': 60, 'hour': 10, 'info': 'both', 'lp_status': 'optimal', 'lp_message': '', 'fallback': False}]",1943.0715727777754,2255.9953549999987,0.2086010999919381,0.341716599999927
"[{'theta': array([-865.90247144]), 'n_active': 1, 'beta1_train': 502.8652538504382, 'beta0_train': 284.1356410694912, 'beta1_val': -591.6301792435625, 'beta0_val': -591.6301792435625, 'selected_score': 284.1356410694912, 'evaluations': 20, 'seconds': 0.02923420000297483, 'method': 'differential_evolution_v2', 'accepted_search': True, 'solver_message': 'Optimization terminated successfully.'}, {'theta': array([-6.74033448e+03,  1.28122687e+00]), 'n_active': 2, 'beta1_train': -146.88048174470097, 'beta0_train': -1462.7999999999997, 'beta1_val': -219.77172013465747, 'beta0_val': -1462.7999999999997, 'selected_score': -1462.7999999999997, 'evaluations': 35, 'seconds': 0.03127590000804048, 'method': 'differential_evolution_v2', 'accepted_search': True, 'solver_message': 'Optimization terminated successfully.'}, {'theta': array([-62.67553499,   0.22121033, -31.83265884,  -0.11484534]), 'n_active': 4, 'beta1_train': 3729.090606608237, 'beta0_train': 4529.451669906472, 'beta1_val': -286.1812049631084, 'beta0_val': -286.1812049631084, 'selected_score': 3623.8742852060936, 'evaluations': 185, 'seconds': 0.12450499999977183, 'method': 'differential_evolution_v2', 'accepted_search': True, 'solver_message': 'Maximum number of iterations has been exceeded.'}]",42,"[{'update_slot': 60, 'hour': 10, 'info': 'both', 'lp_status': 'optimal', 'lp_message': '', 'fallback': False}]",2255.9953549999987,2168.1906642026797,0.18501510001078714,0.3255005999963032
"[{'theta': array([-2637.13843317]), 'n_active': 1, 'beta1_train': -369.1339899423682, 'beta0_train': -506.1730105435463, 'beta1_val': -1800.387463625586, 'beta0_val': -1800.387463625586, 'selected_score': -506.1730105435463, 'evaluations': 20, 'seconds': 0.027264699994702823, 'method': 'differential_evolution_v2', 'accepted_search': True, 'solver_message': 'Optimization terminated successfully.'}, {'theta': array([-5.91847861e+03,  1.54437649e+00]), 'n_active': 2, 'beta1_train': -2835.5403584676064, 'beta0_train': -4089.6000000000004, 'beta1_val': -3169.5494084835354, 'beta0_val': -4089.6, 'selected_score': -4089.6000000000004, 'evaluations': 95, 'seconds': 0.05973370000720024, 'method': 'differential_evolution_v2', 'accepted_search': True, 'solver_message': 'Maximum number of iterations has been exceeded.'}, {'theta': array([ 1.96906348e+03, -1.40799587e+00, -4.90528655e+02, -1.37144287e+00]), 'n_active': 4, 'beta1_train': 3067.160532293674, 'beta0_train': 3608.418201381479, 'beta1_val': -1158.5904589979032, 'beta0_val': -1158.5904589979032, 'selected_score': 2839.0347448672132, 'evaluations': 185, 'seconds': 0.12795480000204407, 'method': 'differential_evolution_v2', 'accepted_search': True, 'solver_message': 'Maximum number of iterations has been exceeded.'}]",42,"[{'update_slot': 60, 'hour': 10, 'info': 'both', 'lp_status': 'optimal', 'lp_message': '', 'fallback': False}]",2168.1906642026797,2763.379036357269,0.21495320000394713,0.3568827999988571
"[{'theta': array([-6056.76147996]), 'n_active': 1, 'beta1_train': -1561.5959445750716, 'beta0_train': -2955.4691303030772, 'beta1_val': -3256.861547038422, 'beta0_val': -3291.316162443772, 'selected_score': -2955.4691303030772, 'evaluations': 25, 'seconds': 0.030997499998193234, 'method': 'differential_evolution_v2', 'accepted_search': True, 'solver_message': 'Optimization terminated successfully.'}, {'theta': array([-4.53008559e+03, -9.78427671e-01]), 'n_active': 2, 'beta1_train': 596.3123087370335, 'beta0_train': -2524.2778942604027, 'beta1_val': 401.96983609235167, 'beta0_val': -2696.1835815073478, 'selected_score': -2524.2778942604027, 'evaluations': 45, 'seconds': 0.03222069999901578, 'method': 'differential_evolution_v2', 'accepted_search': True, 'solver_message': 'Optimization terminated successfully.'}, {'theta': array([-143.50243721,    0.15899282, -158.26233122,    0.60553043]), 'n_active': 4, 'beta1_train': 4806.280231898841, 'beta0_train': 5767.097811974044, 'beta1_val': -808.426174816513, 'beta0_val': -808.4261748165242, 'selected_score': 4550.343139300416, 'evaluations': 185, 'seconds': 0.12732810000306927, 'method': 'differential_evolution_v2', 'accepted_search': True, 'solver_message': 'Maximum number of iterations has been exceeded.'}]",42,"[{'update_slot': 60, 'hour': 10, 'info': 'both', 'lp_status': 'optimal', 'lp_message': '', 'fallback': False}]",2763.379036357269,2564.1980459300335,0.19054630000027828,0.3303975999879185
"[{'theta': array([-5022.60380084]), 'n_active': 1, 'beta1_train': -2754.656301568889, 'beta0_train': -3615.268007521123, 'beta1_val': -3907.456109835545, 'beta0_val': -3907.456109835545, 'selected_score': -3615.268007521123, 'evaluations': 50, 'seconds': 0.05321410000033211, 'method': 'differential_evolution_v2', 'accepted_search': True, 'solver_message': 'Maximum number of iterations has been exceeded.'}, {'theta': array([-2.70087650e+03,  6.59563432e-02]), 'n_active': 2, 'beta1_train': 835.8379780889214, 'beta0_train': -2631.8385078091565, 'beta1_val': -14.568456523747955, 'beta0_val': -2566.487015370041, 'selected_score': -2631.8385078091565, 'evaluations': 45, 'seconds': 0.0333567000052426, 'method': 'differential_evolution_v2', 'accepted_search': True, 'solver_message': 'Optimization terminated successfully.'}, {'theta': array([-3.48988280e+02, -1.92186839e+00, -3.66626891e+03,  9.86617780e-01]), 'n_active': 4, 'beta1_train': 5710.809053170166, 'beta0_train': 6819.153534599635, 'beta1_val': -659.8925159768023, 'beta0_val': -975.6274305684773, 'selected_score': 5454.2504389067, 'evaluations': 185, 'seconds': 0.12453260000620503, 'method': 'differential_evolution_v2', 'accepted_search': True, 'solver_message': 'Maximum number of iterations has been exceeded.'}]",42,"[{'update_slot': 60, 'hour': 10, 'info': 'both', 'lp_status': 'optimal', 'lp_message': '', 'fallback': False}]",2564.1980459300335,2167.072059259261,0.21110340001177974,0.34950470000330824
"[{'theta': array([-3175.20060094]), 'n_active': 1, 'beta1_train': -2768.1239021045894, 'beta0_train': -3827.8402068806777, 'beta1_val': -4102.7888357311, 'beta0_val': -4102.7888357311, 'selected_score': -3827.8402068806777, 'evaluations': 20, 'seconds': 0.026113600004464388, 'method': 'differential_evolution_v2', 'accepted_search': True, 'solver_message': 'Optimization terminated successfully.'}, {'theta': array([-7.48513300e+03, -1.61974331e+00]), 'n_active': 2, 'beta1_train': 423.56505867299074, 'beta0_train': -2952.7615302397217, 'beta1_val': -1544.1920404928342, 'beta0_val': -3629.762126853068, 'selected_score': -2952.7615302397217, 'evaluations': 55, 'seconds': 0.0380109999969136, 'method': 'differential_evolution_v2', 'accepted_search': True, 'solver_message': 'Optimization terminated successfully.'}, {'theta': array([-2.86034911e+02, -1.21016340e+00, -8.37877516e+03,  1.76022229e+00]), 'n_active': 4, 'beta1_train': 5794.447356486432, 'beta0_train': 7100.576524325828, 'beta1_val': -655.7964487167313, 'beta0_val': -655.7964487167313, 'selected_score': 5534.451238505969, 'evaluations': 185, 'seconds': 0.12367069999163505, 'method': 'differential_evolution_v2', 'accepted_search': True, 'solver_message': 'Maximum number of iterations has been exceeded.'}]",42,"[{'update_slot': 60, 'hour': 10, 'info': 'both', 'lp_status': 'optimal', 'lp_message': '', 'fallback': False}]",2167.072059259261,2252.6253022886094,0.18779529999301303,0.3233752999949502
"[{'theta': array([-9279.48031581]), 'n_active': 1, 'beta1_train': -2364.4761534506792, 'beta0_train': -3167.197980652661, 'beta1_val': -3553.2890876699516, 'beta0_val': -3553.2890876699516, 'selected_score': -3167.197980652661, 'evaluations': 15, 'seconds': 0.021822700000484474, 'method': 'differential_evolution_v2', 'accepted_search': True, 'solver_message': 'Optimization terminated successfully.'}, {'theta': array([-8.42887631e+03,  1.18387868e+00]), 'n_active': 2, 'beta1_train': 674.5832174862924, 'beta0_train': -2696.635042706534, 'beta1_val': 329.9766330556349, 'beta0_val': -2851.874164916419, 'selected_score': -2696.635042706534, 'evaluations': 55, 'seconds': 0.03580549999605864, 'method': 'differential_evolution_v2', 'accepted_search': True, 'solver_message': 'Optimization terminated successfully.'}, {'theta': array([-3.26891685e+02, -9.83323778e-01, -3.02905368e+03, -1.01328990e+00]), 'n_active': 4, 'beta1_train': 4734.004595167103, 'beta0_train': 5740.310593519662, 'beta1_val': -168.83736741085306, 'beta0_val': -430.8749432953248, 'selected_score': 4603.2993386518965, 'evaluations': 185, 'seconds': 0.12196099999709986, 'method': 'differential_evolution_v2', 'accepted_search': True, 'solver_message': 'Maximum number of iterations has been exceeded.'}]",42,"[{'update_slot': 60, 'hour': 10, 'info': 'both', 'lp_status': 'optimal', 'lp_message': '', 'fallback': False}]",2252.6253022886094,2444.8002245518783,0.17958919999364298,0.32006189999810886
"[{'theta': array([-4645.55681151]), 'n_active': 1, 'beta1_train': -40.30293614681042, 'beta0_train': -190.67163702732728, 'beta1_val': -777.3216007708874, 'beta0_val': -777.3216007708874, 'selected_score': -190.67163702732728, 'evaluations': 20, 'seconds': 0.027524200006155297, 'method': 'differential_evolution_v2', 'accepted_search': True, 'solver_message': 'Optimization terminated successfully.'}, {'theta': array([-1.22862020e+03, -2.97146718e-01]), 'n_active': 2, 'beta1_train': 3380.035814009979, 'beta0_train': -3.3095694208379967, 'beta1_val': 2926.082692995998, 'beta0_val': -465.88056995712077, 'selected_score': -12.647224606868225, 'evaluations': 95, 'seconds': 0.0573790999915218, 'method': 'differential_evolution_v2', 'accepted_search': True, 'solver_message': 'Maximum number of iterations has been exceeded.'}, {'theta': array([-1.71917481e+02,  7.90854627e-02, -7.73958251e+01,  4.52650370e-01]), 'n_active': 4, 'beta1_train': 4220.805325863099, 'beta0_train': 4696.182503884333, 'beta1_val': 609.0313170016911, 'beta0_val': 25.07124306649473, 'selected_score': 3845.3490011863782, 'evaluations': 185, 'seconds': 0.1274245999957202, 'method': 'differential_evolution_v2', 'accepted_search': True, 'solver_message': 'Maximum number of iterations has been exceeded.'}]",42,"[{'update_slot': 60, 'hour': 10, 'info': 'both', 'lp_status': 'optimal', 'lp_message': '', 'fallback': False}]",2444.8002245518783,2206.830380786225,0.2123278999933973,0.3529643999936525
"[{'theta': array([-5995.62590585]), 'n_active': 1, 'beta1_train': -142.03205223726695, 'beta0_train': -266.4128964622421, 'beta1_val': -810.7572177455436, 'beta0_val': -810.7572177455436, 'selected_score': -266.4128964622421, 'evaluations': 20, 'seconds': 0.02731020000646822, 'method': 'differential_evolution_v2', 'accepted_search': True, 'solver_message': 'Optimization terminated successfully.'}, {'theta': array([-7.83101294e+03, -3.20300848e-01]), 'n_active': 2, 'beta1_train': -739.3392435267074, 'beta0_train': -2047.7484913952137, 'beta1_val': -1116.8125619257603, 'beta0_val': -2056.8, 'selected_score': -2047.7484913952137, 'evaluations': 95, 'seconds': 0.0588560000032885, 'method': 'differential_evolution_v2', 'accepted_search': True, 'solver_message': 'Maximum number of iterations has been exceeded.'}, {'theta': array([ 5.15166198e+03,  1.27084877e+00, -7.49069575e+01, -1.91811582e-01]), 'n_active': 4, 'beta1_train': 1859.5313265969896, 'beta0_train': 2233.4715908593284, 'beta1_val': -420.74235420834935, 'beta0_val': -420.74235420834935, 'selected_score': 1820.2123406266803, 'evaluations': 185, 'seconds': 0.12697289999050554, 'method': 'differential_evolution_v2', 'accepted_search': True, 'solver_message': 'Maximum number of iterations has been exceeded.'}]",42,"[{'update_slot': 60, 'hour': 10, 'info': 'both', 'lp_status': 'optimal', 'lp_message': '', 'fallback': False}]",2206.830380786225,2016.7264578064141,0.21313910000026226,0.35262710000097286
"[{'theta': array([-3191.61569034]), 'n_active': 1, 'beta1_train': -1004.3441558276008, 'beta0_train': -1045.078999597441, 'beta1_val': -1300.5800769477098, 'beta0_val': -1300.5800769477098, 'selected_score': -1045.078999597441, 'evaluations': 30, 'seconds': 0.03592949999438133, 'method': 'differential_evolution_v2', 'accepted_search': True, 'solver_message': 'Optimization terminated successfully.'}, {'theta': array([-3.05462014e+03,  4.38080807e-01]), 'n_active': 2, 'beta1_train': -3190.5763083468573, 'beta0_train': -4503.376955593845, 'beta1_val': -3509.4116845099734, 'beta0_val': -4513.2, 'selected_score': -4503.376955593845, 'evaluations': 95, 'seconds': 0.0591024000023026, 'method': 'differential_evolution_v2', 'accepted_search': True, 'solver_message': 'Maximum number of iterations has been exceeded.'}, {'theta': array([-9.44372731e+01,  8.58279794e-01, -3.10381532e+03,  6.92381550e-01]), 'n_active': 4, 'beta1_train': 658.5957803151152, 'beta0_train': 677.535510344102, 'beta1_val': -1089.6063129722925, 'beta0_val': -1121.2703122043954, 'selected_score': 450.1007377144342, 'evaluations': 185, 'seconds': 0.1273905999987619, 'method': 'differential_evolution_v2', 'accepted_search': True, 'solver_message': 'Maximum number of iterations has been exceeded.'}]",42,"[{'update_slot': 60, 'hour': 10, 'info': 'both', 'lp_status': 'optimal', 'lp_message': '', 'fallback': False}]",2016.7264578064141,2925.6078724611107,0.22242249999544583,0.3619652000052156
"[{'theta': array([-8228.09925723]), 'n_active': 1, 'beta1_train': -3482.2909530422694, 'beta0_train': -4069.1838165032896, 'beta1_val': -3234.276016990393, 'beta0_val': -4050.037650486491, 'selected_score': -4069.1838165032896, 'evaluations': 25, 'seconds': 0.03169119999802206, 'method': 'differential_evolution_v2', 'accepted_search': True, 'solver_message': 'Optimization terminated successfully.'}, {'theta': array([-7.56640996e+03,  1.54828315e+00]), 'n_active': 2, 'beta1_train': -718.2384378122837, 'beta0_train': -4080.232730516762, 'beta1_val': -1493.4157191115733, 'beta0_val': -4159.367334188598, 'selected_score': -4080.232730516762, 'evaluations': 95, 'seconds': 0.05847099999664351, 'method': 'differential_evolution_v2', 'accepted_search': True, 'solver_message': 'Maximum number of iterations has been exceeded.'}, {'theta': array([-3.52349360e+02, -4.71626195e-01, -9.08915938e+03, -1.85865185e+00]), 'n_active': 4, 'beta1_train': 1314.6075083732255, 'beta0_train': 936.8193017153102, 'beta1_val': -505.26560863851574, 'beta0_val': -505.26560863851574, 'selected_score': 785.0058996207501, 'evaluations': 185, 'seconds': 0.12829819999751635, 'method': 'differential_evolution_v2', 'accepted_search': True, 'solver_message': 'Maximum number of iterations has been exceeded.'}]",42,"[{'update_slot': 60, 'hour': 10, 'info': 'both', 'lp_status': 'optimal', 'lp_message': '', 'fallback': False}]",2925.6078724611107,2294.0581174448603,0.21846039999218192,0.35556219999853056
"[{'theta': array([-5658.25479499]), 'n_active': 1, 'beta1_train': -3944.5441679736123, 'beta0_train': -4003.056888036002, 'beta1_val': -4142.771214467832, 'beta0_val': -4142.771214467832, 'selected_score': -4003.056888036002, 'evaluations': 20, 'seconds': 0.026457800006028265, 'method': 'differential_evolution_v2', 'accepted_search': True, 'solver_message': 'Optimization terminated successfully.'}, {'theta': array([-5.99494481e+03, -1.64449625e+00]), 'n_active': 2, 'beta1_train': 69.81141474302184, 'beta0_train': -2890.7611942125527, 'beta1_val': -702.225294949937, 'beta0_val': -3318.643916671692, 'selected_score': -2890.7611942125527, 'evaluations': 95, 'seconds': 0.05733199999667704, 'method': 'differential_evolution_v2', 'accepted_search': True, 'solver_message': 'Maximum number of iterations has been exceeded.'}, {'theta': array([-5.79614517e+03, -1.57359577e-01, -1.36058261e+02, -5.31003453e-01]), 'n_active': 4, 'beta1_train': 470.4246313022447, 'beta0_train': 61.59957177521866, 'beta1_val': 8.610679932321545, 'beta0_val': -285.41533067891726, 'selected_score': 37.57907888318873, 'evaluations': 185, 'seconds': 0.1262094999983674, 'method': 'differential_evolution_v2', 'accepted_search': True, 'solver_message': 'Maximum number of iterations has been exceeded.'}]",42,"[{'update_slot': 60, 'hour': 10, 'info': 'both', 'lp_status': 'optimal', 'lp_message': '', 'fallback': False}]",2294.0581174448603,2396.1687072994705,0.2099993000010727,0.34484140000131447
"[{'theta': array([-5562.61699929]), 'n_active': 1, 'beta1_train': -4098.775363666295, 'beta0_train': -4119.755143748648, 'beta1_val': -4053.782080094041, 'beta0_val': -4053.782080094041, 'selected_score': -4119.755143748648, 'evaluations': 25, 'seconds': 0.029625099996337667, 'method': 'differential_evolution_v2', 'accepted_search': True, 'solver_message': 'Optimization terminated successfully.'}, {'theta': array([-9.05657779e+03, -5.79483834e-02]), 'n_active': 2, 'beta1_train': -373.590145621478, 'beta0_train': -3288.1136759544584, 'beta1_val': -144.78132231681457, 'beta0_val': -3771.328747424109, 'selected_score': -3288.1136759544584, 'evaluations': 45, 'seconds': 0.034020099992631, 'method': 'differential_evolution_v2', 'accepted_search': True, 'solver_message': 'Optimization terminated successfully.'}, {'theta': array([-8.85989127e+03,  1.39810051e+00, -5.33503435e+03,  4.70840147e-01]), 'n_active': 4, 'beta1_train': -302.7407373739192, 'beta0_train': -612.8146105756449, 'beta1_val': 41.35420481752135, 'beta0_val': -194.30898309985218, 'selected_score': -612.8146105756449, 'evaluations': 185, 'seconds': 0.12508009999874048, 'method': 'differential_evolution_v2', 'accepted_search': True, 'solver_message': 'Maximum number of iterations has been exceeded.'}]",42,"[{'update_slot': 60, 'hour': 10, 'info': 'both', 'lp_status': 'optimal', 'lp_message': '', 'fallback': False}]",2396.1687072994705,2079.201871111111,0.18872529998770915,0.3242046999948798
"[{'theta': array([-7189.81871812]), 'n_active': 1, 'beta1_train': -4581.336467964595, 'beta0_train': -4609.618942950315, 'beta1_val': -4611.599999999999, 'beta0_val': -4611.599999999999, 'selected_score': -4609.618942950315, 'evaluations': 35, 'seconds': 0.03906939999433234, 'method': 'differential_evolution_v2', 'accepted_search': True, 'solver_message': 'Optimization terminated successfully.'}, {'theta': array([-3.47823129e+03, -1.22277940e+00]), 'n_active': 2, 'beta1_train': 960.2294197232458, 'beta0_train': -2205.6024842114957, 'beta1_val': 432.6875045552283, 'beta0_val': -2326.2369758554705, 'selected_score': -2205.6024842114957, 'evaluations': 75, 'seconds': 0.04819990000396501, 'method': 'differential_evolution_v2', 'accepted_search': True, 'solver_message': 'Optimization terminated successfully.'}, {'theta': array([-5.00554747e+02, -1.30549443e-01, -3.79363177e+03, -7.02706372e-01]), 'n_active': 4, 'beta1_train': -81.66113615701045, 'beta0_train': -708.7329190127947, 'beta1_val': -593.811124006667, 'beta0_val': -593.811124006667, 'selected_score': -710.8227985537319, 'evaluations': 185, 'seconds': 0.12742400000570342, 'method': 'differential_evolution_v2', 'accepted_search': True, 'solver_message': 'Maximum number of iterations has been exceeded.'}]",42,"[{'update_slot': 60, 'hour': 10, 'info': 'both', 'lp_status': 'optimal', 'lp_message': '', 'fallback': False}]",2079.201871111111,1827.8864872222207,0.21469330000400078,0.3501345999975456
"[{'theta': array([-2783.56526513]), 'n_active': 1, 'beta1_train': -1209.5835964519733, 'beta0_train': -1232.7496378575213, 'beta1_val': -1116.7404694770607, 'beta0_val': -1241.9724110770605, 'selected_score': -1232.7496378575213, 'evaluations': 20, 'seconds': 0.029698899990762584, 'method': 'differential_evolution_v2', 'accepted_search': True, 'solver_message': 'Optimization terminated successfully.'}, {'theta': array([-1.08519366e+03, -3.78154806e-01]), 'n_active': 2, 'beta1_train': 2318.2269694339298, 'beta0_train': -1076.9618441448201, 'beta1_val': 2084.082716920553, 'beta0_val': -1166.0475367262757, 'selected_score': -1076.9618441448201, 'evaluations': 35, 'seconds': 0.02782290001050569, 'method': 'differential_evolution_v2', 'accepted_search': True, 'solver_message': 'Optimization terminated successfully.'}, {'theta': array([-7.38944915e+03, -7.45713183e-01, -1.35440363e+03, -1.66853923e+00]), 'n_active': 4, 'beta1_train': 483.6549582227135, 'beta0_train': -79.5887154383972, 'beta1_val': 802.2800204121953, 'beta0_val': 638.4597730721678, 'selected_score': -79.5887154383972, 'evaluations': 145, 'seconds': 0.10596250000526197, 'method': 'differential_evolution_v2', 'accepted_search': True, 'solver_message': 'Optimization terminated successfully.'}]",42,"[{'update_slot': 60, 'hour': 10, 'info': 'both', 'lp_status': 'optimal', 'lp_message': '', 'fallback': False}]",1827.8864872222207,2210.6939194974957,0.16348430000653025,0.300365300005069
"[{'theta': array([-2534.30286575]), 'n_active': 1, 'beta1_train': -274.4919724344019, 'beta0_train': -280.01396300244744, 'beta1_val': -272.0926619580855, 'beta0_val': -272.0926619580855, 'selected_score': -280.01396300244744, 'evaluations': 20, 'seconds': 0.0271299000014551, 'method': 'differential_evolution_v2', 'accepted_search': True, 'solver_message': 'Optimization terminated successfully.'}, {'theta': array([-2.36601201e+03, -1.85531612e-01]), 'n_active': 2, 'beta1_train': 176.0552617032826, 'beta0_train': -822.0, 'beta1_val': -118.09810660337268, 'beta0_val': -822.0, 'selected_score': -822.0, 'evaluations': 35, 'seconds': 0.028895399998873472, 'method': 'differential_evolution_v2', 'accepted_search': True, 'solver_message': 'Optimization terminated successfully.'}, {'theta': array([-4.61622676e+03,  1.64149996e-01, -4.06304806e+03,  1.22158760e-01]), 'n_active': 4, 'beta1_train': 198.38811211628388, 'beta0_train': -136.39567013702464, 'beta1_val': 519.3821920683887, 'beta0_val': -158.90459082372033, 'selected_score': -136.39567013702464, 'evaluations': 185, 'seconds': 0.12776610000582878, 'method': 'differential_evolution_v2', 'accepted_search': True, 'solver_message': 'Maximum number of iterations has been exceeded.'}]",42,"[{'update_slot': 60, 'hour': 10, 'info': 'both', 'lp_status': 'optimal', 'lp_message': '', 'fallback': False}]",2210.6939194974957,1651.75509,0.18379140000615735,0.3231413000030443
"[{'theta': array([-2155.47412305]), 'n_active': 1, 'beta1_train': -1650.0494342578231, 'beta0_train': -1650.0494342578231, 'beta1_val': -1586.8549690248374, 'beta0_val': -1586.8549690248374, 'selected_score': -1650.0494342578231, 'evaluations': 50, 'seconds': 0.05368189999717288, 'method': 'differential_evolution_v2', 'accepted_search': True, 'solver_message': 'Maximum number of iterations has been exceeded.'}, {'theta': array([-7.83137249e+03,  1.39863997e+00]), 'n_active': 2, 'beta1_train': -2993.5457823012634, 'beta0_train': -4063.2000000000003, 'beta1_val': -2930.202827035293, 'beta0_val': -4063.2000000000003, 'selected_score': -4063.2000000000003, 'evaluations': 95, 'seconds': 0.05866059999971185, 'method': 'differential_evolution_v2', 'accepted_search': True, 'solver_message': 'Maximum number of iterations has been exceeded.'}, {'theta': array([-4.17868309e+02,  1.41297126e+00, -1.35506601e+03, -6.97228450e-01]), 'n_active': 4, 'beta1_train': -772.1477941029303, 'beta0_train': -1124.9884459090667, 'beta1_val': 801.5732905701694, 'beta0_val': 318.89020312858156, 'selected_score': -1127.4079898263658, 'evaluations': 185, 'seconds': 0.12700490000133868, 'method': 'differential_evolution_v2', 'accepted_search': True, 'solver_message': 'Maximum number of iterations has been exceeded.'}]",42,"[{'update_slot': 60, 'hour': 10, 'info': 'both', 'lp_status': 'optimal', 'lp_message': '', 'fallback': False}]",1651.75509,2820.3151899084005,0.2393473999982234,0.38288819999434054
"[{'theta': array([-4737.29795216]), 'n_active': 1, 'beta1_train': -2994.707951260088, 'beta0_train': -3236.7841765551952, 'beta1_val': -3165.1814691264713, 'beta0_val': -3204.3825884253356, 'selected_score': -3236.7841765551952, 'evaluations': 20, 'seconds': 0.02744649999658577, 'method': 'differential_evolution_v2', 'accepted_search': True, 'solver_message': 'Optimization terminated successfully.'}, {'theta': array([-7.84420984e+03, -1.14897336e+00]), 'n_active': 2, 'beta1_train': 57.241879673169414, 'beta0_train': -3103.7005555427772, 'beta1_val': 337.57465526249007, 'beta0_val': -2828.848739499072, 'selected_score': -3103.7005555427772, 'evaluations': 95, 'seconds': 0.05935460000182502, 'method': 'differential_evolution_v2', 'accepted_search': True, 'solver_message': 'Maximum number of iterations has been exceeded.'}, {'theta': array([-8.28385630e+03,  8.87795046e-01, -1.71209388e+03, -1.00371013e+00]), 'n_active': 4, 'beta1_train': -343.85709346511373, 'beta0_train': -904.1008640372705, 'beta1_val': -778.9706458429407, 'beta0_val': -1004.2792538984655, 'selected_score': -904.1008640372705, 'evaluations': 125, 'seconds': 0.09252989999367855, 'method': 'differential_evolution_v2', 'accepted_search': True, 'solver_message': 'Optimization terminated successfully.'}]",42,"[{'update_slot': 60, 'hour': 10, 'info': 'both', 'lp_status': 'optimal', 'lp_message': '', 'fallback': False}]",2820.3151899084005,3290.2209486878796,0.17933099999208935,0.31882970000151545
"[{'theta': array([-7490.12152868]), 'n_active': 1, 'beta1_train': -4778.746249874286, 'beta0_train': -5056.676550859962, 'beta1_val': -5000.6048927822785, 'beta0_val': -5029.676418031071, 'selected_score': -5056.676550859962, 'evaluations': 15, 'seconds': 0.021759299997938797, 'method': 'differential_evolution_v2', 'accepted_search': True, 'solver_message': 'Optimization terminated successfully.'}, {'theta': array([-1.69337082e+03, -6.01297033e-02]), 'n_active': 2, 'beta1_train': -931.341466281297, 'beta0_train': -4461.807587261566, 'beta1_val': 142.84675722052543, 'beta0_val': -4108.283642247693, 'selected_score': -4461.807587261566, 'evaluations': 45, 'seconds': 0.03347659998689778, 'method': 'differential_evolution_v2', 'accepted_search': True, 'solver_message': 'Optimization terminated successfully.'}, {'theta': array([-7.64632238e+03,  9.00465974e-01, -6.56103522e+03, -1.39418524e+00]), 'n_active': 4, 'beta1_train': -86.44582323409912, 'beta0_train': -631.4112373760338, 'beta1_val': -863.0211241707843, 'beta0_val': -863.0211241707843, 'selected_score': -631.4112373760338, 'evaluations': 185, 'seconds': 0.12192000000504777, 'method': 'differential_evolution_v2', 'accepted_search': True, 'solver_message': 'Maximum number of iterations has been exceeded.'}]",42,"[{'update_slot': 60, 'hour': 10, 'info': 'both', 'lp_status': 'optimal', 'lp_message': '', 'fallback': False}]",3290.2209486878796,2162.630261666666,0.17715589998988435,0.3126940000074683
"[{'theta': array([-6714.03993861]), 'n_active': 1, 'beta1_train': -4444.549530031048, 'beta0_train': -4463.186301959038, 'beta1_val': -4561.5869221179, 'beta0_val': -4561.5869221179, 'selected_score': -4463.186301959038, 'evaluations': 15, 'seconds': 0.020822000005864538, 'method': 'differential_evolution_v2', 'accepted_search': True, 'solver_message': 'Optimization terminated successfully.'}, {'theta': array([-1.75818161e+03, -1.23862910e+00]), 'n_active': 2, 'beta1_train': -874.5893245124464, 'beta0_train': -3807.458202403232, 'beta1_val': -689.0233218611384, 'beta0_val': -3514.986628940547, 'selected_score': -3807.458202403232, 'evaluations': 95, 'seconds': 0.05722339999920223, 'method': 'differential_evolution_v2', 'accepted_search': True, 'solver_message': 'Maximum number of iterations has been exceeded.'}, {'theta': array([-9.57723475e+02,  4.22229883e-01, -2.56000426e+03, -1.27754858e+00]), 'n_active': 4, 'beta1_train': -268.1211959018898, 'beta0_train': -510.42577308148435, 'beta1_val': -673.7533860454612, 'beta0_val': -673.7533860454612, 'selected_score': -510.42577308148435, 'evaluations': 185, 'seconds': 0.12978969998948742, 'method': 'differential_evolution_v2', 'accepted_search': True, 'solver_message': 'Maximum number of iterations has been exceeded.'}]",42,"[{'update_slot': 60, 'hour': 10, 'info': 'both', 'lp_status': 'optimal', 'lp_message': '', 'fallback': False}]",2162.630261666666,2511.2294145815445,0.20783509999455418,0.34539000000222586
"[{'theta': array([-6978.70545295]), 'n_active': 1, 'beta1_train': -4950.920497060081, 'beta0_train': -4992.651254714243, 'beta1_val': -4995.6, 'beta0_val': -4995.6, 'selected_score': -4992.651254714243, 'evaluations': 15, 'seconds': 0.023195000001578592, 'method': 'differential_evolution_v2', 'accepted_search': True, 'solver_message': 'Optimization terminated successfully.'}, {'theta': array([-5.26899707e+03,  9.86850240e-01]), 'n_active': 2, 'beta1_train': -296.9507234055895, 'beta0_train': -3634.226067134525, 'beta1_val': -272.4194048344175, 'beta0_val': -3469.2511188477724, 'selected_score': -3634.226067134525, 'evaluations': 55, 'seconds': 0.042186600010609254, 'method': 'differential_evolution_v2', 'accepted_search': True, 'solver_message': 'Optimization terminated successfully.'}, {'theta': array([-3.92738373e+03,  1.67903650e+00, -5.48808602e+02, -9.62135100e-02]), 'n_active': 4, 'beta1_train': -190.23987093911654, 'beta0_train': -633.1937702667238, 'beta1_val': -1102.744212059671, 'beta0_val': -1102.744212059671, 'selected_score': -636.4867183541143, 'evaluations': 185, 'seconds': 0.13225380000949372, 'method': 'differential_evolution_v2', 'accepted_search': True, 'solver_message': 'Maximum number of iterations has been exceeded.'}]",42,"[{'update_slot': 60, 'hour': 10, 'info': 'both', 'lp_status': 'optimal', 'lp_message': '', 'fallback': False}]",2511.2294145815445,2281.343967270843,0.19763540002168156,0.33905910000612494
"[{'theta': array([-4002.02525156]), 'n_active': 1, 'beta1_train': -1696.5333708221851, 'beta0_train': -1731.9711620445648, 'beta1_val': -1732.8, 'beta0_val': -1732.8, 'selected_score': -1731.9711620445648, 'evaluations': 50, 'seconds': 0.05265150000923313, 'method': 'differential_evolution_v2', 'accepted_search': True, 'solver_message': 'Maximum number of iterations has been exceeded.'}, {'theta': array([-8.93570370e+03, -1.52786548e+00]), 'n_active': 2, 'beta1_train': 1861.2925558078707, 'beta0_train': -1230.6472989452566, 'beta1_val': 1319.6279312417573, 'beta0_val': -1320.5894171056063, 'selected_score': -1230.6472989452566, 'evaluations': 95, 'seconds': 0.05888289998983964, 'method': 'differential_evolution_v2', 'accepted_search': True, 'solver_message': 'Maximum number of iterations has been exceeded.'}, {'theta': array([-5.89937981e+02, -1.97696770e+00, -5.07979325e+03, -5.87764892e-01]), 'n_active': 4, 'beta1_train': 1048.0996897062755, 'beta0_train': 168.94752981539867, 'beta1_val': -321.7074811774981, 'beta0_val': -366.52323075468195, 'selected_score': 132.16050761028487, 'evaluations': 185, 'seconds': 0.12786140000389423, 'method': 'differential_evolution_v2', 'accepted_search': True, 'solver_message': 'Maximum number of iterations has been exceeded.'}]",42,"[{'update_slot': 60, 'hour': 10, 'info': 'both', 'lp_status': 'optimal', 'lp_message': '', 'fallback': False}]",2281.343967270843,2304.8757316806837,0.239395800002967,0.37918940000236034
"[{'theta': array([-4860.40633032]), 'n_active': 1, 'beta1_train': -733.7061779580316, 'beta0_train': -759.3430162538513, 'beta1_val': -796.8974367434678, 'beta0_val': -796.8974367434678, 'selected_score': -759.3430162538513, 'evaluations': 20, 'seconds': 0.026949899998726323, 'method': 'differential_evolution_v2', 'accepted_search': True, 'solver_message': 'Optimization terminated successfully.'}, {'theta': array([-6.38542729e+03, -1.36905824e+00]), 'n_active': 2, 'beta1_train': -450.0435016915483, 'beta0_train': -1686.0, 'beta1_val': -110.63999675221885, 'beta0_val': -1686.0, 'selected_score': -1686.0, 'evaluations': 45, 'seconds': 0.032688699997379445, 'method': 'differential_evolution_v2', 'accepted_search': True, 'solver_message': 'Optimization terminated successfully.'}, {'theta': array([-5.69079844e+03,  1.07244961e+00, -4.80604750e+03,  1.64467096e+00]), 'n_active': 4, 'beta1_train': 145.01906899997007, 'beta0_train': -221.33593083617748, 'beta1_val': 317.26093440496703, 'beta0_val': -319.5635194053878, 'selected_score': -221.33593083617748, 'evaluations': 125, 'seconds': 0.09386149999045301, 'method': 'differential_evolution_v2', 'accepted_search': True, 'solver_message': 'Optimization terminated successfully.'}]",42,"[{'update_slot': 60, 'hour': 10, 'info': 'both', 'lp_status': 'optimal', 'lp_message': '', 'fallback': False}]",2304.8757316806837,2187.5576236934025,0.15350009998655878,0.292157000003499
"[{'theta': array([-1440.44588595]), 'n_active': 1, 'beta1_train': -1546.1784786400915, 'beta0_train': -1561.3677544857128, 'beta1_val': -1795.062831006869, 'beta0_val': -1795.062831006869, 'selected_score': -1561.3677544857128, 'evaluations': 15, 'seconds': 0.02280350000364706, 'method': 'differential_evolution_v2', 'accepted_search': True, 'solver_message': 'Optimization terminated successfully.'}, {'theta': array([-3.03702168e+03, -9.29292596e-01]), 'n_active': 2, 'beta1_train': -2843.5644154618876, 'beta0_train': -4072.799999999999, 'beta1_val': -2756.715684596831, 'beta0_val': -4072.7999999999993, 'selected_score': -4072.799999999999, 'evaluations': 95, 'seconds': 0.0587052000046242, 'method': 'differential_evolution_v2', 'accepted_search': True, 'solver_message': 'Maximum number of iterations has been exceeded.'}, {'theta': array([-3.02679115e+03, -2.67512203e-01, -2.84925250e+02,  2.91601101e-02]), 'n_active': 4, 'beta1_train': -542.8610324041048, 'beta0_train': -997.1725478788741, 'beta1_val': -1116.6892437750428, 'beta0_val': -1142.0640493444027, 'selected_score': -997.1725478788741, 'evaluations': 185, 'seconds': 0.12621830000716727, 'method': 'differential_evolution_v2', 'accepted_search': True, 'solver_message': 'Maximum number of iterations has been exceeded.'}]",42,"[{'update_slot': 60, 'hour': 10, 'info': 'both', 'lp_status': 'optimal', 'lp_message': '', 'fallback': False}]",2187.5576236934025,2526.906584629631,0.20772700001543853,0.348416199994972
"[{'theta': array([-7311.20057678]), 'n_active': 1, 'beta1_train': -3009.1520428397625, 'beta0_train': -3422.31146266031, 'beta1_val': -3052.6430784123804, 'beta0_val': -3402.3741802775908, 'selected_score': -3422.31146266031, 'evaluations': 20, 'seconds': 0.027521900003193878, 'method': 'differential_evolution_v2', 'accepted_search': True, 'solver_message': 'Optimization terminated successfully.'}, {'theta': array([-2.14689890e+03, -1.01162044e+00]), 'n_active': 2, 'beta1_train': 1201.5705276647282, 'beta0_train': -980.9460045025471, 'beta1_val': 434.43027012246966, 'beta0_val': -2620.820380105565, 'selected_score': -980.9460045025471, 'evaluations': 95, 'seconds': 0.05819540000811685, 'method': 'differential_evolution_v2', 'accepted_search': True, 'solver_message': 'Maximum number of iterations has been exceeded.'}, {'theta': array([-3.16836992e+03,  7.76881037e-01, -2.80472914e+03,  7.48784102e-01]), 'n_active': 4, 'beta1_train': 100.25474539658963, 'beta0_train': -387.974084861724, 'beta1_val': -202.98631806112326, 'beta0_val': -304.07401850231105, 'selected_score': -387.974084861724, 'evaluations': 185, 'seconds': 0.12574449999374337, 'method': 'differential_evolution_v2', 'accepted_search': True, 'solver_message': 'Maximum number of iterations has been exceeded.'}]",42,"[{'update_slot': 60, 'hour': 10, 'info': 'both', 'lp_status': 'optimal', 'lp_message': '', 'fallback': False}]",2526.906584629631,2277.3927122486534,0.2114618000050541,0.35260520000883844
"[{'theta': array([-7231.26443582]), 'n_active': 1, 'beta1_train': -3838.132559576492, 'beta0_train': -3867.9411826088526, 'beta1_val': -3868.8, 'beta0_val': -3868.8, 'selected_score': -3867.9411826088526, 'evaluations': 50, 'seconds': 0.05373400000098627, 'method': 'differential_evolution_v2', 'accepted_search': True, 'solver_message': 'Maximum number of iterations has been exceeded.'}, {'theta': array([-2.66380621e+03, -1.28354204e+00]), 'n_active': 2, 'beta1_train': 692.5171542219817, 'beta0_train': -2662.284051542522, 'beta1_val': 199.2183798491319, 'beta0_val': -2867.4240098258406, 'selected_score': -2662.284051542522, 'evaluations': 95, 'seconds': 0.05718230000638869, 'method': 'differential_evolution_v2', 'accepted_search': True, 'solver_message': 'Maximum number of iterations has been exceeded.'}, {'theta': array([-6.22431996e+03,  9.80464263e-01, -5.70403628e+02,  1.92176298e+00]), 'n_active': 4, 'beta1_train': 87.13842837043991, 'beta0_train': -380.83782343231707, 'beta1_val': 858.3957769346989, 'beta0_val': -620.3712774303123, 'selected_score': -383.84094011776585, 'evaluations': 185, 'seconds': 0.12348170000768732, 'method': 'differential_evolution_v2', 'accepted_search': True, 'solver_message': 'Maximum number of iterations has been exceeded.'}]",42,"[{'update_slot': 60, 'hour': 10, 'info': 'both', 'lp_status': 'optimal', 'lp_message': '', 'fallback': False}]",2277.3927122486534,5800.180064956241,0.23439800001506228,0.3682383999985177
"[{'theta': array([-1436.67032363]), 'n_active': 1, 'beta1_train': -3914.9825845764108, 'beta0_train': -3949.879310162506, 'beta1_val': -3971.0778606367603, 'beta0_val': -3971.0778606367603, 'selected_score': -3949.879310162506, 'evaluations': 15, 'seconds': 0.023226499994052574, 'method': 'differential_evolution_v2', 'accepted_search': True, 'solver_message': 'Optimization terminated successfully.'}, {'theta': array([-8.65506674e+03, -8.54073839e-02]), 'n_active': 2, 'beta1_train': 544.9214466516842, 'beta0_train': -2842.0422999417824, 'beta1_val': -1156.0294917507176, 'beta0_val': -3689.5349172348106, 'selected_score': -2842.0422999417824, 'evaluations': 65, 'seconds': 0.04321139999956358, 'method': 'differential_evolution_v2', 'accepted_search': True, 'solver_message': 'Optimization terminated successfully.'}, {'theta': array([-3.83211725e+02,  6.04056754e-01, -7.48023537e+03,  2.31588235e-01]), 'n_active': 4, 'beta1_train': 156.30073278006887, 'beta0_train': -312.5611026656002, 'beta1_val': -2210.8654390972215, 'beta0_val': -2210.8654390972215, 'selected_score': -345.3162459187132, 'evaluations': 185, 'seconds': 0.1269047999958275, 'method': 'differential_evolution_v2', 'accepted_search': True, 'solver_message': 'Maximum number of iterations has been exceeded.'}]",42,"[{'update_slot': 60, 'hour': 10, 'info': 'both', 'lp_status': 'optimal', 'lp_message': '', 'fallback': False}]",5800.180064956241,5645.4681735185195,0.19334269998944364,0.33318190000136383
"[{'theta': array([-1888.24104545]), 'n_active': 1, 'beta1_train': -4184.074896220402, 'beta0_train': -4265.513811585129, 'beta1_val': -4198.38990346892, 'beta0_val': -4240.70653860852, 'selected_score': -4265.513811585129, 'evaluations': 20, 'seconds': 0.026835800003027543, 'method': 'differential_evolution_v2', 'accepted_search': True, 'solver_message': 'Optimization terminated successfully.'}, {'theta': array([-5.18233918e+03,  1.31500265e+00]), 'n_active': 2, 'beta1_train': 219.8540401163591, 'beta0_train': -3089.480316477114, 'beta1_val': -1179.187147526733, 'beta0_val': -3838.2750015724487, 'selected_score': -3089.480316477114, 'evaluations': 65, 'seconds': 0.04404909998993389, 'method': 'differential_evolution_v2', 'accepted_search': True, 'solver_message': 'Optimization terminated successfully.'}, {'theta': array([-2.88033390e+02,  1.72418231e+00, -6.61646136e+03, -1.53567646e+00]), 'n_active': 4, 'beta1_train': 365.0806798392613, 'beta0_train': -282.6019159838385, 'beta1_val': -2328.2765276313585, 'beta0_val': -2328.2765276313585, 'selected_score': -319.95332503516744, 'evaluations': 185, 'seconds': 0.12567380000837147, 'method': 'differential_evolution_v2', 'accepted_search': True, 'solver_message': 'Maximum number of iterations has been exceeded.'}]",42,"[{'update_slot': 60, 'hour': 10, 'info': 'both', 'lp_status': 'optimal', 'lp_message': '', 'fallback': False}]",5645.4681735185195,5570.503516296298,0.1965587000013329,0.334444899999653
"[{'theta': array([-3396.39519624]), 'n_active': 1, 'beta1_train': -1888.084560659337, 'beta0_train': -1938.5977136533172, 'beta1_val': -1939.2, 'beta0_val': -1939.2, 'selected_score': -1938.5977136533172, 'evaluations': 20, 'seconds': 0.026067799990414642, 'method': 'differential_evolution_v2', 'accepted_search': True, 'solver_message': 'Optimization terminated successfully.'}, {'theta': array([-6.50971767e+03, -1.09811852e+00]), 'n_active': 2, 'beta1_train': 1966.6302630080515, 'beta0_train': -1690.5794805436826, 'beta1_val': 1852.1660405897876, 'beta0_val': -1881.3618873412297, 'selected_score': -1690.5794805436826, 'evaluations': 95, 'seconds': 0.05894050000642892, 'method': 'differential_evolution_v2', 'accepted_search': True, 'solver_message': 'Maximum number of iterations has been exceeded.'}, {'theta': array([-2.85292234e+02,  1.75876594e+00, -2.15766505e+03, -1.70101534e+00]), 'n_active': 4, 'beta1_train': 835.4576700703632, 'beta0_train': 221.88919333113486, 'beta1_val': -975.0088921048618, 'beta0_val': -975.0088921048618, 'selected_score': 203.2860469929904, 'evaluations': 185, 'seconds': 0.12782560000778176, 'method': 'differential_evolution_v2', 'accepted_search': True, 'solver_message': 'Maximum number of iterations has been exceeded.'}]",42,"[{'update_slot': 60, 'hour': 10, 'info': 'both', 'lp_status': 'optimal', 'lp_message': '', 'fallback': False}]",5570.503516296298,5415.992308435124,0.21283390000462532,0.3510736000025645
"[{'theta': array([-6527.08806661]), 'n_active': 1, 'beta1_train': -507.3377441631111, 'beta0_train': -545.4899319028352, 'beta1_val': -875.3544669461821, 'beta0_val': -875.3544669461821, 'selected_score': -545.4899319028352, 'evaluations': 20, 'seconds': 0.027336799990735017, 'method': 'differential_evolution_v2', 'accepted_search': True, 'solver_message': 'Optimization terminated successfully.'}, {'theta': array([-9.46986026e+03,  1.47408860e-01]), 'n_active': 2, 'beta1_train': 75.10026394468663, 'beta0_train': -1380.0, 'beta1_val': -83.09618312775251, 'beta0_val': -1380.0, 'selected_score': -1380.0, 'evaluations': 45, 'seconds': 0.03330969999660738, 'method': 'differential_evolution_v2', 'accepted_search': True, 'solver_message': 'Optimization terminated successfully.'}, {'theta': array([-6.48352414e+03, -6.98685480e-01, -5.90526612e+03, -9.86955431e-01]), 'n_active': 4, 'beta1_train': 175.62422536564767, 'beta0_train': -145.899097299001, 'beta1_val': -770.3750241995882, 'beta0_val': -770.3750241995882, 'selected_score': -145.899097299001, 'evaluations': 185, 'seconds': 0.12579410000762437, 'method': 'differential_evolution_v2', 'accepted_search': True, 'solver_message': 'Maximum number of iterations has been exceeded.'}]",42,"[{'update_slot': 60, 'hour': 10, 'info': 'both', 'lp_status': 'optimal', 'lp_message': '', 'fallback': False}]",5415.992308435124,5689.824908703702,0.18644059999496676,0.3259791000018595
"[{'theta': array([-3349.18593391]), 'n_active': 1, 'beta1_train': -1838.168222021755, 'beta0_train': -1877.9855780513356, 'beta1_val': -2942.4214886345912, 'beta0_val': -2942.4214886345912, 'selected_score': -1877.9855780513356, 'evaluations': 50, 'seconds': 0.052876300003845245, 'method': 'differential_evolution_v2', 'accepted_search': True, 'solver_message': 'Maximum number of iterations has been exceeded.'}, {'theta': array([-3.82712774e+03,  9.66563499e-01]), 'n_active': 2, 'beta1_train': -3463.1017194084557, 'beta0_train': -4855.200000000001, 'beta1_val': -3510.974710604776, 'beta0_val': -4855.2, 'selected_score': -4855.200000000001, 'evaluations': 95, 'seconds': 0.05869260001054499, 'method': 'differential_evolution_v2', 'accepted_search': True, 'solver_message': 'Maximum number of iterations has been exceeded.'}, {'theta': array([-8.77687326e+03,  3.68782815e-02, -4.81751528e+03, -8.39088877e-01]), 'n_active': 4, 'beta1_train': -2742.1166850833597, 'beta0_train': -3098.5195973541518, 'beta1_val': -4395.795580833826, 'beta0_val': -4395.795580833826, 'selected_score': -3098.5195973541518, 'evaluations': 185, 'seconds': 0.12519359998987056, 'method': 'differential_evolution_v2', 'accepted_search': True, 'solver_message': 'Maximum number of iterations has been exceeded.'}]",42,"[{'update_slot': 60, 'hour': 10, 'info': 'both', 'lp_status': 'optimal', 'lp_message': '', 'fallback': False}]",5689.824908703702,10347.418759259259,0.2367625000042608,0.3762118000013288
"[{'theta': array([-5488.13300828]), 'n_active': 1, 'beta1_train': -3815.944372232297, 'beta0_train': -3964.3884920723754, 'beta1_val': -3976.022174024691, 'beta0_val': -3976.022174024691, 'selected_score': -3964.3884920723754, 'evaluations': 50, 'seconds': 0.052859899995382875, 'method': 'differential_evolution_v2', 'accepted_search': True, 'solver_message': 'Maximum number of iterations has been exceeded.'}, {'theta': array([-8.59799059e+03,  9.20980940e-01]), 'n_active': 2, 'beta1_train': 564.7355866033699, 'beta0_train': -3049.313965197222, 'beta1_val': 118.40016683527983, 'beta0_val': -3350.104743079177, 'selected_score': -3049.313965197222, 'evaluations': 95, 'seconds': 0.05783780000638217, 'method': 'differential_evolution_v2', 'accepted_search': True, 'solver_message': 'Maximum number of iterations has been exceeded.'}, {'theta': array([-3.84363026e+02, -6.45523997e-01, -3.65009521e+03, -1.93392554e+00]), 'n_active': 4, 'beta1_train': 262.36434603714775, 'beta0_train': -86.40046614245725, 'beta1_val': -2330.8474998459255, 'beta0_val': -2330.8474998459255, 'selected_score': -127.55805790604083, 'evaluations': 185, 'seconds': 0.12635440001031384, 'method': 'differential_evolution_v2', 'accepted_search': True, 'solver_message': 'Maximum number of iterations has been exceeded.'}]",42,"[{'update_slot': 60, 'hour': 10, 'info': 'both', 'lp_status': 'optimal', 'lp_message': '', 'fallback': False}]",10347.418759259259,5420.2535425925935,0.23705210001207888,0.37719559999823105
"[{'theta': array([-4724.11471619]), 'n_active': 1, 'beta1_train': -3747.8737228990817, 'beta0_train': -3819.328510425203, 'beta1_val': -3821.9999999999995, 'beta0_val': -3821.9999999999995, 'selected_score': -3819.328510425203, 'evaluations': 50, 'seconds': 0.05325989999982994, 'method': 'differential_evolution_v2', 'accepted_search': True, 'solver_message': 'Maximum number of iterations has been exceeded.'}, {'theta': array([-7.78383674e+03, -1.99961368e-01]), 'n_active': 2, 'beta1_train': 835.2788677422596, 'beta0_train': -2432.294301426403, 'beta1_val': -473.7152190725392, 'beta0_val': -2919.558521131867, 'selected_score': -2432.294301426403, 'evaluations': 45, 'seconds': 0.03346249999594875, 'method': 'differential_evolution_v2', 'accepted_search': True, 'solver_message': 'Optimization terminated successfully.'}, {'theta': array([-2.94757942e+02, -3.82413851e-01, -4.56450423e+03, -1.02217342e+00]), 'n_active': 4, 'beta1_train': 181.92187578437495, 'beta0_train': -148.59490291062076, 'beta1_val': -2159.2103439192024, 'beta0_val': -2159.2103439192024, 'selected_score': -192.1737007945962, 'evaluations': 185, 'seconds': 0.12741339999774937, 'method': 'differential_evolution_v2', 'accepted_search': True, 'solver_message': 'Maximum number of iterations has been exceeded.'}]",42,"[{'update_slot': 60, 'hour': 10, 'info': 'both', 'lp_status': 'optimal', 'lp_message': '', 'fallback': False}]",5420.2535425925935,1379.2807744920347,0.21413579999352805,0.3598129999882076
"[{'theta': array([-8004.94920377]), 'n_active': 1, 'beta1_train': -3864.449406559255, 'beta0_train': -3935.963361444438, 'beta1_val': -3816.1961721538983, 'beta0_val': -3816.1961721538983, 'selected_score': -3935.963361444438, 'evaluations': 15, 'seconds': 0.02285870000196155, 'method': 'differential_evolution_v2', 'accepted_search': True, 'solver_message': 'Optimization terminated successfully.'}, {'theta': array([-4.46777177e+03,  3.64987191e-02]), 'n_active': 2, 'beta1_train': -333.39514555843175, 'beta0_train': -3690.1993013295664, 'beta1_val': -311.2348292282354, 'beta0_val': -3744.0473393405273, 'selected_score': -3690.1993013295664, 'evaluations': 45, 'seconds': 0.03339860000414774, 'method': 'differential_evolution_v2', 'accepted_search': True, 'solver_message': 'Optimization terminated successfully.'}, {'theta': array([-3.28209486e+02, -1.16146072e+00, -9.21689034e+03,  1.18117097e+00]), 'n_active': 4, 'beta1_train': -829.8507014324503, 'beta0_train': -1125.6609236064396, 'beta1_val': -39.100130864391986, 'beta0_val': -1066.6770636756846, 'selected_score': -1180.8653600164178, 'evaluations': 185, 'seconds': 0.12447089998750016, 'method': 'differential_evolution_v2', 'accepted_search': True, 'solver_message': 'Maximum number of iterations has been exceeded.'}]",42,"[{'update_slot': 60, 'hour': 10, 'info': 'both', 'lp_status': 'optimal', 'lp_message': '', 'fallback': False}]",1379.2807744920347,3763.8531463254617,0.18072819999360945,0.32392239999899175
"[{'theta': array([-730.32802065]), 'n_active': 1, 'beta1_train': -4160.851017452572, 'beta0_train': -4264.571641604188, 'beta1_val': -4267.2, 'beta0_val': -4267.2, 'selected_score': -4264.571641604188, 'evaluations': 15, 'seconds': 0.02280550000432413, 'method': 'differential_evolution_v2', 'accepted_search': True, 'solver_message': 'Optimization terminated successfully.'}, {'theta': array([-7.91725684e+03,  1.06876273e+00]), 'n_active': 2, 'beta1_train': 743.4296891882034, 'beta0_train': -2713.9601168627946, 'beta1_val': 771.0148259231992, 'beta0_val': -2426.9240361091224, 'selected_score': -2713.9601168627946, 'evaluations': 95, 'seconds': 0.05868760000157636, 'method': 'differential_evolution_v2', 'accepted_search': True, 'solver_message': 'Maximum number of iterations has been exceeded.'}, {'theta': array([-7.20803303e+02,  1.74291219e+00, -7.89095661e+03,  6.02806863e-01]), 'n_active': 4, 'beta1_train': 38.81763946683519, 'beta0_train': -346.74145542342785, 'beta1_val': 781.2931005879758, 'beta0_val': -413.9905077439998, 'selected_score': -370.23248885756755, 'evaluations': 185, 'seconds': 0.12687469999946188, 'method': 'differential_evolution_v2', 'accepted_search': True, 'solver_message': 'Maximum number of iterations has been exceeded.'}]",42,"[{'update_slot': 60, 'hour': 10, 'info': 'both', 'lp_status': 'optimal', 'lp_message': '', 'fallback': False}]",3763.8531463254617,2136.070605851061,0.20836780000536237,0.3492266999965068
"[{'theta': array([-6853.84799702]), 'n_active': 1, 'beta1_train': -1512.295881719671, 'beta0_train': -1607.4384820826203, 'beta1_val': -1466.1685831090385, 'beta0_val': -1603.2573662633747, 'selected_score': -1607.4384820826203, 'evaluations': 15, 'seconds': 0.023262599992449395, 'method': 'differential_evolution_v2', 'accepted_search': True, 'solver_message': 'Optimization terminated successfully.'}, {'theta': array([-1.96970912e+03, -6.34036909e-01]), 'n_active': 2, 'beta1_train': 2434.0806072358837, 'beta0_train': -1223.3319703870604, 'beta1_val': 3543.548885643834, 'beta0_val': -1049.5877772302158, 'selected_score': -1223.3319703870604, 'evaluations': 35, 'seconds': 0.029320100002223626, 'method': 'differential_evolution_v2', 'accepted_search': True, 'solver_message': 'Optimization terminated successfully.'}, {'theta': array([-5.01727030e+03, -1.22610414e+00, -2.35514072e+03, -1.02733174e+00]), 'n_active': 4, 'beta1_train': 458.26426944540736, 'beta0_train': -56.82259977272337, 'beta1_val': -194.07102451684477, 'beta0_val': -194.07102451684477, 'selected_score': -56.82259977272337, 'evaluations': 185, 'seconds': 0.12478540001029614, 'method': 'differential_evolution_v2', 'accepted_search': True, 'solver_message': 'Maximum number of iterations has been exceeded.'}]",42,"[{'update_slot': 60, 'hour': 10, 'info': 'both', 'lp_status': 'optimal', 'lp_message': '', 'fallback': False}]",2136.070605851061,1909.70362100942,0.17736810000496916,0.31647269999666605
"[{'theta': array([-4080.78043209]), 'n_active': 1, 'beta1_train': -345.9502474402174, 'beta0_train': -372.4903967247031, 'beta1_val': -332.22716476752436, 'beta0_val': -332.22716476752436, 'selected_score': -372.4903967247031, 'evaluations': 15, 'seconds': 0.023062099993694574, 'method': 'differential_evolution_v2', 'accepted_search': True, 'solver_message': 'Optimization terminated successfully.'}, {'theta': array([-5.97166477e+03,  1.52808920e+00]), 'n_active': 2, 'beta1_train': 742.7315258296189, 'beta0_train': -840.0, 'beta1_val': 597.1726127676307, 'beta0_val': -840.0, 'selected_score': -840.0, 'evaluations': 45, 'seconds': 0.03379089999361895, 'method': 'differential_evolution_v2', 'accepted_search': True, 'solver_message': 'Optimization terminated successfully.'}, {'theta': array([-5.96018367e+03, -7.86287486e-01, -3.07410181e+02, -4.81764679e-01]), 'n_active': 4, 'beta1_train': 344.75073896706283, 'beta0_train': 12.500089305119578, 'beta1_val': 137.9683210343951, 'beta0_val': -136.84242679633104, 'selected_score': 10.636856262511545, 'evaluations': 185, 'seconds': 0.12622099999862257, 'method': 'differential_evolution_v2', 'accepted_search': True, 'solver_message': 'Maximum number of iterations has been exceeded.'}]",42,"[{'update_slot': 60, 'hour': 10, 'info': 'both', 'lp_status': 'optimal', 'lp_message': '', 'fallback': False}]",1909.70362100942,1938.7352589371612,0.1830739999859361,0.3258549000020139
"[{'theta': array([-8217.98696385]), 'n_active': 1, 'beta1_train': -1909.8558206546395, 'beta0_train': -1935.9769620274126, 'beta1_val': -1541.0583979661956, 'beta0_val': -1595.5570941910964, 'selected_score': -1935.9769620274126, 'evaluations': 50, 'seconds': 0.05348020000383258, 'method': 'differential_evolution_v2', 'accepted_search': True, 'solver_message': 'Maximum number of iterations has been exceeded.'}, {'theta': array([-5.94671312e+03,  1.96310510e+00]), 'n_active': 2, 'beta1_train': -2977.509935414928, 'beta0_train': -4286.400000000001, 'beta1_val': -2888.3352305754515, 'beta0_val': -4286.400000000001, 'selected_score': -4286.400000000001, 'evaluations': 35, 'seconds': 0.028452299986383878, 'method': 'differential_evolution_v2', 'accepted_search': True, 'solver_message': 'Optimization terminated successfully.'}, {'theta': array([-6.47202316e+03, -2.45192825e-01, -2.74592937e+03, -5.69388199e-01]), 'n_active': 4, 'beta1_train': -3664.8392516776617, 'beta0_train': -4024.020839819277, 'beta1_val': -4211.002857101891, 'beta0_val': -4231.008195322982, 'selected_score': -4024.020839819277, 'evaluations': 185, 'seconds': 0.12545870000030845, 'method': 'differential_evolution_v2', 'accepted_search': True, 'solver_message': 'Optimization terminated successfully.'}]",42,"[{'update_slot': 60, 'hour': 10, 'info': 'both', 'lp_status': 'optimal', 'lp_message': '', 'fallback': False}]",1938.7352589371612,10655.030875558667,0.2073911999905249,0.3478375999984564
"[{'theta': array([-7837.0172507]), 'n_active': 1, 'beta1_train': -4175.083775246648, 'beta0_train': -4355.430111361343, 'beta1_val': -4223.150212816671, 'beta0_val': -4362.0, 'selected_score': -4355.430111361343, 'evaluations': 20, 'seconds': 0.026588200009427965, 'method': 'differential_evolution_v2', 'accepted_search': True, 'solver_message': 'Optimization terminated successfully.'}, {'theta': array([-5.32398830e+03,  5.26897755e-01]), 'n_active': 2, 'beta1_train': 324.0870440101014, 'beta0_train': -2881.722236109488, 'beta1_val': -116.12959011843668, 'beta0_val': -3406.1970122535677, 'selected_score': -2881.722236109488, 'evaluations': 95, 'seconds': 0.057976700001745485, 'method': 'differential_evolution_v2', 'accepted_search': True, 'solver_message': 'Maximum number of iterations has been exceeded.'}, {'theta': array([-4.92043595e+03, -7.99731679e-01, -7.90871046e+03, -1.79718831e+00]), 'n_active': 4, 'beta1_train': -866.8395034683767, 'beta0_train': -1345.384286745585, 'beta1_val': -1183.6313404545783, 'beta0_val': -1462.093608043534, 'selected_score': -1345.384286745585, 'evaluations': 185, 'seconds': 0.128633100001025, 'method': 'differential_evolution_v2', 'accepted_search': True, 'solver_message': 'Maximum number of iterations has been exceeded.'}]",42,"[{'update_slot': 60, 'hour': 10, 'info': 'both', 'lp_status': 'optimal', 'lp_message': '', 'fallback': False}]",10655.030875558667,2875.2881146551513,0.21319800001219846,0.3513608000066597
"[{'theta': array([-3229.61289461]), 'n_active': 1, 'beta1_train': -2754.416749642005, 'beta0_train': -2822.3452899729746, 'beta1_val': -2820.719184597869, 'beta0_val': -2835.3458090370364, 'selected_score': -2822.3452899729746, 'evaluations': 20, 'seconds': 0.027176699994015507, 'method': 'differential_evolution_v2', 'accepted_search': True, 'solver_message': 'Optimization terminated successfully.'}, {'theta': array([-4.05400722e+03, -1.32049733e+00]), 'n_active': 2, 'beta1_train': 1162.9521612146596, 'beta0_train': -2567.9564992115197, 'beta1_val': 924.8860050273888, 'beta0_val': -2765.092182233153, 'selected_score': -2567.9564992115197, 'evaluations': 35, 'seconds': 0.02924910000001546, 'method': 'differential_evolution_v2', 'accepted_search': True, 'solver_message': 'Optimization terminated successfully.'}, {'theta': array([-4.02695390e+02,  7.74000615e-01, -6.76470020e+03, -6.80256693e-01]), 'n_active': 4, 'beta1_train': -341.24753663904744, 'beta0_train': -694.6622741065255, 'beta1_val': 782.8198491571551, 'beta0_val': -58.02332902265243, 'selected_score': -706.3465252153359, 'evaluations': 185, 'seconds': 0.1248730999941472, 'method': 'differential_evolution_v2', 'accepted_search': True, 'solver_message': 'Maximum number of iterations has been exceeded.'}]",42,"[{'update_slot': 60, 'hour': 10, 'info': 'both', 'lp_status': 'optimal', 'lp_message': '', 'fallback': False}]",2875.2881146551513,2791.440832306191,0.18129889998817816,0.32438920000276994
"[{'theta': array([-7690.06929804]), 'n_active': 1, 'beta1_train': -4005.5108839913664, 'beta0_train': -4228.410003609978, 'beta1_val': -4050.912391947646, 'beta0_val': -4194.483526691884, 'selected_score': -4228.410003609978, 'evaluations': 20, 'seconds': 0.027365699992515147, 'method': 'differential_evolution_v2', 'accepted_search': True, 'solver_message': 'Optimization terminated successfully.'}, {'theta': array([-2.64824797e+03, -1.49874616e+00]), 'n_active': 2, 'beta1_train': 519.9396781875915, 'beta0_train': -2809.3493804090003, 'beta1_val': 2609.6961587266874, 'beta0_val': -1708.1352044681469, 'selected_score': -2809.3493804090003, 'evaluations': 95, 'seconds': 0.059733599991886877, 'method': 'differential_evolution_v2', 'accepted_search': True, 'solver_message': 'Maximum number of iterations has been exceeded.'}, {'theta': array([-6.43914344e+02,  1.26601118e+00, -2.58045207e+03, -1.13820731e+00]), 'n_active': 4, 'beta1_train': -819.1742368559148, 'beta0_train': -1194.681394482315, 'beta1_val': -905.1649819187367, 'beta0_val': -923.0066299550843, 'selected_score': -1194.681394482315, 'evaluations': 145, 'seconds': 0.10433029998966958, 'method': 'differential_evolution_v2', 'accepted_search': True, 'solver_message': 'Optimization terminated successfully.'}]",42,"[{'update_slot': 60, 'hour': 10, 'info': 'both', 'lp_status': 'optimal', 'lp_message': '', 'fallback': False}]",2791.440832306191,2411.9786601429873,0.1914295999740716,0.333816400001524
"[{'theta': array([-2714.86449693]), 'n_active': 1, 'beta1_train': -3578.8561999412805, 'beta0_train': -3610.284467977517, 'beta1_val': -3497.7518624163336, 'beta0_val': -3612.0, 'selected_score': -3610.284467977517, 'evaluations': 50, 'seconds': 0.05270569999993313, 'method': 'differential_evolution_v2', 'accepted_search': True, 'solver_message': 'Maximum number of iterations has been exceeded.'}, {'theta': array([-2.76539762e+03, -6.35618541e-01]), 'n_active': 2, 'beta1_train': 1433.9827267678932, 'beta0_train': -1743.8398267395014, 'beta1_val': 1187.5424468861574, 'beta0_val': -2438.642303718748, 'selected_score': -1743.8398267395014, 'evaluations': 95, 'seconds': 0.05654140000115149, 'method': 'differential_evolution_v2', 'accepted_search': True, 'solver_message': 'Maximum number of iterations has been exceeded.'}, {'theta': array([-4.25660002e+03,  1.28893743e+00, -4.21641477e+02, -1.84525379e-01]), 'n_active': 4, 'beta1_train': -332.7193224943566, 'beta0_train': -652.0532181519493, 'beta1_val': -353.4405387505981, 'beta0_val': -353.4405387505981, 'selected_score': -652.0532181519493, 'evaluations': 185, 'seconds': 0.1283837999944808, 'method': 'differential_evolution_v2', 'accepted_search': True, 'solver_message': 'Maximum number of iterations has been exceeded.'}]",42,"[{'update_slot': 60, 'hour': 10, 'info': 'both', 'lp_status': 'optimal', 'lp_message': '', 'fallback': False}]",2411.9786601429873,1829.5376808255278,0.23763089999556541,0.3802220999932615
"[{'theta': array([-5001.51617925]), 'n_active': 1, 'beta1_train': -1273.0386814511187, 'beta0_train': -1326.5835570987065, 'beta1_val': -1301.2309364859045, 'beta0_val': -1325.0845412436988, 'selected_score': -1326.5835570987065, 'evaluations': 20, 'seconds': 0.027179500000784174, 'method': 'differential_evolution_v2', 'accepted_search': True, 'solver_message': 'Optimization terminated successfully.'}, {'theta': array([-8.76382334e+03, -8.93033842e-01]), 'n_active': 2, 'beta1_train': 3068.2505640032896, 'beta0_train': -390.69905068730793, 'beta1_val': 2538.962421844655, 'beta0_val': -810.2456067072835, 'selected_score': -390.69905068730793, 'evaluations': 45, 'seconds': 0.0340001000004122, 'method': 'differential_evolution_v2', 'accepted_search': True, 'solver_message': 'Optimization terminated successfully.'}, {'theta': array([-8.35645716e+03, -4.45395567e-01, -1.69264508e+03,  1.17746004e-01]), 'n_active': 4, 'beta1_train': -127.60603515879468, 'beta0_train': -192.8032581242572, 'beta1_val': -221.0717561144144, 'beta0_val': -221.0717561144144, 'selected_score': -192.8032581242572, 'evaluations': 185, 'seconds': 0.12666690000332892, 'method': 'differential_evolution_v2', 'accepted_search': True, 'solver_message': 'Maximum number of iterations has been exceeded.'}]",42,"[{'update_slot': 60, 'hour': 10, 'info': 'both', 'lp_status': 'optimal', 'lp_message': '', 'fallback': False}]",1829.5376808255278,1800.4247479149471,0.1878465000045253,0.3337081999925431
"[{'theta': array([-5176.90283976]), 'n_active': 1, 'beta1_train': -178.23691311911824, 'beta0_train': -195.75074598760648, 'beta1_val': -179.6625578034175, 'beta0_val': -179.6625578034175, 'selected_score': -195.75074598760648, 'evaluations': 15, 'seconds': 0.021890599993639626, 'method': 'differential_evolution_v2', 'accepted_search': True, 'solver_message': 'Optimization terminated successfully.'}, {'theta': array([-9.24357120e+03,  5.67650696e-01]), 'n_active': 2, 'beta1_train': 978.1844104663811, 'beta0_train': -451.0825130091186, 'beta1_val': 976.6264214464989, 'beta0_val': -451.20000000000005, 'selected_score': -451.0825130091186, 'evaluations': 45, 'seconds': 0.032838099999935366, 'method': 'differential_evolution_v2', 'accepted_search': True, 'solver_message': 'Optimization terminated successfully.'}, {'theta': array([-1.54142601e+03, -1.77572746e+00, -5.25301885e+03, -1.02604601e+00]), 'n_active': 4, 'beta1_train': 227.23542837723153, 'beta0_train': -66.80723908330492, 'beta1_val': -71.26006387393974, 'beta0_val': -71.26006387393974, 'selected_score': -66.80723908330492, 'evaluations': 85, 'seconds': 0.07093119999626651, 'method': 'differential_evolution_v2', 'accepted_search': True, 'solver_message': 'Optimization terminated successfully.'}]",42,"[{'update_slot': 60, 'hour': 10, 'info': 'both', 'lp_status': 'optimal', 'lp_message': '', 'fallback': False}]",1800.4247479149471,2252.2702398126985,0.1256598999898415,0.26421880000270903
"[{'theta': array([-3480.01026848]), 'n_active': 1, 'beta1_train': -2060.2456894732486, 'beta0_train': -2075.001317105941, 'beta1_val': -1879.6500023945007, 'beta0_val': -1879.6500023945007, 'selected_score': -2075.001317105941, 'evaluations': 20, 'seconds': 0.026724600000306964, 'method': 'differential_evolution_v2', 'accepted_search': True, 'solver_message': 'Optimization terminated successfully.'}, {'theta': array([-8.27122735e+03,  5.11569218e-01]), 'n_active': 2, 'beta1_train': -3064.93660894329, 'beta0_train': -4525.918122282497, 'beta1_val': -2556.834386329505, 'beta0_val': -4528.8, 'selected_score': -4525.918122282497, 'evaluations': 45, 'seconds': 0.03345180000178516, 'method': 'differential_evolution_v2', 'accepted_search': True, 'solver_message': 'Optimization terminated successfully.'}, {'theta': array([-3.61772432e+02,  1.55586321e+00, -6.90476080e+03,  8.40971420e-01]), 'n_active': 4, 'beta1_train': -4144.007850295228, 'beta0_train': -4411.443294738781, 'beta1_val': -4468.8156751596935, 'beta0_val': -4528.8, 'selected_score': -4411.443294738781, 'evaluations': 185, 'seconds': 0.12726359999214765, 'method': 'differential_evolution_v2', 'accepted_search': True, 'solver_message': 'Optimization terminated successfully.'}]",42,"[{'update_slot': 60, 'hour': 10, 'info': 'both', 'lp_status': 'optimal', 'lp_message': '', 'fallback': False}]",2252.2702398126985,10795.77878626774,0.18743999999423977,0.32875699999567587
"[{'theta': array([-7253.31851806]), 'n_active': 1, 'beta1_train': -3616.3583730589853, 'beta0_train': -3763.9249644352644, 'beta1_val': -3547.882382436841, 'beta0_val': -3765.6000000000004, 'selected_score': -3763.9249644352644, 'evaluations': 50, 'seconds': 0.05307300000276882, 'method': 'differential_evolution_v2', 'accepted_search': True, 'solver_message': 'Maximum number of iterations has been exceeded.'}, {'theta': array([-3.39117790e+03,  7.88115677e-02]), 'n_active': 2, 'beta1_train': 682.7169891774168, 'beta0_train': -2921.4409331931247, 'beta1_val': 2787.7076670202173, 'beta0_val': -2560.2407029111787, 'selected_score': -2921.4409331931247, 'evaluations': 45, 'seconds': 0.034007099995505996, 'method': 'differential_evolution_v2', 'accepted_search': True, 'solver_message': 'Optimization terminated successfully.'}, {'theta': array([-2.51684444e+03,  5.63018931e-01, -4.69100753e+03,  1.16975062e+00]), 'n_active': 4, 'beta1_train': -257.00292894311224, 'beta0_train': -575.7890493868794, 'beta1_val': 664.6637570800087, 'beta0_val': -452.2519966132858, 'selected_score': -575.7890493868794, 'evaluations': 185, 'seconds': 0.1251683000009507, 'method': 'differential_evolution_v2', 'accepted_search': True, 'solver_message': 'Maximum number of iterations has been exceeded.'}]",42,"[{'update_slot': 60, 'hour': 10, 'info': 'both', 'lp_status': 'optimal', 'lp_message': '', 'fallback': False}]",10795.77878626774,2243.7073405130977,0.2122483999992255,0.3517703999968944
"[{'theta': array([-625.77988545]), 'n_active': 1, 'beta1_train': -4462.275718563072, 'beta0_train': -4487.446112147998, 'beta1_val': -4489.2, 'beta0_val': -4489.2, 'selected_score': -4487.446112147998, 'evaluations': 45, 'seconds': 0.04801430000225082, 'method': 'differential_evolution_v2', 'accepted_search': True, 'solver_message': 'Optimization terminated successfully.'}, {'theta': array([-2.74576192e+03, -1.03307113e+00]), 'n_active': 2, 'beta1_train': 622.2001655439568, 'beta0_train': -3115.538524084655, 'beta1_val': 204.78592530075275, 'beta0_val': -3600.3370139179315, 'selected_score': -3115.538524084655, 'evaluations': 55, 'seconds': 0.038928499998291954, 'method': 'differential_evolution_v2', 'accepted_search': True, 'solver_message': 'Optimization terminated successfully.'}, {'theta': array([-4.39614211e+03,  8.61444593e-01, -3.42102485e+03, -3.37341776e-01]), 'n_active': 4, 'beta1_train': -585.6319361181057, 'beta0_train': -951.525063742855, 'beta1_val': -392.4920650877069, 'beta0_val': -629.5897311131457, 'selected_score': -951.525063742855, 'evaluations': 125, 'seconds': 0.0935371999948984, 'method': 'differential_evolution_v2', 'accepted_search': True, 'solver_message': 'Optimization terminated successfully.'}]",42,"[{'update_slot': 60, 'hour': 10, 'info': 'both', 'lp_status': 'optimal', 'lp_message': '', 'fallback': False}]",2243.7073405130977,1852.602659413101,0.18047999999544118,0.3203051000018604
"[{'theta': array([-8395.23552847]), 'n_active': 1, 'beta1_train': -3825.131087832338, 'beta0_train': -3870.6664274404297, 'beta1_val': -3826.0063516928376, 'beta0_val': -3873.5999999999995, 'selected_score': -3870.6664274404297, 'evaluations': 25, 'seconds': 0.03167330000724178, 'method': 'differential_evolution_v2', 'accepted_search': True, 'solver_message': 'Optimization terminated successfully.'}, {'theta': array([-4.13212589e+03,  8.01494806e-02]), 'n_active': 2, 'beta1_train': 1320.3486326232544, 'beta0_train': -2367.7989495590527, 'beta1_val': 1251.394574710172, 'beta0_val': -2170.4850291703237, 'selected_score': -2367.7989495590527, 'evaluations': 35, 'seconds': 0.028437400003895164, 'method': 'differential_evolution_v2', 'accepted_search': True, 'solver_message': 'Optimization terminated successfully.'}, {'theta': array([-3.20738590e+02, -1.93024327e+00, -2.98283828e+03,  1.21690503e+00]), 'n_active': 4, 'beta1_train': -166.94536956048347, 'beta0_train': -599.3836067540919, 'beta1_val': 54.97715267327055, 'beta0_val': -676.5905857787898, 'selected_score': -599.3836067540919, 'evaluations': 185, 'seconds': 0.12391009999555536, 'method': 'differential_evolution_v2', 'accepted_search': True, 'solver_message': 'Maximum number of iterations has been exceeded.'}]",42,"[{'update_slot': 60, 'hour': 10, 'info': 'both', 'lp_status': 'optimal', 'lp_message': '', 'fallback': False}]",1852.602659413101,2105.0117152334396,0.1840208000066923,0.3219708999968134
"[{'theta': array([-3198.01002937]), 'n_active': 1, 'beta1_train': -4275.641499140731, 'beta0_train': -4296.720655897923, 'beta1_val': -4298.400000000001, 'beta0_val': -4298.400000000001, 'selected_score': -4296.720655897923, 'evaluations': 20, 'seconds': 0.02671169998939149, 'method': 'differential_evolution_v2', 'accepted_search': True, 'solver_message': 'Optimization terminated successfully.'}, {'theta': array([-9.43650440e+03,  1.03351841e+00]), 'n_active': 2, 'beta1_train': 1082.6494884908361, 'beta0_train': -2617.6589253081397, 'beta1_val': 1397.0887036085178, 'beta0_val': -2372.1917553474877, 'selected_score': -2617.6589253081397, 'evaluations': 45, 'seconds': 0.03385639999760315, 'method': 'differential_evolution_v2', 'accepted_search': True, 'solver_message': 'Optimization terminated successfully.'}, {'theta': array([-3.97571820e+02,  1.62509112e+00, -9.07226385e+03, -1.82227548e+00]), 'n_active': 4, 'beta1_train': -542.229078984001, 'beta0_train': -923.6495727875732, 'beta1_val': -411.71205730696147, 'beta0_val': -748.7778858868096, 'selected_score': -924.342801543344, 'evaluations': 185, 'seconds': 0.12538860000495333, 'method': 'differential_evolution_v2', 'accepted_search': True, 'solver_message': 'Maximum number of iterations has been exceeded.'}]",42,"[{'update_slot': 60, 'hour': 10, 'info': 'both', 'lp_status': 'optimal', 'lp_message': '', 'fallback': False}]",2105.0117152334396,2427.079867794578,0.18595669999194797,0.3224783999903593
"[{'theta': array([-2599.58138828]), 'n_active': 1, 'beta1_train': -2387.9233401942806, 'beta0_train': -2423.871468985296, 'beta1_val': -2425.2000000000003, 'beta0_val': -2425.2000000000003, 'selected_score': -2423.871468985296, 'evaluations': 20, 'seconds': 0.026008999993791804, 'method': 'differential_evolution_v2', 'accepted_search': True, 'solver_message': 'Optimization terminated successfully.'}, {'theta': array([-8.52977439e+03, -1.34104124e+00]), 'n_active': 2, 'beta1_train': 2292.120482897599, 'beta0_train': -1652.1735326404464, 'beta1_val': 2834.5138553574243, 'beta0_val': -1491.0794494893464, 'selected_score': -1652.1735326404464, 'evaluations': 45, 'seconds': 0.033526499988511205, 'method': 'differential_evolution_v2', 'accepted_search': True, 'solver_message': 'Optimization terminated successfully.'}, {'theta': array([-7.41805423e+03,  1.38292957e+00, -3.09592941e+03,  1.06170898e+00]), 'n_active': 4, 'beta1_train': -183.38699177274955, 'beta0_train': -391.8621286183348, 'beta1_val': -410.9437800275291, 'beta0_val': -489.7387386140265, 'selected_score': -391.8621286183348, 'evaluations': 185, 'seconds': 0.1251196999946842, 'method': 'differential_evolution_v2', 'accepted_search': True, 'solver_message': 'Maximum number of iterations has been exceeded.'}]",42,"[{'update_slot': 60, 'hour': 10, 'info': 'both', 'lp_status': 'optimal', 'lp_message': '', 'fallback': False}]",2427.079867794578,2190.8312539304875,0.1846551999769872,0.31934560000081547
"[{'theta': array([-3708.29601594]), 'n_active': 1, 'beta1_train': -567.9473213272702, 'beta0_train': -576.032152465785, 'beta1_val': -392.37905267631663, 'beta0_val': -525.1854914707942, 'selected_score': -576.032152465785, 'evaluations': 25, 'seconds': 0.030535499987308867, 'method': 'differential_evolution_v2', 'accepted_search': True, 'solver_message': 'Optimization terminated successfully.'}, {'theta': array([-2.93704586e+03, -6.33357157e-01]), 'n_active': 2, 'beta1_train': 518.273653552921, 'beta0_train': -1132.2679857015592, 'beta1_val': 653.7018197678615, 'beta0_val': -1149.6, 'selected_score': -1132.2679857015592, 'evaluations': 75, 'seconds': 0.04923629999393597, 'method': 'differential_evolution_v2', 'accepted_search': True, 'solver_message': 'Optimization terminated successfully.'}, {'theta': array([-7.23487652e+03, -7.77518255e-01, -7.50702974e+03,  5.32800714e-02]), 'n_active': 4, 'beta1_train': -53.317981979824665, 'beta0_train': -320.4950084296628, 'beta1_val': -179.19933379013275, 'beta0_val': -271.5238126657515, 'selected_score': -320.4950084296628, 'evaluations': 185, 'seconds': 0.13650809999671765, 'method': 'differential_evolution_v2', 'accepted_search': True, 'solver_message': 'Maximum number of iterations has been exceeded.'}]",42,"[{'update_slot': 60, 'hour': 10, 'info': 'both', 'lp_status': 'optimal', 'lp_message': '', 'fallback': False}]",2190.8312539304875,2670.3568783456117,0.2162798999779625,0.36116329999640584
"[{'theta': array([-2081.44186734]), 'n_active': 1, 'beta1_train': -1403.6167262834736, 'beta0_train': -1958.474064167482, 'beta1_val': -1464.8822336618955, 'beta0_val': -1973.432336497081, 'selected_score': -1958.474064167482, 'evaluations': 20, 'seconds': 0.02763859998958651, 'method': 'differential_evolution_v2', 'accepted_search': True, 'solver_message': 'Optimization terminated successfully.'}, {'theta': array([-6.22362044e+03, -5.23274026e-01]), 'n_active': 2, 'beta1_train': -2715.3033330326984, 'beta0_train': -4312.0728113651685, 'beta1_val': -2706.750991587034, 'beta0_val': -4320.0, 'selected_score': -4312.0728113651685, 'evaluations': 95, 'seconds': 0.05972259999543894, 'method': 'differential_evolution_v2', 'accepted_search': True, 'solver_message': 'Maximum number of iterations has been exceeded.'}, {'theta': array([-8.01142200e+03,  1.30327730e+00, -3.37483002e+02,  6.51367441e-01]), 'n_active': 4, 'beta1_train': -3557.164668444997, 'beta0_train': -3746.48097098227, 'beta1_val': -3840.181755345468, 'beta0_val': -3840.181755345468, 'selected_score': -3746.8024685646424, 'evaluations': 185, 'seconds': 0.12639579999085981, 'method': 'differential_evolution_v2', 'accepted_search': True, 'solver_message': 'Maximum number of iterations has been exceeded.'}]",42,"[{'update_slot': 60, 'hour': 10, 'info': 'both', 'lp_status': 'optimal', 'lp_message': '', 'fallback': False}]",2670.3568783456117,9098.149360004969,0.21375699997588526,0.36376690000179224
"[{'theta': array([-7303.39156068]), 'n_active': 1, 'beta1_train': -4351.9108348146465, 'beta0_train': -4565.9876454975065, 'beta1_val': -4277.677673148571, 'beta0_val': -4557.770374466478, 'selected_score': -4565.9876454975065, 'evaluations': 20, 'seconds': 0.026989099991624244, 'method': 'differential_evolution_v2', 'accepted_search': True, 'solver_message': 'Optimization terminated successfully.'}, {'theta': array([-4.92001760e+03, -1.93730674e+00]), 'n_active': 2, 'beta1_train': 743.018665067837, 'beta0_train': -2954.3728574589068, 'beta1_val': 1194.7894117401224, 'beta0_val': -2751.891976871885, 'selected_score': -2954.3728574589068, 'evaluations': 45, 'seconds': 0.03402479999931529, 'method': 'differential_evolution_v2', 'accepted_search': True, 'solver_message': 'Optimization terminated successfully.'}, {'theta': array([-2.31177506e+03, -2.08320749e-01, -7.40970454e+03,  2.14631219e-01]), 'n_active': 4, 'beta1_train': -1085.3371123886775, 'beta0_train': -1341.9889938161411, 'beta1_val': -636.4101975196493, 'beta0_val': -998.757907311979, 'selected_score': -1341.9889938161411, 'evaluations': 185, 'seconds': 0.12655020000238437, 'method': 'differential_evolution_v2', 'accepted_search': True, 'solver_message': 'Maximum number of iterations has been exceeded.'}]",42,"[{'update_slot': 60, 'hour': 10, 'info': 'both', 'lp_status': 'optimal', 'lp_message': '', 'fallback': False}]",9098.149360004969,3120.217873839403,0.1875640999933239,0.3298458000062965
"[{'theta': array([-3992.71657776]), 'n_active': 1, 'beta1_train': -3830.964387971274, 'beta0_train': -3918.0448934266874, 'beta1_val': -3925.2000000000003, 'beta0_val': -3925.2000000000003, 'selected_score': -3918.0448934266874, 'evaluations': 20, 'seconds': 0.02849860000424087, 'method': 'differential_evolution_v2', 'accepted_search': True, 'solver_message': 'Optimization terminated successfully.'}, {'theta': array([-6.46578058e+03, -6.77601216e-01]), 'n_active': 2, 'beta1_train': 1346.0276579433064, 'beta0_train': -1911.7154799125015, 'beta1_val': 833.7554556366645, 'beta0_val': -2605.780496093995, 'selected_score': -1911.7154799125015, 'evaluations': 35, 'seconds': 0.027766300001530908, 'method': 'differential_evolution_v2', 'accepted_search': True, 'solver_message': 'Optimization terminated successfully.'}, {'theta': array([-4.38663447e+03,  1.39006047e+00, -8.66331807e+03,  8.64081268e-01]), 'n_active': 4, 'beta1_train': -601.3663500449055, 'beta0_train': -921.6692351657108, 'beta1_val': -171.95959005009558, 'beta0_val': -831.0862245980134, 'selected_score': -921.6692351657108, 'evaluations': 185, 'seconds': 0.12747260001196992, 'method': 'differential_evolution_v2', 'accepted_search': True, 'solver_message': 'Maximum number of iterations has been exceeded.'}]",42,"[{'update_slot': 60, 'hour': 10, 'info': 'both', 'lp_status': 'optimal', 'lp_message': '', 'fallback': False}]",3120.217873839403,2029.9872860803864,0.1837375000177417,0.32107879999966826
"[{'theta': array([-5847.04178248]), 'n_active': 1, 'beta1_train': -4418.326448059864, 'beta0_train': -4440.2528983866305, 'beta1_val': -4314.190182599999, 'beta0_val': -4430.300890069959, 'selected_score': -4440.2528983866305, 'evaluations': 15, 'seconds': 0.023066099995048717, 'method': 'differential_evolution_v2', 'accepted_search': True, 'solver_message': 'Optimization terminated successfully.'}, {'theta': array([-8.49571850e+03, -8.27945483e-01]), 'n_active': 2, 'beta1_train': 1378.2663638879485, 'beta0_train': -1820.9165789707324, 'beta1_val': 4450.276434116707, 'beta0_val': 2435.948688825314, 'selected_score': -1820.9165789707324, 'evaluations': 65, 'seconds': 0.04410189999907743, 'method': 'differential_evolution_v2', 'accepted_search': True, 'solver_message': 'Optimization terminated successfully.'}, {'theta': array([-3.34105698e+03, -7.51452420e-01, -2.84129748e+03,  2.77344143e-02]), 'n_active': 4, 'beta1_train': -1078.426746661198, 'beta0_train': -1078.426746661198, 'beta1_val': -356.7279865474768, 'beta0_val': -356.7279865474768, 'selected_score': -1078.426746661198, 'evaluations': 185, 'seconds': 0.1250075999996625, 'method': 'differential_evolution_v2', 'accepted_search': True, 'solver_message': 'Maximum number of iterations has been exceeded.'}]",42,"[{'update_slot': 60, 'hour': 10, 'info': 'both', 'lp_status': 'optimal', 'lp_message': '', 'fallback': False}]",2029.9872860803864,2573.1648725500067,0.19217559999378864,0.3319937000051141
"[{'theta': array([-7529.30732446]), 'n_active': 1, 'beta1_train': -4320.948760014608, 'beta0_train': -4342.199367017966, 'beta1_val': -4344.0, 'beta0_val': -4344.0, 'selected_score': -4342.199367017966, 'evaluations': 20, 'seconds': 0.028071599997929297, 'method': 'differential_evolution_v2', 'accepted_search': True, 'solver_message': 'Optimization terminated successfully.'}, {'theta': array([-8.15691375e+03, -7.27718824e-01]), 'n_active': 2, 'beta1_train': 156.92705895682911, 'beta0_train': -3371.989669808474, 'beta1_val': 115.27523293295008, 'beta0_val': -2934.8200538057595, 'selected_score': -3371.989669808474, 'evaluations': 35, 'seconds': 0.028813800003263168, 'method': 'differential_evolution_v2', 'accepted_search': True, 'solver_message': 'Optimization terminated successfully.'}, {'theta': array([-4.65257456e+03, -5.36829041e-01, -8.64788853e+03, -1.29871879e+00]), 'n_active': 4, 'beta1_train': -538.6624252133655, 'beta0_train': -941.6735700138746, 'beta1_val': -956.2655490612382, 'beta0_val': -956.2655490612382, 'selected_score': -941.6735700138746, 'evaluations': 65, 'seconds': 0.059859000000869855, 'method': 'differential_evolution_v2', 'accepted_search': True, 'solver_message': 'Optimization terminated successfully.'}]",42,"[{'update_slot': 60, 'hour': 10, 'info': 'both', 'lp_status': 'optimal', 'lp_message': '', 'fallback': False}]",2573.1648725500067,4375.184473024665,0.11674440000206232,0.25468389999878127
"[{'theta': array([-2448.10919069]), 'n_active': 1, 'beta1_train': -2122.674883220167, 'beta0_train': -2142.7488017784804, 'beta1_val': -2143.2000000000003, 'beta0_val': -2143.2000000000003, 'selected_score': -2142.7488017784804, 'evaluations': 20, 'seconds': 0.02742509999370668, 'method': 'differential_evolution_v2', 'accepted_search': True, 'solver_message': 'Optimization terminated successfully.'}, {'theta': array([-4.19779178e+03, -4.30927703e-03]), 'n_active': 2, 'beta1_train': 2334.450850200081, 'beta0_train': -1344.7589811338162, 'beta1_val': 2071.81856976057, 'beta0_val': -1755.0963803355594, 'selected_score': -1344.7589811338162, 'evaluations': 55, 'seconds': 0.0391782999940915, 'method': 'differential_evolution_v2', 'accepted_search': True, 'solver_message': 'Optimization terminated successfully.'}, {'theta': array([-3.77245185e+03,  1.66354283e+00, -5.35495153e+03, -1.20587647e+00]), 'n_active': 4, 'beta1_train': 73.76081146962802, 'beta0_train': -297.0591799356674, 'beta1_val': -774.0911629820627, 'beta0_val': -774.0911629820627, 'selected_score': -297.0591799356674, 'evaluations': 185, 'seconds': 0.12756969999463763, 'method': 'differential_evolution_v2', 'accepted_search': True, 'solver_message': 'Maximum number of iterations has been exceeded.'}]",42,"[{'update_slot': 60, 'hour': 10, 'info': 'both', 'lp_status': 'optimal', 'lp_message': '', 'fallback': False}]",4375.184473024665,4457.413788914992,0.19417309998243582,0.33176580000144895
"[{'theta': array([-5294.13153715]), 'n_active': 1, 'beta1_train': -1244.1094765043242, 'beta0_train': -1251.0659204701444, 'beta1_val': -1172.4133228146513, 'beta0_val': -1172.4133228146513, 'selected_score': -1251.0659204701444, 'evaluations': 15, 'seconds': 0.02312060000258498, 'method': 'differential_evolution_v2', 'accepted_search': True, 'solver_message': 'Optimization terminated successfully.'}, {'theta': array([-1.89384517e+03, -6.18338642e-01]), 'n_active': 2, 'beta1_train': -755.0917379290686, 'beta0_train': -2496.0, 'beta1_val': -806.3129531826075, 'beta0_val': -2496.0, 'selected_score': -2496.0, 'evaluations': 45, 'seconds': 0.03608160000294447, 'method': 'differential_evolution_v2', 'accepted_search': True, 'solver_message': 'Optimization terminated successfully.'}, {'theta': array([-7.17586279e+03, -7.16121247e-01, -5.18088444e+02, -3.10966219e-01]), 'n_active': 4, 'beta1_train': -421.19078814628597, 'beta0_train': -585.7801854522543, 'beta1_val': -1121.7165328296287, 'beta0_val': -1121.7165328296287, 'selected_score': -585.945022227806, 'evaluations': 185, 'seconds': 0.12653160000627395, 'method': 'differential_evolution_v2', 'accepted_search': True, 'solver_message': 'Maximum number of iterations has been exceeded.'}]",42,"[{'update_slot': 60, 'hour': 10, 'info': 'both', 'lp_status': 'optimal', 'lp_message': '', 'fallback': False}]",4457.413788914992,4313.498006481484,0.1857338000118034,0.32572520000394434
"[{'theta': array([-2021.37504567]), 'n_active': 1, 'beta1_train': -2708.962720729054, 'beta0_train': -2715.0124219515483, 'beta1_val': -2525.881478866337, 'beta0_val': -2525.881478866337, 'selected_score': -2715.0124219515483, 'evaluations': 15, 'seconds': 0.022476099999039434, 'method': 'differential_evolution_v2', 'accepted_search': True, 'solver_message': 'Optimization terminated successfully.'}, {'theta': array([-2.13173375e+03, -5.70180908e-01]), 'n_active': 2, 'beta1_train': -2883.108188189098, 'beta0_train': -4636.799999999999, 'beta1_val': -2903.639420685752, 'beta0_val': -4636.8, 'selected_score': -4636.799999999999, 'evaluations': 95, 'seconds': 0.05923780000011902, 'method': 'differential_evolution_v2', 'accepted_search': True, 'solver_message': 'Maximum number of iterations has been exceeded.'}, {'theta': array([-5.35095289e+03,  1.07478831e+00, -1.02018669e+03,  6.34819634e-01]), 'n_active': 4, 'beta1_train': -3652.0541367001915, 'beta0_train': -4013.534504200724, 'beta1_val': -4636.8, 'beta0_val': -4636.8, 'selected_score': -4013.534504200724, 'evaluations': 185, 'seconds': 0.1298912000056589, 'method': 'differential_evolution_v2', 'accepted_search': True, 'solver_message': 'Maximum number of iterations has been exceeded.'}]",42,"[{'update_slot': 60, 'hour': 10, 'info': 'both', 'lp_status': 'optimal', 'lp_message': '', 'fallback': False}]",4313.498006481484,10800.0,0.21160510000481736,0.35066000001097564
"[{'theta': array([-2838.44343289]), 'n_active': 1, 'beta1_train': -4287.501394055466, 'beta0_train': -4446.105364216888, 'beta1_val': -4334.9895775, 'beta0_val': -4441.742244444445, 'selected_score': -4446.105364216888, 'evaluations': 30, 'seconds': 0.03500560000247788, 'method': 'differential_evolution_v2', 'accepted_search': True, 'solver_message': 'Optimization terminated successfully.'}, {'theta': array([-1.03578449e+03, -9.21041561e-01]), 'n_active': 2, 'beta1_train': 686.7882625581817, 'beta0_train': -2531.072075117694, 'beta1_val': 1620.9225468613313, 'beta0_val': -2309.0775781341254, 'selected_score': -2531.4088791300005, 'evaluations': 95, 'seconds': 0.05768579999858048, 'method': 'differential_evolution_v2', 'accepted_search': True, 'solver_message': 'Maximum number of iterations has been exceeded.'}, {'theta': array([-3.24370801e+03,  1.15019343e+00, -6.68560879e+03,  1.45558275e+00]), 'n_active': 4, 'beta1_train': -551.3677143358948, 'beta0_train': -982.2308276383964, 'beta1_val': -1463.851082550881, 'beta0_val': -1695.7348202290207, 'selected_score': -982.2308276383964, 'evaluations': 185, 'seconds': 0.12362569999822881, 'method': 'differential_evolution_v2', 'accepted_search': True, 'solver_message': 'Maximum number of iterations has been exceeded.'}]",42,"[{'update_slot': 60, 'hour': 10, 'info': 'both', 'lp_status': 'optimal', 'lp_message': '', 'fallback': False}]",10800.0,4027.0432128518078,0.21631709999928717,0.35407270000723656
"[{'theta': array([-6369.48739086]), 'n_active': 1, 'beta1_train': -4279.831011506756, 'beta0_train': -4305.864861788317, 'beta1_val': -4306.8, 'beta0_val': -4306.8, 'selected_score': -4305.864861788317, 'evaluations': 15, 'seconds': 0.022323299999698065, 'method': 'differential_evolution_v2', 'accepted_search': True, 'solver_message': 'Optimization terminated successfully.'}, {'theta': array([-3.30111258e+03, -1.22941020e+00]), 'n_active': 2, 'beta1_train': 900.2125514676051, 'beta0_train': -2758.829294231733, 'beta1_val': 1285.7348356464795, 'beta0_val': -2956.28093481663, 'selected_score': -2758.829294231733, 'evaluations': 95, 'seconds': 0.06128829999943264, 'method': 'differential_evolution_v2', 'accepted_search': True, 'solver_message': 'Maximum number of iterations has been exceeded.'}, {'theta': array([-6.56772123e+03,  1.48050342e-01, -8.93281477e+03,  6.61493990e-01]), 'n_active': 4, 'beta1_train': -661.865692508197, 'beta0_train': -832.6972973190833, 'beta1_val': -1496.451596437148, 'beta0_val': -1496.451596437148, 'selected_score': -832.6972973190833, 'evaluations': 185, 'seconds': 0.12572570001066197, 'method': 'differential_evolution_v2', 'accepted_search': True, 'solver_message': 'Maximum number of iterations has been exceeded.'}]",42,"[{'update_slot': 60, 'hour': 10, 'info': 'both', 'lp_status': 'optimal', 'lp_message': '', 'fallback': False}]",4027.0432128518078,3997.858316280372,0.20933730000979267,0.350715599997784
"[{'theta': array([-9040.97956011]), 'n_active': 1, 'beta1_train': -2713.6882526538348, 'beta0_train': -2793.335655322791, 'beta1_val': -2752.9036749999996, 'beta0_val': -2794.7999999999997, 'selected_score': -2793.335655322791, 'evaluations': 25, 'seconds': 0.032591800001682714, 'method': 'differential_evolution_v2', 'accepted_search': True, 'solver_message': 'Optimization terminated successfully.'}, {'theta': array([-3.95379992e+03, -7.96674382e-01]), 'n_active': 2, 'beta1_train': 2058.179832729595, 'beta0_train': 282.79094212020294, 'beta1_val': 2213.46895256082, 'beta0_val': 566.1147198947099, 'selected_score': 282.79094212020294, 'evaluations': 35, 'seconds': 0.02896530000725761, 'method': 'differential_evolution_v2', 'accepted_search': True, 'solver_message': 'Optimization terminated successfully.'}, {'theta': array([-3.38979176e+02,  8.97281333e-01, -7.06574934e+03, -2.27881901e-01]), 'n_active': 4, 'beta1_train': 74.70148111163864, 'beta0_train': -265.8848273545278, 'beta1_val': -976.7322993750407, 'beta0_val': -976.7322993750407, 'selected_score': -279.1495736114894, 'evaluations': 185, 'seconds': 0.1301134999957867, 'method': 'differential_evolution_v2', 'accepted_search': True, 'solver_message': 'Maximum number of iterations has been exceeded.'}]",42,"[{'update_slot': 60, 'hour': 10, 'info': 'both', 'lp_status': 'optimal', 'lp_message': '', 'fallback': False}]",3997.858316280372,4046.807557131416,0.19167060000472702,0.3353698999999324
"[{'theta': array([-3944.25166163]), 'n_active': 1, 'beta1_train': -3858.552324821054, 'beta0_train': -3879.957359438121, 'beta1_val': -3880.8, 'beta0_val': -3880.8, 'selected_score': -3879.957359438121, 'evaluations': 20, 'seconds': 0.028505999987828545, 'method': 'differential_evolution_v2', 'accepted_search': True, 'solver_message': 'Optimization terminated successfully.'}, {'theta': array([-3.93954089e+03, -1.54060959e+00]), 'n_active': 2, 'beta1_train': 1126.9310604598597, 'beta0_train': -2039.7265754550108, 'beta1_val': 1578.9482857871185, 'beta0_val': -2528.878910807261, 'selected_score': -2039.7265754550108, 'evaluations': 95, 'seconds': 0.05967269999382552, 'method': 'differential_evolution_v2', 'accepted_search': True, 'solver_message': 'Maximum number of iterations has been exceeded.'}, {'theta': array([-3.05952085e+02,  1.38098776e+00, -5.78190970e+03,  5.97326810e-01]), 'n_active': 4, 'beta1_train': -247.11525217009853, 'beta0_train': -711.100722238119, 'beta1_val': -1600.133021184371, 'beta0_val': -1600.133021184371, 'selected_score': -724.030691032303, 'evaluations': 185, 'seconds': 0.13039049999497365, 'method': 'differential_evolution_v2', 'accepted_search': True, 'solver_message': 'Maximum number of iterations has been exceeded.'}]",42,"[{'update_slot': 60, 'hour': 10, 'info': 'both', 'lp_status': 'optimal', 'lp_message': '', 'fallback': False}]",4046.807557131416,2166.1689541401815,0.21856919997662771,0.3622929999983171
"[{'theta': array([-9223.85600647]), 'n_active': 1, 'beta1_train': -960.2718468570696, 'beta0_train': -1091.1619689584843, 'beta1_val': -1001.7677602864811, 'beta0_val': -1092.334780897284, 'selected_score': -1091.1619689584843, 'evaluations': 35, 'seconds': 0.043905899990932085, 'method': 'differential_evolution_v2', 'accepted_search': True, 'solver_message': 'Optimization terminated successfully.'}, {'theta': array([-2.63558843e+03,  5.65571178e-02]), 'n_active': 2, 'beta1_train': 3174.2922284029614, 'beta0_train': 126.26382560307715, 'beta1_val': 4331.245692728012, 'beta0_val': 2427.0276119879777, 'selected_score': 126.26382560307715, 'evaluations': 95, 'seconds': 0.0594208999973489, 'method': 'differential_evolution_v2', 'accepted_search': True, 'solver_message': 'Maximum number of iterations has been exceeded.'}, {'theta': array([0., 0., 0., 0.]), 'n_active': 4, 'beta1_train': 372.9167572150502, 'beta0_train': -58.749081255402174, 'beta1_val': 822.8346639728568, 'beta0_val': 902.738792444677, 'selected_score': 372.9167572150502, 'evaluations': 145, 'seconds': 0.10944929999823216, 'method': 'differential_evolution_v2', 'accepted_search': False, 'solver_message': 'Optimization terminated successfully.'}]",42,"[{'update_slot': 60, 'hour': 10, 'info': 'both', 'lp_status': 'optimal', 'lp_message': '', 'fallback': False}]",2166.1689541401815,1465.3878446296294,0.21277609998651315,0.3582905999937793
"[{'theta': array([-5760.39955848]), 'n_active': 1, 'beta1_train': -854.5174724569081, 'beta0_train': -874.2963497013094, 'beta1_val': -821.1920933121274, 'beta0_val': -821.1920933121274, 'selected_score': -874.2963497013094, 'evaluations': 25, 'seconds': 0.03249800000048708, 'method': 'differential_evolution_v2', 'accepted_search': True, 'solver_message': 'Optimization terminated successfully.'}, {'theta': array([-9.16722942e+03,  1.07907717e+00]), 'n_active': 2, 'beta1_train': 14.164513689211134, 'beta0_train': -1584.0, 'beta1_val': 309.3148644482103, 'beta0_val': -1584.0, 'selected_score': -1584.0, 'evaluations': 55, 'seconds': 0.03924340000958182, 'method': 'differential_evolution_v2', 'accepted_search': True, 'solver_message': 'Optimization terminated successfully.'}, {'theta': array([-8.74487938e+03, -2.52965450e-01, -5.37575285e+02, -1.11553278e+00]), 'n_active': 4, 'beta1_train': -48.52372262975216, 'beta0_train': -301.04776462525655, 'beta1_val': 1031.9986854646793, 'beta0_val': 978.4318936983493, 'selected_score': -301.04776462525655, 'evaluations': 165, 'seconds': 0.11766740000166465, 'method': 'differential_evolution_v2', 'accepted_search': True, 'solver_message': 'Optimization terminated successfully.'}]",42,"[{'update_slot': 60, 'hour': 10, 'info': 'both', 'lp_status': 'optimal', 'lp_message': '', 'fallback': False}]",1465.3878446296294,1209.1454502157512,0.18940880001173355,0.3377796999993734
"[{'theta': array([-7161.64568869]), 'n_active': 1, 'beta1_train': -2349.703743553812, 'beta0_train': -2362.392043610232, 'beta1_val': -2180.096813801192, 'beta0_val': -2180.096813801192, 'selected_score': -2362.392043610232, 'evaluations': 20, 'seconds': 0.026961600000504404, 'method': 'differential_evolution_v2', 'accepted_search': True, 'solver_message': 'Optimization terminated successfully.'}, {'theta': array([-5.97534589e+03,  8.06497227e-01]), 'n_active': 2, 'beta1_train': -1957.6697686716082, 'beta0_train': -3893.020658332972, 'beta1_val': -1534.1794689800436, 'beta0_val': -3896.3999999999996, 'selected_score': -3893.020658332972, 'evaluations': 35, 'seconds': 0.0278587999928277, 'method': 'differential_evolution_v2', 'accepted_search': True, 'solver_message': 'Optimization terminated successfully.'}, {'theta': array([-8.42578925e+03,  1.93686426e+00, -2.63301871e+03,  5.74119010e-03]), 'n_active': 4, 'beta1_train': -2446.99169979414, 'beta0_train': -2704.088980452068, 'beta1_val': -1704.8406278498405, 'beta0_val': -1976.8905367005536, 'selected_score': -2704.088980452068, 'evaluations': 185, 'seconds': 0.12283670000033453, 'method': 'differential_evolution_v2', 'accepted_search': True, 'solver_message': 'Maximum number of iterations has been exceeded.'}]",42,"[{'update_slot': 60, 'hour': 10, 'info': 'both', 'lp_status': 'optimal', 'lp_message': '', 'fallback': False}]",1209.1454502157512,6713.856415185185,0.17765709999366663,0.3207435000076657
"[{'theta': array([-2958.40611931]), 'n_active': 1, 'beta1_train': -3752.3332232937328, 'beta0_train': -3902.7223968865646, 'beta1_val': -3943.0874024000004, 'beta0_val': -3952.8000000000006, 'selected_score': -3902.7223968865646, 'evaluations': 20, 'seconds': 0.02615410000726115, 'method': 'differential_evolution_v2', 'accepted_search': True, 'solver_message': 'Optimization terminated successfully.'}, {'theta': array([-6.74858353e+03, -5.62606615e-01]), 'n_active': 2, 'beta1_train': 668.3399412429396, 'beta0_train': -3001.7842898294466, 'beta1_val': 252.86785743792507, 'beta0_val': -3048.6409866063223, 'selected_score': -3001.7842898294466, 'evaluations': 65, 'seconds': 0.04347119999874849, 'method': 'differential_evolution_v2', 'accepted_search': True, 'solver_message': 'Optimization terminated successfully.'}, {'theta': array([-2.33201498e+03, -1.46887472e+00, -6.42860152e+03, -1.44108509e+00]), 'n_active': 4, 'beta1_train': -495.5739247284749, 'beta0_train': -924.4720990931182, 'beta1_val': -122.28425793031681, 'beta0_val': -329.12088959487465, 'selected_score': -924.4720990931182, 'evaluations': 125, 'seconds': 0.09324519999790937, 'method': 'differential_evolution_v2', 'accepted_search': True, 'solver_message': 'Optimization terminated successfully.'}]",42,"[{'update_slot': 60, 'hour': 10, 'info': 'both', 'lp_status': 'optimal', 'lp_message': '', 'fallback': False}]",6713.856415185185,1324.3809647968412,0.162870500003919,0.3024148999975296
"[{'theta': array([-2487.68934075]), 'n_active': 1, 'beta1_train': -4068.7615212613046, 'beta0_train': -4091.2322889671786, 'beta1_val': -4092.0, 'beta0_val': -4092.0, 'selected_score': -4091.2322889671786, 'evaluations': 20, 'seconds': 0.02702799999678973, 'method': 'differential_evolution_v2', 'accepted_search': True, 'solver_message': 'Optimization terminated successfully.'}, {'theta': array([-6.95443884e+03,  1.52916831e+00]), 'n_active': 2, 'beta1_train': 1456.5516575712368, 'beta0_train': -868.4773560748091, 'beta1_val': 1729.5917372487202, 'beta0_val': 532.5307803958349, 'selected_score': -868.4773560748091, 'evaluations': 95, 'seconds': 0.06194100000720937, 'method': 'differential_evolution_v2', 'accepted_search': True, 'solver_message': 'Maximum number of iterations has been exceeded.'}, {'theta': array([-8.44222538e+03, -1.30285352e+00, -9.57667745e+03, -9.49624917e-01]), 'n_active': 4, 'beta1_train': -866.980150100695, 'beta0_train': -1241.233038241317, 'beta1_val': 954.8755222509886, 'beta0_val': -199.56728285936697, 'selected_score': -1241.233038241317, 'evaluations': 145, 'seconds': 0.1035802000114927, 'method': 'differential_evolution_v2', 'accepted_search': True, 'solver_message': 'Optimization terminated successfully.'}]",42,"[{'update_slot': 60, 'hour': 10, 'info': 'both', 'lp_status': 'optimal', 'lp_message': '', 'fallback': False}]",1324.3809647968412,2418.043512066454,0.1925492000154918,0.3308136999985436
"[{'theta': array([-2888.64390214]), 'n_active': 1, 'beta1_train': -3527.2927416381904, 'beta0_train': -4348.137739336476, 'beta1_val': -3737.551450368307, 'beta0_val': -4367.017859197651, 'selected_score': -4348.137739336476, 'evaluations': 20, 'seconds': 0.027521200012415648, 'method': 'differential_evolution_v2', 'accepted_search': True, 'solver_message': 'Optimization terminated successfully.'}, {'theta': array([-771.40975898,   -1.38913849]), 'n_active': 2, 'beta1_train': 1554.8626779073638, 'beta0_train': -311.36041607999937, 'beta1_val': 1535.9810484323125, 'beta0_val': 347.3806765144286, 'selected_score': -327.0832996988235, 'evaluations': 95, 'seconds': 0.057388600005651824, 'method': 'differential_evolution_v2', 'accepted_search': True, 'solver_message': 'Maximum number of iterations has been exceeded.'}, {'theta': array([-2.90528908e+03, -4.98967062e-01, -5.45844201e+03,  9.30853795e-01]), 'n_active': 4, 'beta1_train': -1376.5792880933523, 'beta0_train': -1669.1946792318304, 'beta1_val': -1307.9039912558899, 'beta0_val': -1341.8949647912318, 'selected_score': -1669.1946792318304, 'evaluations': 125, 'seconds': 0.09180989999731537, 'method': 'differential_evolution_v2', 'accepted_search': True, 'solver_message': 'Optimization terminated successfully.'}]",42,"[{'update_slot': 60, 'hour': 10, 'info': 'both', 'lp_status': 'optimal', 'lp_message': '', 'fallback': False}]",2418.043512066454,2881.1380873500457,0.17671970001538284,0.3164472999924328
"[{'theta': array([-1565.97057684]), 'n_active': 1, 'beta1_train': -3805.1716474808295, 'beta0_train': -3929.1139883230912, 'beta1_val': -3787.81204881572, 'beta0_val': -3901.4197911639712, 'selected_score': -3929.1139883230912, 'evaluations': 20, 'seconds': 0.027837600006023422, 'method': 'differential_evolution_v2', 'accepted_search': True, 'solver_message': 'Optimization terminated successfully.'}, {'theta': array([-1.54790513e+03,  9.61678646e-01]), 'n_active': 2, 'beta1_train': -2794.56515821829, 'beta0_train': -2836.6151750491686, 'beta1_val': -1936.0652533388886, 'beta0_val': -2305.5733408821325, 'selected_score': -2836.6151750491686, 'evaluations': 95, 'seconds': 0.05765270000847522, 'method': 'differential_evolution_v2', 'accepted_search': True, 'solver_message': 'Maximum number of iterations has been exceeded.'}, {'theta': array([-1.52688191e+03,  1.09019514e+00, -9.50657274e+02, -1.74663184e+00]), 'n_active': 4, 'beta1_train': -825.1443844475383, 'beta0_train': -1218.4515780588788, 'beta1_val': -587.5808468540912, 'beta0_val': -766.1322496356495, 'selected_score': -1218.4515780588788, 'evaluations': 185, 'seconds': 0.12381779999122955, 'method': 'differential_evolution_v2', 'accepted_search': True, 'solver_message': 'Maximum number of iterations has been exceeded.'}]",42,"[{'update_slot': 60, 'hour': 10, 'info': 'both', 'lp_status': 'optimal', 'lp_message': '', 'fallback': False}]",2881.1380873500457,2397.530747364598,0.2093081000057282,0.352649599997676
"[{'theta': array([-3431.58221822]), 'n_active': 1, 'beta1_train': -310.7858248835263, 'beta0_train': -458.90469156757996, 'beta1_val': -337.01307073604437, 'beta0_val': -452.9490740027111, 'selected_score': -458.90469156757996, 'evaluations': 50, 'seconds': 0.05322489999525715, 'method': 'differential_evolution_v2', 'accepted_search': True, 'solver_message': 'Maximum number of iterations has been exceeded.'}, {'theta': array([-1.75801958e+03,  1.30545558e+00]), 'n_active': 2, 'beta1_train': 3632.1432224812347, 'beta0_train': 1175.6518185565915, 'beta1_val': 3687.9923082906666, 'beta0_val': 1599.5002891155411, 'selected_score': 1175.6518185565915, 'evaluations': 55, 'seconds': 0.038452099994174205, 'method': 'differential_evolution_v2', 'accepted_search': True, 'solver_message': 'Optimization terminated successfully.'}, {'theta': array([-8.14417227e+03, -9.65923438e-01, -3.82929304e+03,  1.02441331e+00]), 'n_active': 4, 'beta1_train': -71.77087451089359, 'beta0_train': -113.9071681233963, 'beta1_val': -79.49772194064151, 'beta0_val': -79.49772194064151, 'selected_score': -113.9071681233963, 'evaluations': 165, 'seconds': 0.11383680001017638, 'method': 'differential_evolution_v2', 'accepted_search': True, 'solver_message': 'Optimization terminated successfully.'}]",42,"[{'update_slot': 60, 'hour': 10, 'info': 'both', 'lp_status': 'optimal', 'lp_message': '', 'fallback': False}]",2397.530747364598,1816.1906584592482,0.20551379999960773,0.3431535999989137
"[{'theta': array([-3199.29887462]), 'n_active': 1, 'beta1_train': -959.6326803080836, 'beta0_train': -981.0972354898289, 'beta1_val': -917.1127689706925, 'beta0_val': -917.1127689706925, 'selected_score': -981.0972354898289, 'evaluations': 25, 'seconds': 0.0311368999973638, 'method': 'differential_evolution_v2', 'accepted_search': True, 'solver_message': 'Optimization terminated successfully.'}, {'theta': array([-7.76542335e+03, -7.52416973e-01]), 'n_active': 2, 'beta1_train': -93.69944804775649, 'beta0_train': -1860.0, 'beta1_val': -159.98803216877786, 'beta0_val': -1860.0, 'selected_score': -1860.0, 'evaluations': 55, 'seconds': 0.03761730001133401, 'method': 'differential_evolution_v2', 'accepted_search': True, 'solver_message': 'Optimization terminated successfully.'}, {'theta': array([-4.52596443e+03, -8.48637092e-01, -5.37389956e+03,  9.60257913e-01]), 'n_active': 4, 'beta1_train': -231.91018043012375, 'beta0_train': -434.85817564041656, 'beta1_val': 145.61341981950432, 'beta0_val': -325.3465299472474, 'selected_score': -434.85817564041656, 'evaluations': 185, 'seconds': 0.12754440000571776, 'method': 'differential_evolution_v2', 'accepted_search': True, 'solver_message': 'Maximum number of iterations has been exceeded.'}]",42,"[{'update_slot': 60, 'hour': 10, 'info': 'both', 'lp_status': 'optimal', 'lp_message': '', 'fallback': False}]",1816.1906584592482,2053.372457328384,0.19629860001441557,0.33904039999470115
"[{'theta': array([-6107.38823201]), 'n_active': 1, 'beta1_train': -1762.9115016349538, 'beta0_train': -1871.9511868087359, 'beta1_val': -1887.0329195755032, 'beta0_val': -1887.0329195755032, 'selected_score': -1871.9511868087359, 'evaluations': 50, 'seconds': 0.054491199989570305, 'method': 'differential_evolution_v2', 'accepted_search': True, 'solver_message': 'Maximum number of iterations has been exceeded.'}, {'theta': array([-8.17309636e+02,  1.62229327e-01]), 'n_active': 2, 'beta1_train': -1859.485128961084, 'beta0_train': -3656.223051609707, 'beta1_val': -1631.9094968692066, 'beta0_val': -3645.021720095916, 'selected_score': -3656.223051609707, 'evaluations': 95, 'seconds': 0.056803899991791695, 'method': 'differential_evolution_v2', 'accepted_search': True, 'solver_message': 'Maximum number of iterations has been exceeded.'}, {'theta': array([-4.78442544e+03,  1.68307919e+00, -5.06592322e+03,  9.43946633e-01]), 'n_active': 4, 'beta1_train': -2086.9937265511167, 'beta0_train': -2288.2764783349385, 'beta1_val': -2065.7195841475323, 'beta0_val': -2065.7195841475323, 'selected_score': -2288.2764783349385, 'evaluations': 185, 'seconds': 0.1281161999941105, 'method': 'differential_evolution_v2', 'accepted_search': True, 'solver_message': 'Maximum number of iterations has been exceeded.'}]",42,"[{'update_slot': 60, 'hour': 10, 'info': 'both', 'lp_status': 'optimal', 'lp_message': '', 'fallback': False}]",2053.372457328384,6458.346115974933,0.2394112999754725,0.37971269999979995
"[{'theta': array([-5753.1690428]), 'n_active': 1, 'beta1_train': -4112.305657810566, 'beta0_train': -4269.02750396292, 'beta1_val': -3934.5083007255967, 'beta0_val': -4206.30866116531, 'selected_score': -4269.02750396292, 'evaluations': 15, 'seconds': 0.02294330000586342, 'method': 'differential_evolution_v2', 'accepted_search': True, 'solver_message': 'Optimization terminated successfully.'}, {'theta': array([-7.95431710e+03,  6.56391893e-01]), 'n_active': 2, 'beta1_train': 737.6674178404232, 'beta0_train': -2853.7590718803576, 'beta1_val': 201.2621435170281, 'beta0_val': -3285.161357025844, 'selected_score': -2853.7590718803576, 'evaluations': 45, 'seconds': 0.034103400001185946, 'method': 'differential_evolution_v2', 'accepted_search': True, 'solver_message': 'Optimization terminated successfully.'}, {'theta': array([-3.07498063e+03,  2.50827079e-01, -9.54563032e+03, -1.04848165e+00]), 'n_active': 4, 'beta1_train': -779.6547388608818, 'beta0_train': -1206.8237288689209, 'beta1_val': -1028.9817571165217, 'beta0_val': -1113.1840059851656, 'selected_score': -1206.8237288689209, 'evaluations': 185, 'seconds': 0.1259855999960564, 'method': 'differential_evolution_v2', 'accepted_search': True, 'solver_message': 'Maximum number of iterations has been exceeded.'}]",42,"[{'update_slot': 60, 'hour': 10, 'info': 'both', 'lp_status': 'optimal', 'lp_message': '', 'fallback': False}]",6458.346115974933,2600.638271057601,0.18303230000310577,0.3264481999940472
"[{'theta': array([-5628.74115025]), 'n_active': 1, 'beta1_train': -3612.3293965675443, 'beta0_train': -3756.2268642718386, 'beta1_val': -3573.954930632577, 'beta0_val': -3706.1151086391615, 'selected_score': -3756.2268642718386, 'evaluations': 20, 'seconds': 0.027490699998452328, 'method': 'differential_evolution_v2', 'accepted_search': True, 'solver_message': 'Optimization terminated successfully.'}, {'theta': array([-3.01449981e+03, -1.47588103e+00]), 'n_active': 2, 'beta1_train': 1573.273566164257, 'beta0_train': -1944.4359459031796, 'beta1_val': 1772.6046814976662, 'beta0_val': -1926.9781358257796, 'selected_score': -1944.4359459031796, 'evaluations': 45, 'seconds': 0.032964999991236255, 'method': 'differential_evolution_v2', 'accepted_search': True, 'solver_message': 'Optimization terminated successfully.'}, {'theta': array([-3.59196763e+03,  6.69199387e-01, -3.31788040e+03, -1.29850854e+00]), 'n_active': 4, 'beta1_train': -379.3607762863607, 'beta0_train': -772.6936401838018, 'beta1_val': -304.7946049106642, 'beta0_val': -657.4652531932921, 'selected_score': -772.6936401838018, 'evaluations': 185, 'seconds': 0.12703139999939594, 'method': 'differential_evolution_v2', 'accepted_search': True, 'solver_message': 'Maximum number of iterations has been exceeded.'}]",42,"[{'update_slot': 60, 'hour': 10, 'info': 'both', 'lp_status': 'optimal', 'lp_message': '', 'fallback': False}]",2600.638271057601,1610.5998406342374,0.18748709998908453,0.3288643999985652
"[{'theta': array([-4793.06213122]), 'n_active': 1, 'beta1_train': -3913.1458665031523, 'beta0_train': -3934.200051279736, 'beta1_val': -3934.8, 'beta0_val': -3934.8, 'selected_score': -3934.200051279736, 'evaluations': 20, 'seconds': 0.027349399999366142, 'method': 'differential_evolution_v2', 'accepted_search': True, 'solver_message': 'Optimization terminated successfully.'}, {'theta': array([-2.65132706e+03,  2.75544087e-02]), 'n_active': 2, 'beta1_train': 1792.509146249802, 'beta0_train': -2245.956942963335, 'beta1_val': 1519.4774317258311, 'beta0_val': -2329.8340154168745, 'selected_score': -2245.956942963335, 'evaluations': 95, 'seconds': 0.05867619998753071, 'method': 'differential_evolution_v2', 'accepted_search': True, 'solver_message': 'Maximum number of iterations has been exceeded.'}, {'theta': array([-4.95623361e+03, -1.01374408e+00, -1.36078648e+03, -1.26281949e-01]), 'n_active': 4, 'beta1_train': -338.4419110693802, 'beta0_train': -759.1651328506003, 'beta1_val': -347.16910099102523, 'beta0_val': -571.7999937894818, 'selected_score': -759.1651328506003, 'evaluations': 185, 'seconds': 0.12668359999952372, 'method': 'differential_evolution_v2', 'accepted_search': True, 'solver_message': 'Maximum number of iterations has been exceeded.'}]",42,"[{'update_slot': 60, 'hour': 10, 'info': 'both', 'lp_status': 'optimal', 'lp_message': '', 'fallback': False}]",1610.5998406342374,1902.740709306295,0.21270919998642057,0.35178610000002664
"[{'theta': array([-3686.28619213]), 'n_active': 1, 'beta1_train': -3844.2743031309183, 'beta0_train': -3868.229530302118, 'beta1_val': -3775.8804233333335, 'beta0_val': -3858.373079835391, 'selected_score': -3868.229530302118, 'evaluations': 25, 'seconds': 0.03152010000485461, 'method': 'differential_evolution_v2', 'accepted_search': True, 'solver_message': 'Optimization terminated successfully.'}, {'theta': array([-5.52406410e+03,  5.79502939e-01]), 'n_active': 2, 'beta1_train': 1720.005498927897, 'beta0_train': -1582.3341567686734, 'beta1_val': 1029.590778610515, 'beta0_val': -2227.0681244966886, 'selected_score': -1582.3341567686734, 'evaluations': 45, 'seconds': 0.033725600005709566, 'method': 'differential_evolution_v2', 'accepted_search': True, 'solver_message': 'Optimization terminated successfully.'}, {'theta': array([-5.26695874e+03,  1.23253284e+00, -3.02350199e+03, -1.85676721e+00]), 'n_active': 4, 'beta1_train': -662.3876352278197, 'beta0_train': -769.2751824690711, 'beta1_val': -740.5541445669287, 'beta0_val': -740.5541445669287, 'selected_score': -769.2751824690711, 'evaluations': 105, 'seconds': 0.08292930001334753, 'method': 'differential_evolution_v2', 'accepted_search': True, 'solver_message': 'Optimization terminated successfully.'}]",42,"[{'update_slot': 60, 'hour': 10, 'info': 'both', 'lp_status': 'optimal', 'lp_message': '', 'fallback': False}]",1902.740709306295,1651.2548242592572,0.1481750000239117,0.2916886000020895
"[{'theta': array([-1993.81618718]), 'n_active': 1, 'beta1_train': -1969.6669109080383, 'beta0_train': -1992.8360904546823, 'beta1_val': -1993.2, 'beta0_val': -1993.2, 'selected_score': -1992.8360904546823, 'evaluations': 50, 'seconds': 0.05257889999484178, 'method': 'differential_evolution_v2', 'accepted_search': True, 'solver_message': 'Maximum number of iterations has been exceeded.'}, {'theta': array([-2.79377126e+03, -1.07473160e+00]), 'n_active': 2, 'beta1_train': 2663.0815424552948, 'beta0_train': 478.8683925241875, 'beta1_val': 2600.258406139169, 'beta0_val': 739.8474278065466, 'selected_score': 478.8683925241875, 'evaluations': 95, 'seconds': 0.05730549999861978, 'method': 'differential_evolution_v2', 'accepted_search': True, 'solver_message': 'Maximum number of iterations has been exceeded.'}, {'theta': array([-3.16557475e+02, -1.40552958e+00, -7.94539189e+03, -3.17138893e-01]), 'n_active': 4, 'beta1_train': 125.71873923538229, 'beta0_train': -280.87885290223323, 'beta1_val': -75.98148651889892, 'beta0_val': -289.42039880148957, 'selected_score': -293.51047497653275, 'evaluations': 185, 'seconds': 0.12401980000140611, 'method': 'differential_evolution_v2', 'accepted_search': True, 'solver_message': 'Maximum number of iterations has been exceeded.'}]",42,"[{'update_slot': 60, 'hour': 10, 'info': 'both', 'lp_status': 'optimal', 'lp_message': '', 'fallback': False}]",1651.2548242592572,1882.711641569482,0.23390419999486767,0.37377099999866914
"[{'theta': array([-7011.08018034]), 'n_active': 1, 'beta1_train': -1243.8130608429392, 'beta0_train': -1256.456147422816, 'beta1_val': -1298.6957627240554, 'beta0_val': -1298.6957627240554, 'selected_score': -1256.456147422816, 'evaluations': 30, 'seconds': 0.03556190000381321, 'method': 'differential_evolution_v2', 'accepted_search': True, 'solver_message': 'Optimization terminated successfully.'}, {'theta': array([-2.37727811e+03, -1.07685862e+00]), 'n_active': 2, 'beta1_train': -161.95780042108734, 'beta0_train': -2112.530095933176, 'beta1_val': 117.72402769760629, 'beta0_val': -2114.4, 'selected_score': -2112.530095933176, 'evaluations': 45, 'seconds': 0.03290850001212675, 'method': 'differential_evolution_v2', 'accepted_search': True, 'solver_message': 'Optimization terminated successfully.'}, {'theta': array([-3.07866767e+02,  1.67949866e+00, -8.13335050e+03, -4.37717814e-01]), 'n_active': 4, 'beta1_train': -237.41087856169653, 'beta0_train': -390.8056970092629, 'beta1_val': -326.03765405592605, 'beta0_val': -385.17715443769254, 'selected_score': -399.07294131220794, 'evaluations': 185, 'seconds': 0.1280177000007825, 'method': 'differential_evolution_v2', 'accepted_search': True, 'solver_message': 'Maximum number of iterations has been exceeded.'}]",42,"[{'update_slot': 60, 'hour': 10, 'info': 'both', 'lp_status': 'optimal', 'lp_message': '', 'fallback': False}]",1882.711641569482,1700.0185603279108,0.19648810001672246,0.34106510000128765
"[{'theta': array([-3809.96227035]), 'n_active': 1, 'beta1_train': -2312.4219092644344, 'beta0_train': -2330.0490710778076, 'beta1_val': -2294.6863107462636, 'beta0_val': -2294.6863107462636, 'selected_score': -2330.0490710778076, 'evaluations': 15, 'seconds': 0.02239450000342913, 'method': 'differential_evolution_v2', 'accepted_search': True, 'solver_message': 'Optimization terminated successfully.'}, {'theta': array([-6.67574246e+03,  4.99977155e-01]), 'n_active': 2, 'beta1_train': -2265.388002052, 'beta0_train': -4055.8161181522373, 'beta1_val': -2671.0725629628, 'beta0_val': -4075.2000000000003, 'selected_score': -4055.8161181522373, 'evaluations': 35, 'seconds': 0.029556700013927184, 'method': 'differential_evolution_v2', 'accepted_search': True, 'solver_message': 'Optimization terminated successfully.'}, {'theta': array([-6.92427622e+03, -3.41843433e-01, -3.32778596e+03,  9.88991779e-01]), 'n_active': 4, 'beta1_train': -2778.1134793317333, 'beta0_train': -3039.717273132518, 'beta1_val': -2722.4390667311445, 'beta0_val': -2874.1280939001103, 'selected_score': -3039.717273132518, 'evaluations': 85, 'seconds': 0.07059790000494104, 'method': 'differential_evolution_v2', 'accepted_search': True, 'solver_message': 'Optimization terminated successfully.'}]",42,"[{'update_slot': 60, 'hour': 10, 'info': 'both', 'lp_status': 'optimal', 'lp_message': '', 'fallback': False}]",1700.0185603279108,7399.15921058396,0.12254910002229735,0.26531400000385474
"[{'theta': array([-7845.57599922]), 'n_active': 1, 'beta1_train': -3727.4285000783134, 'beta0_train': -3911.527425993607, 'beta1_val': -3734.444803059258, 'beta0_val': -3904.558839583538, 'selected_score': -3911.527425993607, 'evaluations': 50, 'seconds': 0.05369079999218229, 'method': 'differential_evolution_v2', 'accepted_search': True, 'solver_message': 'Maximum number of iterations has been exceeded.'}, {'theta': array([-2.09698727e+03,  1.51196910e+00]), 'n_active': 2, 'beta1_train': 1522.226213194435, 'beta0_train': -788.8635305499918, 'beta1_val': 925.0192788225859, 'beta0_val': -1509.0511782626995, 'selected_score': -788.8635305499918, 'evaluations': 45, 'seconds': 0.033404400004656054, 'method': 'differential_evolution_v2', 'accepted_search': True, 'solver_message': 'Optimization terminated successfully.'}, {'theta': array([-3.87809468e+03,  1.74633354e+00, -1.60370664e+02, -1.20401735e+00]), 'n_active': 4, 'beta1_train': -852.4798730000468, 'beta0_train': -1034.67204702127, 'beta1_val': -822.8992759487294, 'beta0_val': -822.8992759487294, 'selected_score': -1035.493517475971, 'evaluations': 185, 'seconds': 0.1330547999968985, 'method': 'differential_evolution_v2', 'accepted_search': True, 'solver_message': 'Maximum number of iterations has been exceeded.'}]",42,"[{'update_slot': 60, 'hour': 10, 'info': 'both', 'lp_status': 'optimal', 'lp_message': '', 'fallback': False}]",7399.15921058396,2887.3057712237764,0.22014999999373686,0.36409779998939484
"[{'theta': array([-5107.04940467]), 'n_active': 1, 'beta1_train': -4147.848925823808, 'beta0_train': -4283.281930492649, 'beta1_val': -4287.830675435864, 'beta0_val': -4317.03560366642, 'selected_score': -4283.281930492649, 'evaluations': 25, 'seconds': 0.03211700000974815, 'method': 'differential_evolution_v2', 'accepted_search': True, 'solver_message': 'Optimization terminated successfully.'}, {'theta': array([-2.95375699e+03, -1.64878322e-01]), 'n_active': 2, 'beta1_train': -2783.116482270771, 'beta0_train': -2971.612235261057, 'beta1_val': -2680.299920948645, 'beta0_val': -2680.299920948645, 'selected_score': -2971.612235261057, 'evaluations': 95, 'seconds': 0.06284349999623373, 'method': 'differential_evolution_v2', 'accepted_search': True, 'solver_message': 'Maximum number of iterations has been exceeded.'}, {'theta': array([-2.85738929e+02, -1.44052961e+00, -7.64678694e+03, -1.31090648e-01]), 'n_active': 4, 'beta1_train': -956.0486012987242, 'beta0_train': -1366.9028995405026, 'beta1_val': -1366.5917747188514, 'beta0_val': -1493.282959340942, 'selected_score': -1382.5127434851315, 'evaluations': 185, 'seconds': 0.1566268000024138, 'method': 'differential_evolution_v2', 'accepted_search': True, 'solver_message': 'Maximum number of iterations has been exceeded.'}]",42,"[{'update_slot': 60, 'hour': 10, 'info': 'both', 'lp_status': 'optimal', 'lp_message': '', 'fallback': False}]",2887.3057712237764,3555.7685320370338,0.2515873000083957,0.4078289000026416
"[{'theta': array([-4872.85412452]), 'n_active': 1, 'beta1_train': -4019.687064201806, 'beta0_train': -4049.968938423247, 'beta1_val': -4051.2000000000003, 'beta0_val': -4051.2000000000003, 'selected_score': -4049.968938423247, 'evaluations': 15, 'seconds': 0.026192699995590374, 'method': 'differential_evolution_v2', 'accepted_search': True, 'solver_message': 'Optimization terminated successfully.'}, {'theta': array([-7.60148376e+03,  8.92110250e-02]), 'n_active': 2, 'beta1_train': 700.292269273377, 'beta0_train': -3088.0522948086796, 'beta1_val': 458.4598625672061, 'beta0_val': -3418.1320841941197, 'selected_score': -3088.0522948086796, 'evaluations': 55, 'seconds': 0.04076760000316426, 'method': 'differential_evolution_v2', 'accepted_search': True, 'solver_message': 'Optimization terminated successfully.'}, {'theta': array([-4.27851483e+02, -5.17729663e-01, -6.06544165e+03,  1.33418064e+00]), 'n_active': 4, 'beta1_train': -93.1602802271472, 'beta0_train': -709.0169497893966, 'beta1_val': -771.6472468306163, 'beta0_val': -771.6472468306163, 'selected_score': -724.9808923226204, 'evaluations': 185, 'seconds': 0.12807650001195725, 'method': 'differential_evolution_v2', 'accepted_search': True, 'solver_message': 'Maximum number of iterations has been exceeded.'}]",42,"[{'update_slot': 60, 'hour': 10, 'info': 'both', 'lp_status': 'optimal', 'lp_message': '', 'fallback': False}]",3555.7685320370338,1981.0021099999992,0.19503680001071189,0.34194709999428596
"[{'theta': array([-5870.8038493]), 'n_active': 1, 'beta1_train': -4339.8309174863725, 'beta0_train': -4363.79394284854, 'beta1_val': -4364.296987713752, 'beta0_val': -4364.400000000001, 'selected_score': -4363.79394284854, 'evaluations': 15, 'seconds': 0.022891400003572926, 'method': 'differential_evolution_v2', 'accepted_search': True, 'solver_message': 'Optimization terminated successfully.'}, {'theta': array([-8.83632083e+03, -1.13936624e+00]), 'n_active': 2, 'beta1_train': 1734.1199448764314, 'beta0_train': -585.9405670961044, 'beta1_val': 1415.5422253390634, 'beta0_val': -958.2332496996023, 'selected_score': -585.9405670961044, 'evaluations': 55, 'seconds': 0.040513200001441874, 'method': 'differential_evolution_v2', 'accepted_search': True, 'solver_message': 'Optimization terminated successfully.'}, {'theta': array([-289.10880044,   -0.32779647, -202.22884033,    1.22961632]), 'n_active': 4, 'beta1_train': -1143.5051913573354, 'beta0_train': -1418.2437708823234, 'beta1_val': -1320.9892477970639, 'beta0_val': -1364.8535538841445, 'selected_score': -1419.9085673525556, 'evaluations': 185, 'seconds': 0.13009400000737514, 'method': 'differential_evolution_v2', 'accepted_search': True, 'solver_message': 'Maximum number of iterations has been exceeded.'}]",42,"[{'update_slot': 60, 'hour': 10, 'info': 'both', 'lp_status': 'optimal', 'lp_message': '', 'fallback': False}]",1981.0021099999992,3270.2453598683487,0.19349860001238994,0.3340680999972392
"[{'theta': array([-5940.34646158]), 'n_active': 1, 'beta1_train': -1606.4624311341302, 'beta0_train': -1625.6378506473955, 'beta1_val': -1626.0, 'beta0_val': -1626.0, 'selected_score': -1625.6378506473955, 'evaluations': 15, 'seconds': 0.02281609999772627, 'method': 'differential_evolution_v2', 'accepted_search': True, 'solver_message': 'Optimization terminated successfully.'}, {'theta': array([-4.35596797e+03, -1.71339806e+00]), 'n_active': 2, 'beta1_train': 1559.0306572182808, 'beta0_train': -1210.6239921938825, 'beta1_val': 1314.5708218229445, 'beta0_val': -1224.9117210262932, 'selected_score': -1210.6239921938825, 'evaluations': 95, 'seconds': 0.05821740000101272, 'method': 'differential_evolution_v2', 'accepted_search': True, 'solver_message': 'Maximum number of iterations has been exceeded.'}, {'theta': array([-2.78080998e+02, -1.86513370e+00, -7.21393350e+03, -1.01306094e+00]), 'n_active': 4, 'beta1_train': 70.48409135214845, 'beta0_train': -218.7762337713269, 'beta1_val': -278.0589486420785, 'beta0_val': -278.0589486420785, 'selected_score': -240.23821580921702, 'evaluations': 185, 'seconds': 0.12742090001120232, 'method': 'differential_evolution_v2', 'accepted_search': True, 'solver_message': 'Maximum number of iterations has been exceeded.'}]",42,"[{'update_slot': 60, 'hour': 10, 'info': 'both', 'lp_status': 'optimal', 'lp_message': '', 'fallback': False}]",3270.2453598683487,1705.986553703707,0.2084544000099413,0.35238670000398997
"[{'theta': array([-2505.61947765]), 'n_active': 1, 'beta1_train': -1310.0394129136696, 'beta0_train': -1318.020899173377, 'beta1_val': -1358.3186549496552, 'beta0_val': -1358.3186549496552, 'selected_score': -1318.020899173377, 'evaluations': 15, 'seconds': 0.02278059998934623, 'method': 'differential_evolution_v2', 'accepted_search': True, 'solver_message': 'Optimization terminated successfully.'}, {'theta': array([-2.55818546e+03,  1.71177582e+00]), 'n_active': 2, 'beta1_train': -258.0835835722035, 'beta0_train': -1977.9453495010032, 'beta1_val': -313.17744978007545, 'beta0_val': -1788.4657982072022, 'selected_score': -1977.9453495010032, 'evaluations': 45, 'seconds': 0.03291860000172164, 'method': 'differential_evolution_v2', 'accepted_search': True, 'solver_message': 'Optimization terminated successfully.'}, {'theta': array([-2.81778687e+03,  5.09128179e-01, -6.07545264e+03, -1.28151119e+00]), 'n_active': 4, 'beta1_train': -262.0389729671213, 'beta0_train': -498.80369576423664, 'beta1_val': -379.75441971721096, 'beta0_val': -414.22276950115037, 'selected_score': -498.80369576423664, 'evaluations': 185, 'seconds': 0.12562229999457486, 'method': 'differential_evolution_v2', 'accepted_search': True, 'solver_message': 'Maximum number of iterations has been exceeded.'}]",42,"[{'update_slot': 60, 'hour': 10, 'info': 'both', 'lp_status': 'optimal', 'lp_message': '', 'fallback': False}]",1705.986553703707,2402.1220915333356,0.18132149998564273,0.3234398000058718
"[{'theta': array([-666.93992827]), 'n_active': 1, 'beta1_train': -2398.508566394863, 'beta0_train': -2496.234165920087, 'beta1_val': -2454.2876102061246, 'beta0_val': -2475.0467082309187, 'selected_score': -2496.234165920087, 'evaluations': 20, 'seconds': 0.02695099999255035, 'method': 'differential_evolution_v2', 'accepted_search': True, 'solver_message': 'Optimization terminated successfully.'}, {'theta': array([-7.11278600e+02,  6.72696658e-01]), 'n_active': 2, 'beta1_train': -2466.2946115952514, 'beta0_train': -3949.9053076921464, 'beta1_val': -2164.2323881545985, 'beta0_val': -3861.62279243922, 'selected_score': -3949.975849714948, 'evaluations': 95, 'seconds': 0.05828930001007393, 'method': 'differential_evolution_v2', 'accepted_search': True, 'solver_message': 'Maximum number of iterations has been exceeded.'}, {'theta': array([-8.53184912e+03, -9.21117834e-01, -5.61300158e+03, -1.16686605e+00]), 'n_active': 4, 'beta1_train': -3806.6760543206246, 'beta0_train': -4084.38743863211, 'beta1_val': -3887.2287184499746, 'beta0_val': -4073.8480474523244, 'selected_score': -4084.38743863211, 'evaluations': 125, 'seconds': 0.09120310000434984, 'method': 'differential_evolution_v2', 'accepted_search': True, 'solver_message': 'Optimization terminated successfully.'}]",42,"[{'update_slot': 60, 'hour': 10, 'info': 'both', 'lp_status': 'optimal', 'lp_message': '', 'fallback': False}]",2402.1220915333356,10275.519710000002,0.17644340000697412,0.3197169000050053
"[{'theta': array([-6274.83004757]), 'n_active': 1, 'beta1_train': -4061.9912195832217, 'beta0_train': -4167.80382105747, 'beta1_val': -3803.6863464166654, 'beta0_val': -4168.799999999999, 'selected_score': -4167.80382105747, 'evaluations': 15, 'seconds': 0.022688800003379583, 'method': 'differential_evolution_v2', 'accepted_search': True, 'solver_message': 'Optimization terminated successfully.'}, {'theta': array([-6.13884411e+03, -1.22818954e+00]), 'n_active': 2, 'beta1_train': 1545.926664421388, 'beta0_train': -1899.5321717543247, 'beta1_val': 1625.355546550616, 'beta0_val': -2383.887591116565, 'selected_score': -1899.5321717543247, 'evaluations': 95, 'seconds': 0.05987340000865515, 'method': 'differential_evolution_v2', 'accepted_search': True, 'solver_message': 'Maximum number of iterations has been exceeded.'}, {'theta': array([-4.20431253e+03, -4.23164615e-01, -2.14954649e+02,  6.83073859e-01]), 'n_active': 4, 'beta1_train': -529.6308628369708, 'beta0_train': -801.7572720047687, 'beta1_val': -780.8121521739677, 'beta0_val': -797.7527518275189, 'selected_score': -801.802134279763, 'evaluations': 185, 'seconds': 0.12673350000113714, 'method': 'differential_evolution_v2', 'accepted_search': True, 'solver_message': 'Maximum number of iterations has been exceeded.'}]",42,"[{'update_slot': 60, 'hour': 10, 'info': 'both', 'lp_status': 'optimal', 'lp_message': '', 'fallback': False}]",10275.519710000002,1553.3347540740745,0.20929570001317188,0.34939409999060445
"[{'theta': array([-7749.48618599]), 'n_active': 1, 'beta1_train': -4535.796274767034, 'beta0_train': -4573.532041686239, 'beta1_val': -4576.8, 'beta0_val': -4576.8, 'selected_score': -4573.532041686239, 'evaluations': 20, 'seconds': 0.025296100007835776, 'method': 'differential_evolution_v2', 'accepted_search': True, 'solver_message': 'Optimization terminated successfully.'}, {'theta': array([-9.41198551e+03, -1.38751418e+00]), 'n_active': 2, 'beta1_train': -2488.465849371061, 'beta0_train': -2950.5506710753775, 'beta1_val': -2787.0686226918046, 'beta0_val': -3089.1547530412777, 'selected_score': -2950.5506710753775, 'evaluations': 95, 'seconds': 0.059908099996391684, 'method': 'differential_evolution_v2', 'accepted_search': True, 'solver_message': 'Maximum number of iterations has been exceeded.'}, {'theta': array([0., 0., 0., 0.]), 'n_active': 4, 'beta1_train': -1151.9578535183575, 'beta0_train': -1475.0110965716751, 'beta1_val': -408.01500370394945, 'beta0_val': -390.66977547737963, 'selected_score': -1151.9578535183575, 'evaluations': 185, 'seconds': 0.1238353999942774, 'method': 'differential_evolution_v2', 'accepted_search': False, 'solver_message': 'Maximum number of iterations has been exceeded.'}]",42,"[{'update_slot': 60, 'hour': 10, 'info': 'both', 'lp_status': 'optimal', 'lp_message': '', 'fallback': False}]",1553.3347540740745,3453.5468327777794,0.20903959999850485,0.34619939999538474
"[{'theta': array([-836.06408608]), 'n_active': 1, 'beta1_train': -4294.00391159991, 'beta0_train': -4338.003729709093, 'beta1_val': -4230.199410900001, 'beta0_val': -4340.400000000001, 'selected_score': -4338.003729709093, 'evaluations': 25, 'seconds': 0.03236310000647791, 'method': 'differential_evolution_v2', 'accepted_search': True, 'solver_message': 'Optimization terminated successfully.'}, {'theta': array([-4.51632144e+03,  1.42814691e+00]), 'n_active': 2, 'beta1_train': -1954.6567331929964, 'beta0_train': -2738.8756972171686, 'beta1_val': -2492.843683319365, 'beta0_val': -2548.767439429514, 'selected_score': -2738.8756972171686, 'evaluations': 55, 'seconds': 0.03746950000640936, 'method': 'differential_evolution_v2', 'accepted_search': True, 'solver_message': 'Optimization terminated successfully.'}, {'theta': array([-3.16350140e+02,  1.12152708e+00, -3.93322673e+03,  9.32246155e-01]), 'n_active': 4, 'beta1_train': -387.70991204373087, 'beta0_train': -775.2766448524653, 'beta1_val': -775.5802441660395, 'beta0_val': -786.4069409316962, 'selected_score': -787.9576683813103, 'evaluations': 185, 'seconds': 0.12774460000218824, 'method': 'differential_evolution_v2', 'accepted_search': True, 'solver_message': 'Maximum number of iterations has been exceeded.'}]",42,"[{'update_slot': 60, 'hour': 10, 'info': 'both', 'lp_status': 'optimal', 'lp_message': '', 'fallback': False}]",3453.5468327777794,1474.3033655555562,0.1975772000150755,0.33806679998815525
"[{'theta': array([-4787.52982]), 'n_active': 1, 'beta1_train': -3836.643977237077, 'beta0_train': -3859.340889205058, 'beta1_val': -3800.8228725999998, 'beta0_val': -3860.3999999999996, 'selected_score': -3859.340889205058, 'evaluations': 50, 'seconds': 0.0522684999887133, 'method': 'differential_evolution_v2', 'accepted_search': True, 'solver_message': 'Maximum number of iterations has been exceeded.'}, {'theta': array([-6.20204627e+03,  7.71099797e-01]), 'n_active': 2, 'beta1_train': 1810.9206361927584, 'beta0_train': 19.862563541105065, 'beta1_val': 1423.1024536570262, 'beta0_val': -2240.943774383882, 'selected_score': 19.862563541105065, 'evaluations': 45, 'seconds': 0.03328440000768751, 'method': 'differential_evolution_v2', 'accepted_search': True, 'solver_message': 'Optimization terminated successfully.'}, {'theta': array([-9.45445678e+03,  2.37520329e-01, -6.28677003e+03,  7.75719737e-01]), 'n_active': 4, 'beta1_train': -751.5408741608913, 'beta0_train': -994.7155433228273, 'beta1_val': -442.73522603276024, 'beta0_val': -770.9870705194287, 'selected_score': -994.7155433228273, 'evaluations': 185, 'seconds': 0.12741659999301191, 'method': 'differential_evolution_v2', 'accepted_search': True, 'solver_message': 'Maximum number of iterations has been exceeded.'}]",42,"[{'update_slot': 60, 'hour': 10, 'info': 'both', 'lp_status': 'optimal', 'lp_message': '', 'fallback': False}]",1474.3033655555562,2670.5474634079205,0.21296949998941272,0.3554740999970818
"[{'theta': array([-5317.10271791]), 'n_active': 1, 'beta1_train': -2047.8035043080522, 'beta0_train': -2384.150416935285, 'beta1_val': -2127.2590673925183, 'beta0_val': -2367.8889314370376, 'selected_score': -2384.150416935285, 'evaluations': 20, 'seconds': 0.027284099996904843, 'method': 'differential_evolution_v2', 'accepted_search': True, 'solver_message': 'Optimization terminated successfully.'}, {'theta': array([-8.63488925e+03, -2.81419538e-01]), 'n_active': 2, 'beta1_train': 2637.411843239758, 'beta0_train': -375.6468585611844, 'beta1_val': 3025.9442901338953, 'beta0_val': 283.7632276343952, 'selected_score': -375.6468585611844, 'evaluations': 95, 'seconds': 0.06127310000010766, 'method': 'differential_evolution_v2', 'accepted_search': True, 'solver_message': 'Maximum number of iterations has been exceeded.'}, {'theta': array([-2.28660413e+02,  1.57859926e+00, -2.45472270e+03, -1.53833310e+00]), 'n_active': 4, 'beta1_train': -360.86567204824587, 'beta0_train': -467.488925395429, 'beta1_val': -465.139753709792, 'beta0_val': -465.139753709792, 'selected_score': -471.64486774870755, 'evaluations': 185, 'seconds': 0.13011499999265652, 'method': 'differential_evolution_v2', 'accepted_search': True, 'solver_message': 'Maximum number of iterations has been exceeded.'}]",42,"[{'update_slot': 60, 'hour': 10, 'info': 'both', 'lp_status': 'optimal', 'lp_message': '', 'fallback': False}]",2670.5474634079205,1681.740186707076,0.21867219998966902,0.36073519999627024
"[{'theta': array([-1718.3737513]), 'n_active': 1, 'beta1_train': -1808.7421688807865, 'beta0_train': -1815.9915630986297, 'beta1_val': -1755.0906455706092, 'beta0_val': -1755.0906455706092, 'selected_score': -1815.9915630986297, 'evaluations': 50, 'seconds': 0.052934000006644055, 'method': 'differential_evolution_v2', 'accepted_search': True, 'solver_message': 'Maximum number of iterations has been exceeded.'}, {'theta': array([-1.71153958e+03,  2.36510016e-01]), 'n_active': 2, 'beta1_train': 25.2912972252336, 'beta0_train': -1704.1271172875822, 'beta1_val': 244.49053267272984, 'beta0_val': -1627.1396488390328, 'selected_score': -1704.1271172875822, 'evaluations': 45, 'seconds': 0.03374090000579599, 'method': 'differential_evolution_v2', 'accepted_search': True, 'solver_message': 'Optimization terminated successfully.'}, {'theta': array([-3.86964242e+02, -5.31709046e-02, -1.33107068e+03, -1.32961515e+00]), 'n_active': 4, 'beta1_train': -386.8027705753902, 'beta0_train': -513.2335627534729, 'beta1_val': -408.8641890385191, 'beta0_val': -408.8641890385191, 'selected_score': -514.5417185345138, 'evaluations': 185, 'seconds': 0.1268829999899026, 'method': 'differential_evolution_v2', 'accepted_search': True, 'solver_message': 'Maximum number of iterations has been exceeded.'}]",42,"[{'update_slot': 60, 'hour': 10, 'info': 'both', 'lp_status': 'optimal', 'lp_message': '', 'fallback': False}]",1681.740186707076,1885.4184910434028,0.21355790000234265,0.352516500002821
"[{'theta': array([-8676.72242644]), 'n_active': 1, 'beta1_train': -3224.248027453199, 'beta0_train': -3228.9820347516606, 'beta1_val': -3170.6908130176553, 'beta0_val': -3181.906249021606, 'selected_score': -3228.9820347516606, 'evaluations': 20, 'seconds': 0.02670570000191219, 'method': 'differential_evolution_v2', 'accepted_search': True, 'solver_message': 'Optimization terminated successfully.'}, {'theta': array([-5.32337291e+03, -9.51792928e-01]), 'n_active': 2, 'beta1_train': -2659.253760217392, 'beta0_train': -4354.344931514687, 'beta1_val': -2718.4486775978507, 'beta0_val': -4587.599999999999, 'selected_score': -4354.344931514687, 'evaluations': 55, 'seconds': 0.03870600000664126, 'method': 'differential_evolution_v2', 'accepted_search': True, 'solver_message': 'Optimization terminated successfully.'}, {'theta': array([-1.53186115e+03,  9.98290073e-01, -7.61416315e+03,  1.58871728e-01]), 'n_active': 4, 'beta1_train': -4238.252041680756, 'beta0_train': -4525.354120130704, 'beta1_val': -4232.093373117211, 'beta0_val': -4570.306802125682, 'selected_score': -4525.354120130704, 'evaluations': 185, 'seconds': 0.128041599993594, 'method': 'differential_evolution_v2', 'accepted_search': True, 'solver_message': 'Maximum number of iterations has been exceeded.'}]",42,"[{'update_slot': 60, 'hour': 10, 'info': 'both', 'lp_status': 'optimal', 'lp_message': '', 'fallback': False}]",1885.4184910434028,10648.04201814815,0.19345330000214744,0.3354189999954542
"[{'theta': array([-6947.33808878]), 'n_active': 1, 'beta1_train': -4009.6019277550536, 'beta0_train': -4197.823552269297, 'beta1_val': -4175.118312625001, 'beta0_val': -4202.400000000001, 'selected_score': -4197.823552269297, 'evaluations': 25, 'seconds': 0.0324067999899853, 'method': 'differential_evolution_v2', 'accepted_search': True, 'solver_message': 'Optimization terminated successfully.'}, {'theta': array([-5.66223616e+03,  5.56108760e-01]), 'n_active': 2, 'beta1_train': -2464.172594622912, 'beta0_train': -2674.4925380318314, 'beta1_val': -2672.7813230811826, 'beta0_val': -2672.7813230811917, 'selected_score': -2674.4925380318314, 'evaluations': 45, 'seconds': 0.033975600003032014, 'method': 'differential_evolution_v2', 'accepted_search': True, 'solver_message': 'Optimization terminated successfully.'}, {'theta': array([-3.57483203e+02, -1.99628439e+00, -9.22562047e+03,  1.82853961e+00]), 'n_active': 4, 'beta1_train': -357.4669374327508, 'beta0_train': -779.3405963496729, 'beta1_val': -712.1217839652163, 'beta0_val': -712.1217839652163, 'selected_score': -792.670066492089, 'evaluations': 185, 'seconds': 0.12768229999346659, 'method': 'differential_evolution_v2', 'accepted_search': True, 'solver_message': 'Maximum number of iterations has been exceeded.'}]",42,"[{'update_slot': 60, 'hour': 10, 'info': 'both', 'lp_status': 'optimal', 'lp_message': '', 'fallback': False}]",10648.04201814815,1949.7751345203496,0.1940646999864839,0.3332861000089906
"[{'theta': array([-4514.93438479]), 'n_active': 1, 'beta1_train': -4077.5956086676565, 'beta0_train': -4103.146095192212, 'beta1_val': -4105.2, 'beta0_val': -4105.2, 'selected_score': -4103.146095192212, 'evaluations': 20, 'seconds': 0.02807349999784492, 'method': 'differential_evolution_v2', 'accepted_search': True, 'solver_message': 'Optimization terminated successfully.'}, {'theta': array([-3.97305879e+03,  7.25784680e-01]), 'n_active': 2, 'beta1_train': 2046.1067639650246, 'beta0_train': -36.76992709816574, 'beta1_val': 1342.1411250676824, 'beta0_val': -2298.9770166624166, 'selected_score': -36.76992709816574, 'evaluations': 45, 'seconds': 0.03502389999630395, 'method': 'differential_evolution_v2', 'accepted_search': True, 'solver_message': 'Optimization terminated successfully.'}, {'theta': array([-5.57457579e+03,  1.84281702e+00, -7.38600649e+03,  3.46301910e-01]), 'n_active': 4, 'beta1_train': -596.787311843724, 'beta0_train': -811.6273599642724, 'beta1_val': -703.831604840902, 'beta0_val': -711.5235067624888, 'selected_score': -811.6273599642724, 'evaluations': 185, 'seconds': 0.126586700003827, 'method': 'differential_evolution_v2', 'accepted_search': True, 'solver_message': 'Maximum number of iterations has been exceeded.'}]",42,"[{'update_slot': 60, 'hour': 10, 'info': 'both', 'lp_status': 'optimal', 'lp_message': '', 'fallback': False}]",1949.7751345203496,1595.6886748148147,0.18968409999797586,0.3312403000018094
"[{'theta': array([-8666.81891982]), 'n_active': 1, 'beta1_train': -4489.467282055772, 'beta0_train': -4508.7065165763315, 'beta1_val': -4510.8, 'beta0_val': -4510.8, 'selected_score': -4508.7065165763315, 'evaluations': 20, 'seconds': 0.028283700012252666, 'method': 'differential_evolution_v2', 'accepted_search': True, 'solver_message': 'Optimization terminated successfully.'}, {'theta': array([-6.50106974e+03,  9.35333077e-01]), 'n_active': 2, 'beta1_train': -2824.7464037882114, 'beta0_train': -2963.776679317261, 'beta1_val': -3257.8920216695296, 'beta0_val': -3257.8920216695296, 'selected_score': -2963.776679317261, 'evaluations': 95, 'seconds': 0.06163389999710489, 'method': 'differential_evolution_v2', 'accepted_search': True, 'solver_message': 'Maximum number of iterations has been exceeded.'}, {'theta': array([-4.59019011e+03, -1.66422301e-01, -7.12039597e+03,  1.79977533e+00]), 'n_active': 4, 'beta1_train': -685.4105211352926, 'beta0_train': -900.6921887532761, 'beta1_val': -268.82767861066014, 'beta0_val': -558.3966597132129, 'selected_score': -900.6921887532761, 'evaluations': 185, 'seconds': 0.12772780000523198, 'method': 'differential_evolution_v2', 'accepted_search': True, 'solver_message': 'Maximum number of iterations has been exceeded.'}]",42,"[{'update_slot': 60, 'hour': 10, 'info': 'both', 'lp_status': 'optimal', 'lp_message': '', 'fallback': False}]",1595.6886748148147,1889.7172876599107,0.21764540001458954,0.35612189999665134
"[{'theta': array([-3973.08909556]), 'n_active': 1, 'beta1_train': -4642.777594313866, 'beta0_train': -4661.035787021981, 'beta1_val': -4663.2, 'beta0_val': -4663.2, 'selected_score': -4661.035787021981, 'evaluations': 20, 'seconds': 0.027642499990179203, 'method': 'differential_evolution_v2', 'accepted_search': True, 'solver_message': 'Optimization terminated successfully.'}, {'theta': array([-7.68048010e+03,  1.11753363e-01]), 'n_active': 2, 'beta1_train': -2438.6664280163086, 'beta0_train': -2501.6396199447045, 'beta1_val': -2574.797352823759, 'beta0_val': -2574.797352823759, 'selected_score': -2501.6396199447045, 'evaluations': 75, 'seconds': 0.048894299994572066, 'method': 'differential_evolution_v2', 'accepted_search': True, 'solver_message': 'Optimization terminated successfully.'}, {'theta': array([-7.84206107e+03, -9.46491901e-01, -2.48898998e+02, -1.92741693e+00]), 'n_active': 4, 'beta1_train': -411.4832423456463, 'beta0_train': -856.1869922181204, 'beta1_val': -763.0492845111291, 'beta0_val': -829.1068628286886, 'selected_score': -857.675453502968, 'evaluations': 185, 'seconds': 0.1270306999940658, 'method': 'differential_evolution_v2', 'accepted_search': True, 'solver_message': 'Maximum number of iterations has been exceeded.'}]",42,"[{'update_slot': 60, 'hour': 10, 'info': 'both', 'lp_status': 'optimal', 'lp_message': '', 'fallback': False}]",1889.7172876599107,1834.2019804444392,0.20356749997881707,0.33956410000973847
"[{'theta': array([-1386.65807132]), 'n_active': 1, 'beta1_train': -2531.5811462600127, 'beta0_train': -2586.1601260149555, 'beta1_val': -2589.6, 'beta0_val': -2589.6, 'selected_score': -2586.1601260149555, 'evaluations': 15, 'seconds': 0.022800299993832596, 'method': 'differential_evolution_v2', 'accepted_search': True, 'solver_message': 'Optimization terminated successfully.'}, {'theta': array([-3.08010335e+03, -1.21963423e-01]), 'n_active': 2, 'beta1_train': -1191.6001041820641, 'beta0_train': -1858.4210867292547, 'beta1_val': -1579.779670606395, 'beta0_val': -2149.2429284920813, 'selected_score': -1858.4210867292547, 'evaluations': 95, 'seconds': 0.05859050000435673, 'method': 'differential_evolution_v2', 'accepted_search': True, 'solver_message': 'Maximum number of iterations has been exceeded.'}, {'theta': array([-469.8794487 ,    0.81922264, -657.20665908,    1.29730745]), 'n_active': 4, 'beta1_train': 11.733812185870658, 'beta0_train': -430.494645956789, 'beta1_val': 64.66266252685091, 'beta0_val': -456.8508258038273, 'selected_score': -436.6508581156056, 'evaluations': 185, 'seconds': 0.12823760000173934, 'method': 'differential_evolution_v2', 'accepted_search': True, 'solver_message': 'Maximum number of iterations has been exceeded.'}]",42,"[{'update_slot': 60, 'hour': 10, 'info': 'both', 'lp_status': 'optimal', 'lp_message': '', 'fallback': False}]",1834.2019804444392,1817.4876829629632,0.20962839999992866,0.350758800006588
"[{'theta': array([-6926.471345]), 'n_active': 1, 'beta1_train': -2038.1460421277081, 'beta0_train': -2045.2246687472311, 'beta1_val': -2018.6808893786274, 'beta0_val': -2018.6808893786274, 'selected_score': -2045.2246687472311, 'evaluations': 20, 'seconds': 0.027079000006779097, 'method': 'differential_evolution_v2', 'accepted_search': True, 'solver_message': 'Optimization terminated successfully.'}, {'theta': array([-5.32928924e+03, -1.46592389e+00]), 'n_active': 2, 'beta1_train': -705.0640159716057, 'beta0_train': -2592.45346104544, 'beta1_val': -1131.7455261105765, 'beta0_val': -2722.347953492675, 'selected_score': -2592.45346104544, 'evaluations': 55, 'seconds': 0.03816579999693204, 'method': 'differential_evolution_v2', 'accepted_search': True, 'solver_message': 'Optimization terminated successfully.'}, {'theta': array([-2.32161350e+02, -9.41143832e-01, -1.74644460e+03, -1.17918642e+00]), 'n_active': 4, 'beta1_train': -479.4909918965505, 'beta0_train': -672.4744308898764, 'beta1_val': -537.3685633565108, 'beta0_val': -677.0549132874297, 'selected_score': -673.6420661510481, 'evaluations': 185, 'seconds': 0.12717150000389665, 'method': 'differential_evolution_v2', 'accepted_search': True, 'solver_message': 'Maximum number of iterations has been exceeded.'}]",42,"[{'update_slot': 60, 'hour': 10, 'info': 'both', 'lp_status': 'optimal', 'lp_message': '', 'fallback': False}]",1817.4876829629632,2490.4863065296245,0.1924163000076078,0.3325929999991786
"[{'theta': array([-8057.50906716]), 'n_active': 1, 'beta1_train': -2627.3879635173, 'beta0_train': -3289.002396169517, 'beta1_val': -2751.706959482825, 'beta0_val': -3317.027302834059, 'selected_score': -3289.002396169517, 'evaluations': 50, 'seconds': 0.05463820000295527, 'method': 'differential_evolution_v2', 'accepted_search': True, 'solver_message': 'Maximum number of iterations has been exceeded.'}, {'theta': array([-4.68741529e+03, -1.11087770e+00]), 'n_active': 2, 'beta1_train': -1716.8734451630805, 'beta0_train': -3455.568786749712, 'beta1_val': -1939.4611359677901, 'beta0_val': -3112.70958413852, 'selected_score': -3455.568786749712, 'evaluations': 55, 'seconds': 0.040080499995383434, 'method': 'differential_evolution_v2', 'accepted_search': True, 'solver_message': 'Optimization terminated successfully.'}, {'theta': array([-6.12924328e+03, -3.81809407e-02, -6.59917330e+03,  8.35045472e-01]), 'n_active': 4, 'beta1_train': -3119.273359959388, 'beta0_train': -3390.542136585298, 'beta1_val': -3322.3554845918525, 'beta0_val': -3322.3554845918525, 'selected_score': -3390.542136585298, 'evaluations': 185, 'seconds': 0.12733550000120886, 'method': 'differential_evolution_v2', 'accepted_search': True, 'solver_message': 'Maximum number of iterations has been exceeded.'}]",42,"[{'update_slot': 60, 'hour': 10, 'info': 'both', 'lp_status': 'optimal', 'lp_message': '', 'fallback': False}]",2490.4863065296245,8338.299096296296,0.22205419999954756,0.3647443999943789
"[{'theta': array([-3931.7956092]), 'n_active': 1, 'beta1_train': -2681.6262203250158, 'beta0_train': -3555.6253268301493, 'beta1_val': -2671.2101728381667, 'beta0_val': -3469.1960678946502, 'selected_score': -3555.6253268301493, 'evaluations': 20, 'seconds': 0.028442000009818003, 'method': 'differential_evolution_v2', 'accepted_search': True, 'solver_message': 'Optimization terminated successfully.'}, {'theta': array([-8.72343648e+03, -1.10625312e+00]), 'n_active': 2, 'beta1_train': -2023.9655823338203, 'beta0_train': -2276.0331537274956, 'beta1_val': -2187.8413101337487, 'beta0_val': -2187.8413101337487, 'selected_score': -2276.0331537274956, 'evaluations': 95, 'seconds': 0.058527900007902645, 'method': 'differential_evolution_v2', 'accepted_search': True, 'solver_message': 'Maximum number of iterations has been exceeded.'}, {'theta': array([-6.10782499e+03, -2.02623321e-01, -1.93112132e+02, -1.52426874e+00]), 'n_active': 4, 'beta1_train': -803.0984254156017, 'beta0_train': -869.5968734485909, 'beta1_val': -829.6537684283123, 'beta0_val': -829.6537684283123, 'selected_score': -869.893424443482, 'evaluations': 185, 'seconds': 0.1253527000080794, 'method': 'differential_evolution_v2', 'accepted_search': True, 'solver_message': 'Maximum number of iterations has been exceeded.'}]",42,"[{'update_slot': 60, 'hour': 10, 'info': 'both', 'lp_status': 'optimal', 'lp_message': '', 'fallback': False}]",8338.299096296296,2493.451567478762,0.21232260002580006,0.3577499999955762
"[{'theta': array([-6654.99239872]), 'n_active': 1, 'beta1_train': -3274.453920651654, 'beta0_train': -4082.63955060066, 'beta1_val': -3681.8901886577496, 'beta0_val': -4109.040577143003, 'selected_score': -4082.63955060066, 'evaluations': 20, 'seconds': 0.026724900002591312, 'method': 'differential_evolution_v2', 'accepted_search': True, 'solver_message': 'Optimization terminated successfully.'}, {'theta': array([-6.74059858e+03, -6.40755452e-01]), 'n_active': 2, 'beta1_train': 1952.8974708710903, 'beta0_train': -1715.6592475394432, 'beta1_val': 1457.1100271171686, 'beta0_val': -2480.890608691119, 'selected_score': -1715.6592475394432, 'evaluations': 55, 'seconds': 0.037851500004762784, 'method': 'differential_evolution_v2', 'accepted_search': True, 'solver_message': 'Optimization terminated successfully.'}, {'theta': array([-5.97395073e+03,  4.74904849e-01, -1.97071348e+02,  5.58395605e-01]), 'n_active': 4, 'beta1_train': -680.2030405889673, 'beta0_train': -773.4343924761049, 'beta1_val': -729.0941091229422, 'beta0_val': -729.0941091229422, 'selected_score': -773.7266666550603, 'evaluations': 185, 'seconds': 0.1295555999968201, 'method': 'differential_evolution_v2', 'accepted_search': True, 'solver_message': 'Maximum number of iterations has been exceeded.'}]",42,"[{'update_slot': 60, 'hour': 10, 'info': 'both', 'lp_status': 'optimal', 'lp_message': '', 'fallback': False}]",2493.451567478762,2381.3900290740776,0.1941320000041742,0.34010509999643546
"[{'theta': array([-3503.06729991]), 'n_active': 1, 'beta1_train': -4159.197441012413, 'beta0_train': -4184.542200617284, 'beta1_val': -4186.8, 'beta0_val': -4186.8, 'selected_score': -4184.542200617284, 'evaluations': 25, 'seconds': 0.03114399999321904, 'method': 'differential_evolution_v2', 'accepted_search': True, 'solver_message': 'Optimization terminated successfully.'}, {'theta': array([-3.30418536e+03,  1.96514973e+00]), 'n_active': 2, 'beta1_train': 1850.7671129687874, 'beta0_train': -2141.139370830129, 'beta1_val': 574.8480754832135, 'beta0_val': -2787.592744883666, 'selected_score': -2141.139370830129, 'evaluations': 45, 'seconds': 0.032487899996340275, 'method': 'differential_evolution_v2', 'accepted_search': True, 'solver_message': 'Optimization terminated successfully.'}, {'theta': array([-8.62388295e+03, -8.16794365e-01, -8.04032991e+03, -2.04653407e-01]), 'n_active': 4, 'beta1_train': -816.5301401119692, 'beta0_train': -966.4112015968985, 'beta1_val': -1128.401460296065, 'beta0_val': -1128.401460296065, 'selected_score': -966.4112015968985, 'evaluations': 185, 'seconds': 0.1280438999965554, 'method': 'differential_evolution_v2', 'accepted_search': True, 'solver_message': 'Maximum number of iterations has been exceeded.'}]",42,"[{'update_slot': 60, 'hour': 10, 'info': 'both', 'lp_status': 'optimal', 'lp_message': '', 'fallback': False}]",2381.3900290740776,2681.1032915722567,0.19167579998611473,0.3303863999899477
"[{'theta': array([-7110.04200847]), 'n_active': 1, 'beta1_train': -3939.4464580374656, 'beta0_train': -4078.707792371165, 'beta1_val': -4030.14522624, 'beta0_val': -4096.584765084444, 'selected_score': -4078.707792371165, 'evaluations': 15, 'seconds': 0.021888599992962554, 'method': 'differential_evolution_v2', 'accepted_search': True, 'solver_message': 'Optimization terminated successfully.'}, {'theta': array([-5.16158223e+03, -1.38455504e+00]), 'n_active': 2, 'beta1_train': -2329.735500588334, 'beta0_train': -2610.981038190808, 'beta1_val': -2604.1132301325397, 'beta0_val': -2604.1132301325397, 'selected_score': -2610.981038190808, 'evaluations': 95, 'seconds': 0.05893579999974463, 'method': 'differential_evolution_v2', 'accepted_search': True, 'solver_message': 'Maximum number of iterations has been exceeded.'}, {'theta': array([-2.41051626e+03, -9.14966479e-01, -2.75434167e+02, -8.59993438e-01]), 'n_active': 4, 'beta1_train': -489.24557320812244, 'beta0_train': -925.5218779490106, 'beta1_val': -416.3414365566896, 'beta0_val': -1090.4334134044454, 'selected_score': -926.9737488533995, 'evaluations': 185, 'seconds': 0.12696130000404082, 'method': 'differential_evolution_v2', 'accepted_search': True, 'solver_message': 'Maximum number of iterations has been exceeded.'}]",42,"[{'update_slot': 60, 'hour': 10, 'info': 'both', 'lp_status': 'optimal', 'lp_message': '', 'fallback': False}]",2681.1032915722567,2460.34757425926,0.207785699996748,0.35002659999008756
"[{'theta': array([-5709.74851609]), 'n_active': 1, 'beta1_train': -2725.6520856189227, 'beta0_train': -2851.2063563633747, 'beta1_val': -2518.8527303622022, 'beta0_val': -2781.688424836173, 'selected_score': -2851.2063563633747, 'evaluations': 20, 'seconds': 0.027563900002860464, 'method': 'differential_evolution_v2', 'accepted_search': True, 'solver_message': 'Optimization terminated successfully.'}, {'theta': array([-1.79832537e+03,  1.66513987e+00]), 'n_active': 2, 'beta1_train': -1672.0113111247792, 'beta0_train': -1888.928555175664, 'beta1_val': -2257.5572166444413, 'beta0_val': -2257.5572166444413, 'selected_score': -1888.928555175664, 'evaluations': 95, 'seconds': 0.057299499996588565, 'method': 'differential_evolution_v2', 'accepted_search': True, 'solver_message': 'Maximum number of iterations has been exceeded.'}, {'theta': array([-2.57074665e+03, -8.89784712e-01, -3.03027672e+02,  2.11524446e-01]), 'n_active': 4, 'beta1_train': 21.79493882878255, 'beta0_train': -418.0072741200298, 'beta1_val': -410.49615082337067, 'beta0_val': -467.92166792310655, 'selected_score': -420.80514433109244, 'evaluations': 185, 'seconds': 0.12562969999271445, 'method': 'differential_evolution_v2', 'accepted_search': True, 'solver_message': 'Maximum number of iterations has been exceeded.'}]",42,"[{'update_slot': 60, 'hour': 10, 'info': 'both', 'lp_status': 'optimal', 'lp_message': '', 'fallback': False}]",2460.34757425926,1866.303987592594,0.21049309999216348,0.35534460000053514
"[{'theta': array([-5766.18978614]), 'n_active': 1, 'beta1_train': -2236.707698533663, 'beta0_train': -2247.338223416528, 'beta1_val': -2255.973808648561, 'beta0_val': -2255.973808648561, 'selected_score': -2247.338223416528, 'evaluations': 25, 'seconds': 0.030968799997936003, 'method': 'differential_evolution_v2', 'accepted_search': True, 'solver_message': 'Optimization terminated successfully.'}, {'theta': array([-5.45250428e+03, -9.02360129e-01]), 'n_active': 2, 'beta1_train': -331.09550566951077, 'beta0_train': -2083.855737082579, 'beta1_val': -716.8511939047835, 'beta0_val': -2118.354130550309, 'selected_score': -2083.855737082579, 'evaluations': 95, 'seconds': 0.05819520000659395, 'method': 'differential_evolution_v2', 'accepted_search': True, 'solver_message': 'Maximum number of iterations has been exceeded.'}, {'theta': array([-3.12072963e+03,  9.85896210e-02, -2.29337682e+03, -4.14414436e-01]), 'n_active': 4, 'beta1_train': -184.59354103045143, 'beta0_train': -501.40282635949035, 'beta1_val': -239.13705201475017, 'beta0_val': -494.9550822990963, 'selected_score': -501.40282635949035, 'evaluations': 105, 'seconds': 0.08136070000182372, 'method': 'differential_evolution_v2', 'accepted_search': True, 'solver_message': 'Optimization terminated successfully.'}]",42,"[{'update_slot': 60, 'hour': 10, 'info': 'both', 'lp_status': 'optimal', 'lp_message': '', 'fallback': False}]",1866.303987592594,1960.607579741839,0.17052470000635367,0.30837090000568423
"[{'theta': array([-4374.06278295]), 'n_active': 1, 'beta1_train': -3984.4001852366982, 'beta0_train': -3993.540792449046, 'beta1_val': -3883.794789721209, 'beta0_val': -3883.794789721209, 'selected_score': -3993.540792449046, 'evaluations': 50, 'seconds': 0.05688769998960197, 'method': 'differential_evolution_v2', 'accepted_search': True, 'solver_message': 'Maximum number of iterations has been exceeded.'}, {'theta': array([-5.40488825e+03, -1.56515988e+00]), 'n_active': 2, 'beta1_train': -1812.5289117928571, 'beta0_train': -3388.8696188623294, 'beta1_val': -2429.9313514783144, 'beta0_val': -3903.840882241546, 'selected_score': -3388.8696188623294, 'evaluations': 95, 'seconds': 0.06217309999919962, 'method': 'differential_evolution_v2', 'accepted_search': True, 'solver_message': 'Maximum number of iterations has been exceeded.'}, {'theta': array([-8.22600009e+02, -2.00492133e-01, -5.02923241e+03, -1.06669083e+00]), 'n_active': 4, 'beta1_train': -2265.004923080457, 'beta0_train': -2539.0900430584516, 'beta1_val': -2580.2516330135013, 'beta0_val': -2615.0790345827313, 'selected_score': -2539.0900430584516, 'evaluations': 185, 'seconds': 0.12943639999139123, 'method': 'differential_evolution_v2', 'accepted_search': True, 'solver_message': 'Optimization terminated successfully.'}]",42,"[{'update_slot': 60, 'hour': 10, 'info': 'both', 'lp_status': 'optimal', 'lp_message': '', 'fallback': False}]",1960.607579741839,6355.392481481482,0.24849719998019282,0.3949927000066964
"[{'theta': array([-228.03118864]), 'n_active': 1, 'beta1_train': -4329.090881648382, 'beta0_train': -4346.012287433504, 'beta1_val': -4320.8051375000005, 'beta0_val': -4343.585626543209, 'selected_score': -4346.012287433504, 'evaluations': 30, 'seconds': 0.03491609999036882, 'method': 'differential_evolution_v2', 'accepted_search': True, 'solver_message': 'Optimization terminated successfully.'}, {'theta': array([-6.14831072e+03,  1.51547259e+00]), 'n_active': 2, 'beta1_train': -2165.8617882167678, 'beta0_train': -2643.197506915961, 'beta1_val': -2815.3632164914707, 'beta0_val': -2868.092008129946, 'selected_score': -2643.197506915961, 'evaluations': 95, 'seconds': 0.06063620001077652, 'method': 'differential_evolution_v2', 'accepted_search': True, 'solver_message': 'Maximum number of iterations has been exceeded.'}, {'theta': array([-7.19515225e+03,  1.36671317e+00, -1.69761838e+02, -1.91042575e-01]), 'n_active': 4, 'beta1_train': -621.8863051426183, 'beta0_train': -719.6057860712981, 'beta1_val': -752.995490037744, 'beta0_val': -752.995490037744, 'selected_score': -720.1414961723791, 'evaluations': 185, 'seconds': 0.12962260001222603, 'method': 'differential_evolution_v2', 'accepted_search': True, 'solver_message': 'Maximum number of iterations has been exceeded.'}]",42,"[{'update_slot': 60, 'hour': 10, 'info': 'both', 'lp_status': 'optimal', 'lp_message': '', 'fallback': False}]",6355.392481481482,1937.0345633812983,0.22517490001337137,0.3707694999902742
"[{'theta': array([-4342.31359694]), 'n_active': 1, 'beta1_train': -3876.8167403771154, 'beta0_train': -3906.810287819934, 'beta1_val': -3836.3224435583334, 'beta0_val': -3908.3999999999996, 'selected_score': -3906.810287819934, 'evaluations': 20, 'seconds': 0.027920399996219203, 'method': 'differential_evolution_v2', 'accepted_search': True, 'solver_message': 'Optimization terminated successfully.'}, {'theta': array([-8.53690692e+03, -1.24773812e+00]), 'n_active': 2, 'beta1_train': -2358.811771092656, 'beta0_train': -2590.983072008551, 'beta1_val': -2864.8331780728568, 'beta0_val': -2864.8331780728568, 'selected_score': -2590.983072008551, 'evaluations': 25, 'seconds': 0.02407540001149755, 'method': 'differential_evolution_v2', 'accepted_search': True, 'solver_message': 'Optimization terminated successfully.'}, {'theta': array([-6.67474513e+03, -1.39930296e-01, -7.40464411e+03,  7.07306380e-01]), 'n_active': 4, 'beta1_train': -75.01726770134675, 'beta0_train': -580.1240622784426, 'beta1_val': -396.35395901405144, 'beta0_val': -665.6294248027361, 'selected_score': -580.1240622784426, 'evaluations': 105, 'seconds': 0.08202319999691099, 'method': 'differential_evolution_v2', 'accepted_search': True, 'solver_message': 'Optimization terminated successfully.'}]",42,"[{'update_slot': 60, 'hour': 10, 'info': 'both', 'lp_status': 'optimal', 'lp_message': '', 'fallback': False}]",1937.0345633812983,1361.987159629628,0.13401900000462774,0.2723556999990251
"[{'theta': array([-9353.55493744]), 'n_active': 1, 'beta1_train': -4491.898985907479, 'beta0_train': -4512.340911798656, 'beta1_val': -4438.946869166666, 'beta0_val': -4501.066518724279, 'selected_score': -4512.340911798656, 'evaluations': 15, 'seconds': 0.02328180000768043, 'method': 'differential_evolution_v2', 'accepted_search': True, 'solver_message': 'Optimization terminated successfully.'}, {'theta': array([-1.34103022e+03,  9.95617315e-02]), 'n_active': 2, 'beta1_train': -2648.798800412222, 'beta0_train': -2884.1749321724565, 'beta1_val': -2726.319670510844, 'beta0_val': -2923.0981213591012, 'selected_score': -2884.1749321724565, 'evaluations': 55, 'seconds': 0.03801459999522194, 'method': 'differential_evolution_v2', 'accepted_search': True, 'solver_message': 'Optimization terminated successfully.'}, {'theta': array([-2.55941050e+03,  1.56255602e-01, -6.58443497e+03, -1.94258288e+00]), 'n_active': 4, 'beta1_train': -270.63358624335933, 'beta0_train': -672.1881291496642, 'beta1_val': -37.99655118028454, 'beta0_val': -457.2457756851394, 'selected_score': -672.1881291496642, 'evaluations': 185, 'seconds': 0.12433749999036081, 'method': 'differential_evolution_v2', 'accepted_search': True, 'solver_message': 'Maximum number of iterations has been exceeded.'}]",42,"[{'update_slot': 60, 'hour': 10, 'info': 'both', 'lp_status': 'optimal', 'lp_message': '', 'fallback': False}]",1361.987159629628,1691.3709056278972,0.18563389999326319,0.3207519000134198
"[{'theta': array([-9181.99964903]), 'n_active': 1, 'beta1_train': -4375.238368904831, 'beta0_train': -4388.476605179163, 'beta1_val': -4389.6, 'beta0_val': -4389.6, 'selected_score': -4388.476605179163, 'evaluations': 20, 'seconds': 0.02658750000409782, 'method': 'differential_evolution_v2', 'accepted_search': True, 'solver_message': 'Optimization terminated successfully.'}, {'theta': array([-8.36522099e+03, -4.38159287e-01]), 'n_active': 2, 'beta1_train': -1658.2204350570873, 'beta0_train': -2057.2727285169212, 'beta1_val': -2449.434616937868, 'beta0_val': -2745.3726767028033, 'selected_score': -2057.2727285169212, 'evaluations': 35, 'seconds': 0.028749100005370565, 'method': 'differential_evolution_v2', 'accepted_search': True, 'solver_message': 'Optimization terminated successfully.'}, {'theta': array([-8.83929940e+02, -3.06223660e-01, -4.75082933e+03, -7.14752701e-01]), 'n_active': 4, 'beta1_train': -466.89232276152626, 'beta0_train': -722.9708167694157, 'beta1_val': -708.7132572667877, 'beta0_val': -708.7132572667877, 'selected_score': -722.9708167694157, 'evaluations': 185, 'seconds': 0.13982850000320468, 'method': 'differential_evolution_v2', 'accepted_search': True, 'solver_message': 'Maximum number of iterations has been exceeded.'}]",42,"[{'update_slot': 60, 'hour': 10, 'info': 'both', 'lp_status': 'optimal', 'lp_message': '', 'fallback': False}]",1691.3709056278972,2174.299117831937,0.19516510001267307,0.33351710000715684
"[{'theta': array([-4650.38489687]), 'n_active': 1, 'beta1_train': -2997.278435486096, 'beta0_train': -3027.4329790023085, 'beta1_val': -3028.8, 'beta0_val': -3028.8, 'selected_score': -3027.4329790023085, 'evaluations': 20, 'seconds': 0.02810690000478644, 'method': 'differential_evolution_v2', 'accepted_search': True, 'solver_message': 'Optimization terminated successfully.'}, {'theta': array([-5.39717566e+03,  1.39537108e+00]), 'n_active': 2, 'beta1_train': -1496.9534497648642, 'beta0_train': -1814.7984607945875, 'beta1_val': -1764.2679640261088, 'beta0_val': -1986.9452993121351, 'selected_score': -1814.7984607945875, 'evaluations': 95, 'seconds': 0.05975880000914913, 'method': 'differential_evolution_v2', 'accepted_search': True, 'solver_message': 'Maximum number of iterations has been exceeded.'}, {'theta': array([-1.32365118e+03, -7.19383485e-01, -1.66252650e+03,  6.22429860e-01]), 'n_active': 4, 'beta1_train': -6.278872834128001, 'beta0_train': -463.9645352557127, 'beta1_val': -280.73213762004883, 'beta0_val': -596.2192581881794, 'selected_score': -463.9645352557127, 'evaluations': 145, 'seconds': 0.10886310000205413, 'method': 'differential_evolution_v2', 'accepted_search': True, 'solver_message': 'Optimization terminated successfully.'}]",42,"[{'update_slot': 60, 'hour': 10, 'info': 'both', 'lp_status': 'optimal', 'lp_message': '', 'fallback': False}]",2174.299117831937,2013.8101820389086,0.1967288000159897,0.3387819000054151
"[{'theta': array([-2218.02221524]), 'n_active': 1, 'beta1_train': -2314.9588552711525, 'beta0_train': -2323.085493991623, 'beta1_val': -2348.3565218839817, 'beta0_val': -2348.3565218839817, 'selected_score': -2323.085493991623, 'evaluations': 35, 'seconds': 0.039500900005805306, 'method': 'differential_evolution_v2', 'accepted_search': True, 'solver_message': 'Optimization terminated successfully.'}, {'theta': array([-7.53000780e+03, -1.33894615e-02]), 'n_active': 2, 'beta1_train': -213.71263765944153, 'beta0_train': -2001.7046078623432, 'beta1_val': -700.3393855886852, 'beta0_val': -2291.067418963025, 'selected_score': -2001.7046078623432, 'evaluations': 45, 'seconds': 0.03371570000308566, 'method': 'differential_evolution_v2', 'accepted_search': True, 'solver_message': 'Optimization terminated successfully.'}, {'theta': array([-1346.52349761,     1.7025542 ,  -922.79798409,     1.48006915]), 'n_active': 4, 'beta1_train': -220.36389174681204, 'beta0_train': -442.6803813389511, 'beta1_val': -521.8930911125267, 'beta0_val': -547.1709314230303, 'selected_score': -442.6803813389511, 'evaluations': 185, 'seconds': 0.12961950000317302, 'method': 'differential_evolution_v2', 'accepted_search': True, 'solver_message': 'Maximum number of iterations has been exceeded.'}]",42,"[{'update_slot': 60, 'hour': 10, 'info': 'both', 'lp_status': 'optimal', 'lp_message': '', 'fallback': False}]",2013.8101820389086,1815.0467878145091,0.20283610001206398,0.3493441000027815
"[{'theta': array([-3451.89732368]), 'n_active': 1, 'beta1_train': -3969.2869455318646, 'beta0_train': -3985.0765088075877, 'beta1_val': -3972.2221141975306, 'beta0_val': -3972.2221141975306, 'selected_score': -3985.0765088075877, 'evaluations': 50, 'seconds': 0.05261630000313744, 'method': 'differential_evolution_v2', 'accepted_search': True, 'solver_message': 'Maximum number of iterations has been exceeded.'}, {'theta': array([-1.48636209e+03,  1.09280797e+00]), 'n_active': 2, 'beta1_train': -1218.2265465369285, 'beta0_train': -3056.7625401656414, 'beta1_val': -1460.9412107524095, 'beta0_val': -3270.853001859623, 'selected_score': -3056.7625401656414, 'evaluations': 55, 'seconds': 0.038768999991589226, 'method': 'differential_evolution_v2', 'accepted_search': True, 'solver_message': 'Optimization terminated successfully.'}, {'theta': array([-3.91396354e+03,  1.30619330e+00, -4.10722794e+02, -1.52182448e+00]), 'n_active': 4, 'beta1_train': -3263.122830483894, 'beta0_train': -3508.4383237288466, 'beta1_val': -2854.494795527517, 'beta0_val': -3150.369594646536, 'selected_score': -3508.4383237288466, 'evaluations': 185, 'seconds': 0.1267292999982601, 'method': 'differential_evolution_v2', 'accepted_search': True, 'solver_message': 'Maximum number of iterations has been exceeded.'}]",42,"[{'update_slot': 60, 'hour': 10, 'info': 'both', 'lp_status': 'optimal', 'lp_message': '', 'fallback': False}]",1815.0467878145091,9202.073360606428,0.21811459999298677,0.3643286000005901
"[{'theta': array([-6582.75498432]), 'n_active': 1, 'beta1_train': -2844.316450846918, 'beta0_train': -4290.398642277138, 'beta1_val': -2903.7247135968346, 'beta0_val': -4326.0, 'selected_score': -4290.398642277138, 'evaluations': 30, 'seconds': 0.036813500002608635, 'method': 'differential_evolution_v2', 'accepted_search': True, 'solver_message': 'Optimization terminated successfully.'}, {'theta': array([-9.94822048e+02,  2.72372392e-01]), 'n_active': 2, 'beta1_train': -1978.617735686688, 'beta0_train': -2664.0488740228134, 'beta1_val': -2688.8005938113033, 'beta0_val': -2709.6237969115405, 'selected_score': -2664.0488740228134, 'evaluations': 35, 'seconds': 0.028977699999813922, 'method': 'differential_evolution_v2', 'accepted_search': True, 'solver_message': 'Optimization terminated successfully.'}, {'theta': array([-7.96803482e+03,  7.86755339e-01, -1.26204510e+03,  2.22764329e-01]), 'n_active': 4, 'beta1_train': -1284.515766593293, 'beta0_train': -1341.603097652928, 'beta1_val': -1360.5611731746922, 'beta0_val': -1360.5611731746922, 'selected_score': -1341.603097652928, 'evaluations': 185, 'seconds': 0.12984290000167675, 'method': 'differential_evolution_v2', 'accepted_search': True, 'solver_message': 'Maximum number of iterations has been exceeded.'}]",42,"[{'update_slot': 60, 'hour': 10, 'info': 'both', 'lp_status': 'optimal', 'lp_message': '', 'fallback': False}]",9202.073360606428,3373.647679444445,0.1956341000040993,0.33673280000220984
"[{'theta': array([-8450.84309891]), 'n_active': 1, 'beta1_train': -4120.457515214297, 'beta0_train': -4141.306485536485, 'beta1_val': -4106.345173984917, 'beta0_val': -4142.4, 'selected_score': -4141.306485536485, 'evaluations': 15, 'seconds': 0.02301649999571964, 'method': 'differential_evolution_v2', 'accepted_search': True, 'solver_message': 'Optimization terminated successfully.'}, {'theta': array([-5.04030514e+03,  6.08318413e-01]), 'n_active': 2, 'beta1_train': -2453.9423373946543, 'beta0_train': -2501.4146659123885, 'beta1_val': -2530.1931445153346, 'beta0_val': -2530.1931445153346, 'selected_score': -2501.4146659123885, 'evaluations': 95, 'seconds': 0.06239289999939501, 'method': 'differential_evolution_v2', 'accepted_search': True, 'solver_message': 'Maximum number of iterations has been exceeded.'}, {'theta': array([-2.55714153e+03,  3.44658960e-01, -2.31167332e+02,  1.36752501e+00]), 'n_active': 4, 'beta1_train': -293.9095891772652, 'beta0_train': -595.3529265549428, 'beta1_val': -652.34097625928, 'beta0_val': -652.34097625928, 'selected_score': -595.4246249473458, 'evaluations': 185, 'seconds': 0.12712189999001566, 'method': 'differential_evolution_v2', 'accepted_search': True, 'solver_message': 'Maximum number of iterations has been exceeded.'}]",42,"[{'update_slot': 60, 'hour': 10, 'info': 'both', 'lp_status': 'optimal', 'lp_message': '', 'fallback': False}]",3373.647679444445,1777.334602060396,0.21253129998513032,0.3520672000013292
"[{'theta': array([-3853.82679125]), 'n_active': 1, 'beta1_train': -3567.294126252467, 'beta0_train': -3578.834893285155, 'beta1_val': -831.1654580757754, 'beta0_val': -3077.6850384976865, 'selected_score': -3578.834893285155, 'evaluations': 35, 'seconds': 0.040793599997414276, 'method': 'differential_evolution_v2', 'accepted_search': True, 'solver_message': 'Optimization terminated successfully.'}, {'theta': array([0., 0.]), 'n_active': 2, 'beta1_train': -2334.066375680156, 'beta0_train': -2372.6381668147283, 'beta1_val': 14441.871737842981, 'beta0_val': 16050.187597191461, 'selected_score': -2334.066375680156, 'evaluations': 95, 'seconds': 0.06305680000514258, 'method': 'differential_evolution_v2', 'accepted_search': False, 'solver_message': 'Maximum number of iterations has been exceeded.'}, {'theta': array([-6.34576866e+03, -2.59628084e-01, -5.11333192e+03, -6.02499738e-01]), 'n_active': 4, 'beta1_train': -243.3750202398103, 'beta0_train': -526.1268473048109, 'beta1_val': -283.0368585544962, 'beta0_val': -593.0083120210572, 'selected_score': -526.1268473048109, 'evaluations': 185, 'seconds': 0.12987670001166407, 'method': 'differential_evolution_v2', 'accepted_search': True, 'solver_message': 'Maximum number of iterations has been exceeded.'}]",42,"[{'update_slot': 60, 'hour': 10, 'info': 'both', 'lp_status': 'optimal', 'lp_message': '', 'fallback': False}]",1777.334602060396,1426.517565185185,0.23372710001422092,0.3837992999906419
"[{'theta': array([-1739.77376932]), 'n_active': 1, 'beta1_train': -4175.294131287976, 'beta0_train': -4204.292601036034, 'beta1_val': -2801.1731790420154, 'beta0_val': -3860.8565132903705, 'selected_score': -4204.292601036034, 'evaluations': 20, 'seconds': 0.027640900007099845, 'method': 'differential_evolution_v2', 'accepted_search': True, 'solver_message': 'Optimization terminated successfully.'}, {'theta': array([-143.44244705,   -1.39295225]), 'n_active': 2, 'beta1_train': -2297.69500591181, 'beta0_train': -2306.6935656457717, 'beta1_val': 9809.534017972244, 'beta0_val': 9814.558720589856, 'selected_score': -2335.3250067482622, 'evaluations': 95, 'seconds': 0.05920600000536069, 'method': 'differential_evolution_v2', 'accepted_search': True, 'solver_message': 'Maximum number of iterations has been exceeded.'}, {'theta': array([-2.79581210e+03,  4.86539012e-01, -6.26774496e+03, -9.45782102e-01]), 'n_active': 4, 'beta1_train': -701.8027399746661, 'beta0_train': -743.2175404771606, 'beta1_val': -337.19922936720775, 'beta0_val': -578.6755749374857, 'selected_score': -743.2175404771606, 'evaluations': 145, 'seconds': 0.10449300000618678, 'method': 'differential_evolution_v2', 'accepted_search': True, 'solver_message': 'Optimization terminated successfully.'}]",42,"[{'update_slot': 60, 'hour': 10, 'info': 'both', 'lp_status': 'optimal', 'lp_message': '', 'fallback': False}]",1426.517565185185,1573.70996738839,0.1913399000186473,0.33716090000234544
"[{'theta': array([-9368.73814481]), 'n_active': 1, 'beta1_train': -2819.411578900383, 'beta0_train': -2880.8877940066286, 'beta1_val': -1862.6966958643025, 'beta0_val': -2714.0408608732514, 'selected_score': -2880.8877940066286, 'evaluations': 20, 'seconds': 0.026731599995400757, 'method': 'differential_evolution_v2', 'accepted_search': True, 'solver_message': 'Optimization terminated successfully.'}, {'theta': array([0., 0.]), 'n_active': 2, 'beta1_train': -1378.4871474446404, 'beta0_train': -1346.6105677279515, 'beta1_val': 1937.4550730719047, 'beta0_val': 2208.0169337418556, 'selected_score': -1378.4871474446404, 'evaluations': 95, 'seconds': 0.05769499999587424, 'method': 'differential_evolution_v2', 'accepted_search': True, 'solver_message': 'Maximum number of iterations has been exceeded.'}, {'theta': array([-6.28818083e+03, -1.27439379e+00, -6.88338148e+03,  2.47732202e-01]), 'n_active': 4, 'beta1_train': -191.9012766009911, 'beta0_train': -431.2200618004516, 'beta1_val': -208.2851901439592, 'beta0_val': -412.88301548029784, 'selected_score': -431.2200618004516, 'evaluations': 105, 'seconds': 0.08164649999525864, 'method': 'differential_evolution_v2', 'accepted_search': True, 'solver_message': 'Optimization terminated successfully.'}]",42,"[{'update_slot': 60, 'hour': 10, 'info': 'both', 'lp_status': 'optimal', 'lp_message': '', 'fallback': False}]",1573.70996738839,1351.6931277436333,0.16607309998653363,0.3050128000031691
"[{'theta': array([-2239.12340529]), 'n_active': 1, 'beta1_train': -3077.439815951819, 'beta0_train': -3109.2218541289253, 'beta1_val': -2334.1624179722276, 'beta0_val': -2975.8843079170374, 'selected_score': -3109.2218541289253, 'evaluations': 20, 'seconds': 0.02921809999679681, 'method': 'differential_evolution_v2', 'accepted_search': True, 'solver_message': 'Optimization terminated successfully.'}, {'theta': array([-3.34547259e+03,  1.25641659e+00]), 'n_active': 2, 'beta1_train': -500.2295866419676, 'beta0_train': -2477.7598835315443, 'beta1_val': 6242.6432365818, 'beta0_val': -356.560890840826, 'selected_score': -2477.7598835315443, 'evaluations': 85, 'seconds': 0.05279470000823494, 'method': 'differential_evolution_v2', 'accepted_search': True, 'solver_message': 'Optimization terminated successfully.'}, {'theta': array([-3.80364345e+02,  1.35498808e+00, -6.81401094e+03,  1.04261587e+00]), 'n_active': 4, 'beta1_train': -589.8629937154243, 'beta0_train': -603.9152724332349, 'beta1_val': -429.9164944192014, 'beta0_val': -429.9164944192014, 'selected_score': -603.9152724332349, 'evaluations': 185, 'seconds': 0.12888930000190157, 'method': 'differential_evolution_v2', 'accepted_search': True, 'solver_message': 'Maximum number of iterations has been exceeded.'}]",42,"[{'update_slot': 60, 'hour': 10, 'info': 'both', 'lp_status': 'optimal', 'lp_message': '', 'fallback': False}]",1351.6931277436333,1680.6279603703695,0.21090210000693332,0.3582654000056209
"[{'theta': array([-4139.02202169]), 'n_active': 1, 'beta1_train': -4334.263068317774, 'beta0_train': -4372.479101596408, 'beta1_val': -4322.62541385, 'beta0_val': -4381.2, 'selected_score': -4372.479101596408, 'evaluations': 20, 'seconds': 0.026181900000665337, 'method': 'differential_evolution_v2', 'accepted_search': True, 'solver_message': 'Optimization terminated successfully.'}, {'theta': array([-1.50422000e+03,  6.95664749e-01]), 'n_active': 2, 'beta1_train': -978.2143949419007, 'beta0_train': -2674.17289459424, 'beta1_val': 1770.8804129011892, 'beta0_val': -2118.5344494938836, 'selected_score': -2674.72253135948, 'evaluations': 95, 'seconds': 0.058518200006801635, 'method': 'differential_evolution_v2', 'accepted_search': True, 'solver_message': 'Maximum number of iterations has been exceeded.'}, {'theta': array([-1.74983636e+03, -1.96315234e+00, -3.80956088e+03,  8.30522971e-01]), 'n_active': 4, 'beta1_train': -4031.8566975899244, 'beta0_train': -4075.9678857201616, 'beta1_val': -4006.5610208812345, 'beta0_val': -4006.5610208812345, 'selected_score': -4075.9678857201616, 'evaluations': 185, 'seconds': 0.1260846999939531, 'method': 'differential_evolution_v2', 'accepted_search': True, 'solver_message': 'Maximum number of iterations has been exceeded.'}]",42,"[{'update_slot': 60, 'hour': 10, 'info': 'both', 'lp_status': 'optimal', 'lp_message': '', 'fallback': False}]",1680.6279603703695,9722.314322407407,0.21078480000142008,0.3544028000032995
"[{'theta': array([-1718.84929046]), 'n_active': 1, 'beta1_train': -4255.6350492480815, 'beta0_train': -4326.102564973512, 'beta1_val': -3702.7313383261644, 'beta0_val': -4307.039593822839, 'selected_score': -4326.102564973512, 'evaluations': 25, 'seconds': 0.03164810000453144, 'method': 'differential_evolution_v2', 'accepted_search': True, 'solver_message': 'Optimization terminated successfully.'}, {'theta': array([-5.57944871e+03,  5.34455470e-02]), 'n_active': 2, 'beta1_train': -2564.7983018815435, 'beta0_train': -2858.264990510604, 'beta1_val': -2380.5474023167876, 'beta0_val': -2380.5474023167876, 'selected_score': -2858.264990510604, 'evaluations': 45, 'seconds': 0.03385740000521764, 'method': 'differential_evolution_v2', 'accepted_search': True, 'solver_message': 'Optimization terminated successfully.'}, {'theta': array([-1.84954606e+03,  1.48705942e+00, -2.14545999e+03,  5.36722492e-01]), 'n_active': 4, 'beta1_train': -703.6392670411392, 'beta0_train': -742.7645644227679, 'beta1_val': -184.75023219659317, 'beta0_val': -664.7834458846709, 'selected_score': -742.7645644227679, 'evaluations': 185, 'seconds': 0.13603899998997804, 'method': 'differential_evolution_v2', 'accepted_search': True, 'solver_message': 'Maximum number of iterations has been exceeded.'}]",42,"[{'update_slot': 60, 'hour': 10, 'info': 'both', 'lp_status': 'optimal', 'lp_message': '', 'fallback': False}]",9722.314322407407,1559.1768384582456,0.20154449999972712,0.3357415999926161
"[{'theta': array([-9347.61722223]), 'n_active': 1, 'beta1_train': -4504.525412004555, 'beta0_train': -4533.013278587263, 'beta1_val': -4409.359628024338, 'beta0_val': -4520.439, 'selected_score': -4533.013278587263, 'evaluations': 20, 'seconds': 0.02732599999580998, 'method': 'differential_evolution_v2', 'accepted_search': True, 'solver_message': 'Optimization terminated successfully.'}, {'theta': array([-1.61745113e+03, -1.44446094e+00]), 'n_active': 2, 'beta1_train': -3013.148064762044, 'beta0_train': -3566.7533533198157, 'beta1_val': 1403.1784238677733, 'beta0_val': -2559.9807443349464, 'selected_score': -3566.7533533198157, 'evaluations': 55, 'seconds': 0.03903239998908248, 'method': 'differential_evolution_v2', 'accepted_search': True, 'solver_message': 'Optimization terminated successfully.'}, {'theta': array([-8.33121622e+03,  1.76874661e+00, -8.45327769e+03,  1.24662959e+00]), 'n_active': 4, 'beta1_train': -513.1125670758906, 'beta0_train': -1017.84913061546, 'beta1_val': -283.76628809768226, 'beta0_val': -942.3665845006136, 'selected_score': -1017.84913061546, 'evaluations': 185, 'seconds': 0.12730559999181423, 'method': 'differential_evolution_v2', 'accepted_search': True, 'solver_message': 'Maximum number of iterations has been exceeded.'}]",42,"[{'update_slot': 60, 'hour': 10, 'info': 'both', 'lp_status': 'optimal', 'lp_message': '', 'fallback': False}]",1559.1768384582456,2646.712688710561,0.1936639999767067,0.33554429998912383
"[{'theta': array([-5023.64156634]), 'n_active': 1, 'beta1_train': -4391.989259137742, 'beta0_train': -4449.116285175404, 'beta1_val': -4455.6, 'beta0_val': -4455.6, 'selected_score': -4449.116285175404, 'evaluations': 15, 'seconds': 0.021762599993962795, 'method': 'differential_evolution_v2', 'accepted_search': True, 'solver_message': 'Optimization terminated successfully.'}, {'theta': array([-7.54281193e+03,  1.25968532e+00]), 'n_active': 2, 'beta1_train': -2341.4718681412346, 'beta0_train': -2565.550335191503, 'beta1_val': -3542.8649693291886, 'beta0_val': -3542.8649693291886, 'selected_score': -2565.550335191503, 'evaluations': 55, 'seconds': 0.038138600008096546, 'method': 'differential_evolution_v2', 'accepted_search': True, 'solver_message': 'Optimization terminated successfully.'}, {'theta': array([-6.03116600e+03, -5.57578266e-01, -4.96504709e+03, -1.06857525e+00]), 'n_active': 4, 'beta1_train': -335.6626136978697, 'beta0_train': -707.6465226664654, 'beta1_val': -716.6293231808999, 'beta0_val': -825.8886380105088, 'selected_score': -707.6465226664654, 'evaluations': 185, 'seconds': 0.13190860000031535, 'method': 'differential_evolution_v2', 'accepted_search': True, 'solver_message': 'Maximum number of iterations has been exceeded.'}]",42,"[{'update_slot': 60, 'hour': 10, 'info': 'both', 'lp_status': 'optimal', 'lp_message': '', 'fallback': False}]",2646.712688710561,1894.961034498894,0.1918098000023747,0.3302574999979697
"[{'theta': array([-6985.03459668]), 'n_active': 1, 'beta1_train': -4563.800867066257, 'beta0_train': -4616.356260743579, 'beta1_val': -4623.599999999999, 'beta0_val': -4623.599999999999, 'selected_score': -4616.356260743579, 'evaluations': 25, 'seconds': 0.03336230000422802, 'method': 'differential_evolution_v2', 'accepted_search': True, 'solver_message': 'Optimization terminated successfully.'}, {'theta': array([-6.86642894e+03, -5.22906857e-01]), 'n_active': 2, 'beta1_train': -2190.2619469367696, 'beta0_train': -2593.9094852047165, 'beta1_val': -3290.2224576412896, 'beta0_val': -3290.2224576412896, 'selected_score': -2593.9094852047165, 'evaluations': 35, 'seconds': 0.029001200004131533, 'method': 'differential_evolution_v2', 'accepted_search': True, 'solver_message': 'Optimization terminated successfully.'}, {'theta': array([-1.47757139e+03,  1.68659400e-01, -2.23180660e+02, -2.18283618e-01]), 'n_active': 4, 'beta1_train': -405.75628929175934, 'beta0_train': -722.4570834000688, 'beta1_val': -546.6463998205056, 'beta0_val': -812.7078760183446, 'selected_score': -722.4570834000688, 'evaluations': 185, 'seconds': 0.12664580000273418, 'method': 'differential_evolution_v2', 'accepted_search': True, 'solver_message': 'Maximum number of iterations has been exceeded.'}]",42,"[{'update_slot': 60, 'hour': 10, 'info': 'both', 'lp_status': 'optimal', 'lp_message': '', 'fallback': False}]",1894.961034498894,1811.057428607989,0.18900930001109373,0.32880560000194237
"[{'theta': array([-7188.75954125]), 'n_active': 1, 'beta1_train': -2742.8743140459555, 'beta0_train': -2817.434804918097, 'beta1_val': -2824.7999999999997, 'beta0_val': -2824.7999999999997, 'selected_score': -2817.434804918097, 'evaluations': 20, 'seconds': 0.027450299996417016, 'method': 'differential_evolution_v2', 'accepted_search': True, 'solver_message': 'Optimization terminated successfully.'}, {'theta': array([-37.22863407,  -0.5698718 ]), 'n_active': 2, 'beta1_train': -859.9202245789436, 'beta0_train': -842.7907753780917, 'beta1_val': -1763.4327069413614, 'beta0_val': -1763.4327069413614, 'selected_score': -890.939317404851, 'evaluations': 95, 'seconds': 0.05907270000898279, 'method': 'differential_evolution_v2', 'accepted_search': True, 'solver_message': 'Maximum number of iterations has been exceeded.'}, {'theta': array([-7.28829075e+03,  3.32672971e-01, -4.45420417e+03,  6.69487148e-01]), 'n_active': 4, 'beta1_train': 9.715754849274708, 'beta0_train': -419.3260006021829, 'beta1_val': -205.67015058473555, 'beta0_val': -470.1246954750204, 'selected_score': -419.3260006021829, 'evaluations': 185, 'seconds': 0.12825470000097994, 'method': 'differential_evolution_v2', 'accepted_search': True, 'solver_message': 'Maximum number of iterations has been exceeded.'}]",42,"[{'update_slot': 60, 'hour': 10, 'info': 'both', 'lp_status': 'optimal', 'lp_message': '', 'fallback': False}]",1811.057428607989,1955.3221748148146,0.21477770000637975,0.35497089999262244
"[{'theta': array([-1480.87677635]), 'n_active': 1, 'beta1_train': -3522.7505508176814, 'beta0_train': -3593.5864496622526, 'beta1_val': -3605.9999999999995, 'beta0_val': -3605.9999999999995, 'selected_score': -3593.5864496622526, 'evaluations': 25, 'seconds': 0.031726900007924996, 'method': 'differential_evolution_v2', 'accepted_search': True, 'solver_message': 'Optimization terminated successfully.'}, {'theta': array([-9.21581447e+02, -8.09042650e-01]), 'n_active': 2, 'beta1_train': -1573.6922602629336, 'beta0_train': -1936.9903103823563, 'beta1_val': -2985.281706818582, 'beta0_val': -2985.281706818582, 'selected_score': -1939.1827761363018, 'evaluations': 95, 'seconds': 0.05791099999623839, 'method': 'differential_evolution_v2', 'accepted_search': True, 'solver_message': 'Maximum number of iterations has been exceeded.'}, {'theta': array([-2.12769132e+03, -2.40693610e-01, -2.87965364e+03, -1.20163393e+00]), 'n_active': 4, 'beta1_train': -1206.2061832179077, 'beta0_train': -1374.316522093159, 'beta1_val': -1412.2580239407216, 'beta0_val': -1500.2186826493823, 'selected_score': -1374.316522093159, 'evaluations': 185, 'seconds': 0.13156669998716097, 'method': 'differential_evolution_v2', 'accepted_search': True, 'solver_message': 'Maximum number of iterations has been exceeded.'}]",42,"[{'update_slot': 60, 'hour': 10, 'info': 'both', 'lp_status': 'optimal', 'lp_message': '', 'fallback': False}]",1955.3221748148146,4235.1982287037035,0.22120459999132436,0.3638537000078941
"[{'theta': array([-2342.98757953]), 'n_active': 1, 'beta1_train': -4588.089274019226, 'beta0_train': -4691.241777039152, 'beta1_val': -4711.2, 'beta0_val': -4711.2, 'selected_score': -4691.241777039152, 'evaluations': 20, 'seconds': 0.026897500007180497, 'method': 'differential_evolution_v2', 'accepted_search': True, 'solver_message': 'Optimization terminated successfully.'}, {'theta': array([-2.89121641e+03, -1.52310769e+00]), 'n_active': 2, 'beta1_train': -2803.2361967974066, 'beta0_train': -3434.1567853863553, 'beta1_val': -4219.952382569757, 'beta0_val': -4219.952382569757, 'selected_score': -3434.1567853863553, 'evaluations': 55, 'seconds': 0.03921200000331737, 'method': 'differential_evolution_v2', 'accepted_search': True, 'solver_message': 'Optimization terminated successfully.'}, {'theta': array([-5.78888862e+03,  3.99016498e-01, -2.16801297e+03, -1.44502041e+00]), 'n_active': 4, 'beta1_train': -4335.892275061618, 'beta0_train': -4605.276846926898, 'beta1_val': -4642.6232504559675, 'beta0_val': -4642.6232504559675, 'selected_score': -4605.276846926898, 'evaluations': 185, 'seconds': 0.12737360000028275, 'method': 'differential_evolution_v2', 'accepted_search': True, 'solver_message': 'Maximum number of iterations has been exceeded.'}]",42,"[{'update_slot': 60, 'hour': 10, 'info': 'both', 'lp_status': 'optimal', 'lp_message': '', 'fallback': False}]",4235.1982287037035,10781.642732017976,0.19348310001078062,0.3394891999923857
"[{'theta': array([-6040.34476306]), 'n_active': 1, 'beta1_train': -3928.9501531935507, 'beta0_train': -4107.629227631065, 'beta1_val': -4133.999999999999, 'beta0_val': -4133.999999999999, 'selected_score': -4107.629227631065, 'evaluations': 15, 'seconds': 0.023245599993970245, 'method': 'differential_evolution_v2', 'accepted_search': True, 'solver_message': 'Optimization terminated successfully.'}, {'theta': array([-398.73801425,   -1.30110488]), 'n_active': 2, 'beta1_train': -1146.0258003777979, 'beta0_train': -1424.6886753814997, 'beta1_val': -2529.667128937189, 'beta0_val': -2529.667128937189, 'selected_score': -1522.0421247767538, 'evaluations': 95, 'seconds': 0.05703199999697972, 'method': 'differential_evolution_v2', 'accepted_search': True, 'solver_message': 'Maximum number of iterations has been exceeded.'}, {'theta': array([-9.46523432e+02,  1.49294070e+00, -6.88163793e+03,  7.61864473e-02]), 'n_active': 4, 'beta1_train': -697.7251716595838, 'beta0_train': -728.2513017352326, 'beta1_val': -841.8998121778809, 'beta0_val': -841.8998121778809, 'selected_score': -728.2513017352326, 'evaluations': 185, 'seconds': 0.12983489999896847, 'method': 'differential_evolution_v2', 'accepted_search': True, 'solver_message': 'Maximum number of iterations has been exceeded.'}]",42,"[{'update_slot': 60, 'hour': 10, 'info': 'both', 'lp_status': 'optimal', 'lp_message': '', 'fallback': False}]",10781.642732017976,2006.822573703706,0.21011249998991843,0.35478690000309143
"[{'theta': array([-8481.19071569]), 'n_active': 1, 'beta1_train': -3922.230641364665, 'beta0_train': -4073.6989676960497, 'beta1_val': -4101.6, 'beta0_val': -4101.6, 'selected_score': -4073.6989676960497, 'evaluations': 25, 'seconds': 0.03204679999907967, 'method': 'differential_evolution_v2', 'accepted_search': True, 'solver_message': 'Optimization terminated successfully.'}, {'theta': array([-101.09918738,   -0.33756935]), 'n_active': 2, 'beta1_train': -1027.8758374721447, 'beta0_train': -891.3846566439445, 'beta1_val': -2276.984980618338, 'beta0_val': -2276.984980618338, 'selected_score': -1070.5682757082918, 'evaluations': 95, 'seconds': 0.059024300004239194, 'method': 'differential_evolution_v2', 'accepted_search': True, 'solver_message': 'Maximum number of iterations has been exceeded.'}, {'theta': array([-4.56097178e+03,  9.09238837e-01, -9.33051470e+02, -1.08648134e+00]), 'n_active': 4, 'beta1_train': -931.997306027599, 'beta0_train': -960.772389290961, 'beta1_val': -997.1244061377945, 'beta0_val': -997.1244061377945, 'selected_score': -960.772389290961, 'evaluations': 105, 'seconds': 0.08392250000906643, 'method': 'differential_evolution_v2', 'accepted_search': True, 'solver_message': 'Optimization terminated successfully.'}]",42,"[{'update_slot': 60, 'hour': 10, 'info': 'both', 'lp_status': 'optimal', 'lp_message': '', 'fallback': False}]",2006.822573703706,2570.7004108515293,0.1749936000123853,0.31522819999372587
"[{'theta': array([-1528.7855933]), 'n_active': 1, 'beta1_train': -4330.027804823563, 'beta0_train': -4513.612554996802, 'beta1_val': -4598.3874375000005, 'beta0_val': -4600.8, 'selected_score': -4513.612554996802, 'evaluations': 20, 'seconds': 0.027162700003827922, 'method': 'differential_evolution_v2', 'accepted_search': True, 'solver_message': 'Optimization terminated successfully.'}, {'theta': array([-164.47747441,   -0.87432881]), 'n_active': 2, 'beta1_train': -1448.7384974693805, 'beta0_train': -1394.033496867932, 'beta1_val': -2914.153111435772, 'beta0_val': -2914.153111435772, 'selected_score': -1491.1921413946698, 'evaluations': 95, 'seconds': 0.05794140000944026, 'method': 'differential_evolution_v2', 'accepted_search': True, 'solver_message': 'Maximum number of iterations has been exceeded.'}, {'theta': array([-6.89907742e+03, -6.34727789e-01, -5.94398945e+03,  6.26979778e-01]), 'n_active': 4, 'beta1_train': -1314.2548190780544, 'beta0_train': -1654.296851441788, 'beta1_val': -1562.9512894784966, 'beta0_val': -1721.9331474965147, 'selected_score': -1654.296851441788, 'evaluations': 125, 'seconds': 0.09933100000489503, 'method': 'differential_evolution_v2', 'accepted_search': True, 'solver_message': 'Optimization terminated successfully.'}]",42,"[{'update_slot': 60, 'hour': 10, 'info': 'both', 'lp_status': 'optimal', 'lp_message': '', 'fallback': False}]",2570.7004108515293,4038.492918821606,0.1844351000181632,0.32043330000306014
"[{'theta': array([-5881.2707463]), 'n_active': 1, 'beta1_train': -4148.118846879374, 'beta0_train': -4371.2110877849755, 'beta1_val': -4414.8, 'beta0_val': -4414.8, 'selected_score': -4371.2110877849755, 'evaluations': 20, 'seconds': 0.02690170001005754, 'method': 'differential_evolution_v2', 'accepted_search': True, 'solver_message': 'Optimization terminated successfully.'}, {'theta': array([-106.75597523,    0.64898975]), 'n_active': 2, 'beta1_train': -1207.0880712719045, 'beta0_train': -1144.5997553507023, 'beta1_val': -2891.702332776103, 'beta0_val': -2891.702332776103, 'selected_score': -1328.387114909563, 'evaluations': 95, 'seconds': 0.059420300007332116, 'method': 'differential_evolution_v2', 'accepted_search': True, 'solver_message': 'Maximum number of iterations has been exceeded.'}, {'theta': array([-7.39455333e+03,  1.67417197e+00, -8.88284886e+03, -1.69065655e+00]), 'n_active': 4, 'beta1_train': -523.5558037072295, 'beta0_train': -961.1621830030936, 'beta1_val': -918.6015838102762, 'beta0_val': -1009.2591912034786, 'selected_score': -961.1621830030936, 'evaluations': 185, 'seconds': 0.12914509999973234, 'method': 'differential_evolution_v2', 'accepted_search': True, 'solver_message': 'Maximum number of iterations has been exceeded.'}]",42,"[{'update_slot': 60, 'hour': 10, 'info': 'both', 'lp_status': 'optimal', 'lp_message': '', 'fallback': False}]",4038.492918821606,2573.9364220370408,0.215467100017122,0.35554530000081286
"[{'theta': array([-6802.1641713]), 'n_active': 1, 'beta1_train': -2885.4067684118377, 'beta0_train': -3142.18566014638, 'beta1_val': -3217.2, 'beta0_val': -3217.2, 'selected_score': -3142.18566014638, 'evaluations': 20, 'seconds': 0.02679570000327658, 'method': 'differential_evolution_v2', 'accepted_search': True, 'solver_message': 'Optimization terminated successfully.'}, {'theta': array([-1.81233981e+03, -3.86944839e-01]), 'n_active': 2, 'beta1_train': -363.95101581300503, 'beta0_train': -888.8728107450075, 'beta1_val': -2093.5476701796006, 'beta0_val': -2093.5476701796106, 'selected_score': -888.8728107450075, 'evaluations': 45, 'seconds': 0.03376869999920018, 'method': 'differential_evolution_v2', 'accepted_search': True, 'solver_message': 'Optimization terminated successfully.'}, {'theta': array([-1.42524599e+03,  5.94293263e-01, -9.20869096e+02,  5.83961536e-01]), 'n_active': 4, 'beta1_train': 7.847957874846261, 'beta0_train': -481.16503705657635, 'beta1_val': 483.76728786480066, 'beta0_val': -569.2696570079579, 'selected_score': -481.16503705657635, 'evaluations': 185, 'seconds': 0.12685030000284314, 'method': 'differential_evolution_v2', 'accepted_search': True, 'solver_message': 'Maximum number of iterations has been exceeded.'}]",42,"[{'update_slot': 60, 'hour': 10, 'info': 'both', 'lp_status': 'optimal', 'lp_message': '', 'fallback': False}]",2573.9364220370408,1800.4784796608337,0.1874147000053199,0.40305609999631997
"[{'theta': array([-3774.79859826]), 'n_active': 1, 'beta1_train': -3491.409542099944, 'beta0_train': -3713.8643841718767, 'beta1_val': -3759.6000000000004, 'beta0_val': -3759.6000000000004, 'selected_score': -3713.8643841718767, 'evaluations': 20, 'seconds': 0.026588900000206195, 'method': 'differential_evolution_v2', 'accepted_search': True, 'solver_message': 'Optimization terminated successfully.'}, {'theta': array([-1.82879096e+03, -9.16865749e-01]), 'n_active': 2, 'beta1_train': 410.1834581738552, 'beta0_train': -2258.139073380873, 'beta1_val': -1207.197230696904, 'beta0_val': -2966.400471271393, 'selected_score': -2259.8505700626547, 'evaluations': 95, 'seconds': 0.05797639999946114, 'method': 'differential_evolution_v2', 'accepted_search': True, 'solver_message': 'Maximum number of iterations has been exceeded.'}, {'theta': array([-9.50704105e+02,  1.96615919e+00, -6.40928819e+03,  1.14046291e+00]), 'n_active': 4, 'beta1_train': -1008.2594844037907, 'beta0_train': -1373.423294589791, 'beta1_val': -1332.3698912047225, 'beta0_val': -1445.0872317705694, 'selected_score': -1373.423294589791, 'evaluations': 185, 'seconds': 0.12707529999897815, 'method': 'differential_evolution_v2', 'accepted_search': True, 'solver_message': 'Maximum number of iterations has been exceeded.'}]",42,"[{'update_slot': 60, 'hour': 10, 'info': 'both', 'lp_status': 'optimal', 'lp_message': '', 'fallback': False}]",1800.4784796608337,3956.890745145189,0.21164059999864548,0.3524417999869911
"[{'theta': array([-6238.09041443]), 'n_active': 1, 'beta1_train': -4203.5394509151565, 'beta0_train': -4458.208434994593, 'beta1_val': -4522.8, 'beta0_val': -4522.8, 'selected_score': -4458.208434994593, 'evaluations': 20, 'seconds': 0.027345700000296347, 'method': 'differential_evolution_v2', 'accepted_search': True, 'solver_message': 'Optimization terminated successfully.'}, {'theta': array([-4.42039970e+03, -9.03944254e-03]), 'n_active': 2, 'beta1_train': 605.3190496921927, 'beta0_train': -1309.7725313015087, 'beta1_val': -1119.838600196853, 'beta0_val': -3159.9799809355363, 'selected_score': -1309.7725313015087, 'evaluations': 45, 'seconds': 0.036863700006506406, 'method': 'differential_evolution_v2', 'accepted_search': True, 'solver_message': 'Optimization terminated successfully.'}, {'theta': array([-2.14036723e+03, -4.79425429e-01, -7.30087021e+03,  1.79564884e-01]), 'n_active': 4, 'beta1_train': -3465.182952860012, 'beta0_train': -3872.93791100057, 'beta1_val': -3813.209537376112, 'beta0_val': -3858.0766894975764, 'selected_score': -3872.93791100057, 'evaluations': 145, 'seconds': 0.10532280000916217, 'method': 'differential_evolution_v2', 'accepted_search': True, 'solver_message': 'Optimization terminated successfully.'}]",42,"[{'update_slot': 60, 'hour': 10, 'info': 'both', 'lp_status': 'optimal', 'lp_message': '', 'fallback': False}]",3956.890745145189,9285.430865925926,0.16953220001596492,0.3310455000028014
"[{'theta': array([-9501.38384985]), 'n_active': 1, 'beta1_train': -3703.4470464349215, 'beta0_train': -4137.369125701108, 'beta1_val': -4210.799999999999, 'beta0_val': -4210.799999999999, 'selected_score': -4137.369125701108, 'evaluations': 20, 'seconds': 0.027961300002061762, 'method': 'differential_evolution_v2', 'accepted_search': True, 'solver_message': 'Optimization terminated successfully.'}, {'theta': array([-94.31977449,  -0.82964119]), 'n_active': 2, 'beta1_train': -643.1741053067833, 'beta0_train': -584.2443135600812, 'beta1_val': -2537.743010765425, 'beta0_val': -2537.743010765425, 'selected_score': -780.8797420778747, 'evaluations': 95, 'seconds': 0.05926809999800753, 'method': 'differential_evolution_v2', 'accepted_search': True, 'solver_message': 'Maximum number of iterations has been exceeded.'}, {'theta': array([-3.11055389e+03,  9.62207702e-01, -4.06025414e+03,  5.05099155e-01]), 'n_active': 4, 'beta1_train': -732.1360443068513, 'beta0_train': -735.3779498117185, 'beta1_val': -728.4413353573665, 'beta0_val': -728.4413353573665, 'selected_score': -735.3779498117185, 'evaluations': 125, 'seconds': 0.09332970000104979, 'method': 'differential_evolution_v2', 'accepted_search': True, 'solver_message': 'Optimization terminated successfully.'}]",42,"[{'update_slot': 60, 'hour': 10, 'info': 'both', 'lp_status': 'optimal', 'lp_message': '', 'fallback': False}]",9285.430865925926,2093.5398443042477,0.18055910000111908,0.31960000000253785
"[{'theta': array([-7912.84683599]), 'n_active': 1, 'beta1_train': -4075.8801055199506, 'beta0_train': -4384.577819850158, 'beta1_val': -4458.0, 'beta0_val': -4458.0, 'selected_score': -4384.577819850158, 'evaluations': 25, 'seconds': 0.031565500001306646, 'method': 'differential_evolution_v2', 'accepted_search': True, 'solver_message': 'Optimization terminated successfully.'}, {'theta': array([-316.48179772,    1.81397915]), 'n_active': 2, 'beta1_train': -735.1925370385824, 'beta0_train': -780.5089477363956, 'beta1_val': -2388.228454905331, 'beta0_val': -2388.228454905331, 'selected_score': -1032.9387549845894, 'evaluations': 95, 'seconds': 0.05880109999270644, 'method': 'differential_evolution_v2', 'accepted_search': True, 'solver_message': 'Maximum number of iterations has been exceeded.'}, {'theta': array([-8.48197143e+03, -7.74786027e-01, -1.10355586e+02, -1.03781600e+00]), 'n_active': 4, 'beta1_train': -370.4139519081474, 'beta0_train': -687.3123564010575, 'beta1_val': -611.182679716746, 'beta0_val': -812.089252253165, 'selected_score': -687.4967948698867, 'evaluations': 185, 'seconds': 0.12703560000227299, 'method': 'differential_evolution_v2', 'accepted_search': True, 'solver_message': 'Maximum number of iterations has been exceeded.'}]",42,"[{'update_slot': 60, 'hour': 10, 'info': 'both', 'lp_status': 'optimal', 'lp_message': '', 'fallback': False}]",2093.5398443042477,1588.2196749999996,0.21740219999628607,0.35560319999058265
"[{'theta': array([-2942.17902034]), 'n_active': 1, 'beta1_train': -3834.7831169680812, 'beta0_train': -4138.962291548181, 'beta1_val': -4208.4, 'beta0_val': -4208.4, 'selected_score': -4138.962291548181, 'evaluations': 20, 'seconds': 0.02824230000260286, 'method': 'differential_evolution_v2', 'accepted_search': True, 'solver_message': 'Optimization terminated successfully.'}, {'theta': array([-185.27357889,   -0.59133007]), 'n_active': 2, 'beta1_train': -534.9291085333327, 'beta0_train': -397.06393155716125, 'beta1_val': -2570.588862840883, 'beta0_val': -2570.588862840883, 'selected_score': -690.4524918645974, 'evaluations': 95, 'seconds': 0.06276190000062343, 'method': 'differential_evolution_v2', 'accepted_search': True, 'solver_message': 'Maximum number of iterations has been exceeded.'}, {'theta': array([-3.05639907e+03,  8.46554576e-01, -1.13759155e+03, -1.23293287e+00]), 'n_active': 4, 'beta1_train': -307.54018503335135, 'beta0_train': -663.4820253615544, 'beta1_val': -505.671959679578, 'beta0_val': -634.83795599151, 'selected_score': -663.4820253615544, 'evaluations': 165, 'seconds': 0.11720589999458753, 'method': 'differential_evolution_v2', 'accepted_search': True, 'solver_message': 'Optimization terminated successfully.'}]",42,"[{'update_slot': 60, 'hour': 10, 'info': 'both', 'lp_status': 'optimal', 'lp_message': '', 'fallback': False}]",1588.2196749999996,1938.6869911127703,0.2082100999978138,0.3452104000025429
"[{'theta': array([-8267.63548049]), 'n_active': 1, 'beta1_train': -4132.642927288355, 'beta0_train': -4450.435146156205, 'beta1_val': -4527.6, 'beta0_val': -4527.6, 'selected_score': -4450.435146156205, 'evaluations': 35, 'seconds': 0.03964439999253955, 'method': 'differential_evolution_v2', 'accepted_search': True, 'solver_message': 'Optimization terminated successfully.'}, {'theta': array([-15.30649387,   1.8483002 ]), 'n_active': 2, 'beta1_train': -387.6237140714392, 'beta0_train': -165.21915422736942, 'beta1_val': -2699.1067984505657, 'beta0_val': -2699.1067984505657, 'selected_score': -470.14482517982816, 'evaluations': 95, 'seconds': 0.061267500001122244, 'method': 'differential_evolution_v2', 'accepted_search': True, 'solver_message': 'Maximum number of iterations has been exceeded.'}, {'theta': array([-3.44945064e+03, -1.39838763e+00, -7.16726590e+03,  7.45724158e-01]), 'n_active': 4, 'beta1_train': -327.42444573367163, 'beta0_train': -708.9883691905184, 'beta1_val': -788.547931240606, 'beta0_val': -788.547931240606, 'selected_score': -708.9883691905184, 'evaluations': 185, 'seconds': 0.13142079999670386, 'method': 'differential_evolution_v2', 'accepted_search': True, 'solver_message': 'Maximum number of iterations has been exceeded.'}]",42,"[{'update_slot': 60, 'hour': 10, 'info': 'both', 'lp_status': 'optimal', 'lp_message': '', 'fallback': False}]",1938.6869911127703,1717.1830280262013,0.23233269999036565,0.37099950000992976
"[{'theta': array([-3449.61289394]), 'n_active': 1, 'beta1_train': -2705.486142651443, 'beta0_train': -3086.2622523738282, 'beta1_val': -3145.2, 'beta0_val': -3145.2, 'selected_score': -3086.2622523738282, 'evaluations': 15, 'seconds': 0.022119000001112, 'method': 'differential_evolution_v2', 'accepted_search': True, 'solver_message': 'Optimization terminated successfully.'}, {'theta': array([-568.26140409,    1.67011359]), 'n_active': 2, 'beta1_train': 601.062866556173, 'beta0_train': 250.3325282764381, 'beta1_val': -2108.9230744742554, 'beta0_val': -2131.533466944626, 'selected_score': -56.82164075543064, 'evaluations': 95, 'seconds': 0.060538899997482076, 'method': 'differential_evolution_v2', 'accepted_search': True, 'solver_message': 'Maximum number of iterations has been exceeded.'}, {'theta': array([-6.11827111e+03, -8.61439410e-02, -7.33787703e+03, -6.99472796e-01]), 'n_active': 4, 'beta1_train': -516.6708385094457, 'beta0_train': -538.1132536747757, 'beta1_val': -535.4356351717287, 'beta0_val': -535.4356351717287, 'selected_score': -538.1132536747757, 'evaluations': 105, 'seconds': 0.08576699999684934, 'method': 'differential_evolution_v2', 'accepted_search': True, 'solver_message': 'Optimization terminated successfully.'}]",42,"[{'update_slot': 60, 'hour': 10, 'info': 'both', 'lp_status': 'optimal', 'lp_message': '', 'fallback': False}]",1717.1830280262013,1908.9891861111123,0.1684248999954434,0.31870879999769386
"[{'theta': array([-8216.32912058]), 'n_active': 1, 'beta1_train': -2714.809803145707, 'beta0_train': -3099.9202917175826, 'beta1_val': -3095.707098625, 'beta0_val': -3158.4, 'selected_score': -3099.9202917175826, 'evaluations': 20, 'seconds': 0.02956000000995118, 'method': 'differential_evolution_v2', 'accepted_search': True, 'solver_message': 'Optimization terminated successfully.'}, {'theta': array([-7.60473292e+02, -2.32230269e-01]), 'n_active': 2, 'beta1_train': 1469.9213837423906, 'beta0_train': -423.7560838678345, 'beta1_val': 942.0920425008376, 'beta0_val': -1926.977474767479, 'selected_score': -516.8502625026467, 'evaluations': 95, 'seconds': 0.06550969999807421, 'method': 'differential_evolution_v2', 'accepted_search': True, 'solver_message': 'Maximum number of iterations has been exceeded.'}, {'theta': array([-6.79640861e+03,  1.81584166e+00, -8.39065367e+03, -1.26881937e+00]), 'n_active': 4, 'beta1_train': -527.7434050526432, 'beta0_train': -705.4675170861187, 'beta1_val': -610.3125136202289, 'beta0_val': -682.6077337408155, 'selected_score': -705.4675170861187, 'evaluations': 185, 'seconds': 0.14233299999614246, 'method': 'differential_evolution_v2', 'accepted_search': True, 'solver_message': 'Maximum number of iterations has been exceeded.'}]",42,"[{'update_slot': 60, 'hour': 10, 'info': 'both', 'lp_status': 'optimal', 'lp_message': '', 'fallback': False}]",1908.9891861111123,2959.4316937256754,0.23740270000416785,0.39355900000373367
"[{'theta': array([-5233.4089083]), 'n_active': 1, 'beta1_train': -4019.521946181544, 'beta0_train': -4556.1170176377445, 'beta1_val': -4684.798238016667, 'beta0_val': -4686.0, 'selected_score': -4556.1170176377445, 'evaluations': 20, 'seconds': 0.029852300009224564, 'method': 'differential_evolution_v2', 'accepted_search': True, 'solver_message': 'Optimization terminated successfully.'}, {'theta': array([-903.65605878,    1.775465  ]), 'n_active': 2, 'beta1_train': 535.5562186245105, 'beta0_train': -1518.9138549596194, 'beta1_val': -1208.1971479610038, 'beta0_val': -2995.338878274173, 'selected_score': -1591.0759738802547, 'evaluations': 95, 'seconds': 0.060227099995245226, 'method': 'differential_evolution_v2', 'accepted_search': True, 'solver_message': 'Maximum number of iterations has been exceeded.'}, {'theta': array([-2.08743134e+03,  1.73161830e+00, -2.41975965e+03,  6.90449077e-01]), 'n_active': 4, 'beta1_train': -4194.284450525031, 'beta0_train': -4621.224007872756, 'beta1_val': -3469.9072301693113, 'beta0_val': -4686.0, 'selected_score': -4621.224007872756, 'evaluations': 185, 'seconds': 0.12782500000321306, 'method': 'differential_evolution_v2', 'accepted_search': True, 'solver_message': 'Maximum number of iterations has been exceeded.'}]",42,"[{'update_slot': 60, 'hour': 10, 'info': 'both', 'lp_status': 'optimal', 'lp_message': '', 'fallback': False}]",2959.4316937256754,10800.0,0.21790440000768285,0.3678871000010986
"[{'theta': array([-3770.49680148]), 'n_active': 1, 'beta1_train': -3815.1878676584656, 'beta0_train': -4356.950637156902, 'beta1_val': -4345.740827975001, 'beta0_val': -4450.8, 'selected_score': -4356.950637156902, 'evaluations': 25, 'seconds': 0.032948099993518554, 'method': 'differential_evolution_v2', 'accepted_search': True, 'solver_message': 'Optimization terminated successfully.'}, {'theta': array([-55.87782992,   0.26774634]), 'n_active': 2, 'beta1_train': -230.22733860648233, 'beta0_train': 91.50013849138472, 'beta1_val': -2422.42027966614, 'beta0_val': -2481.2957496108284, 'selected_score': -322.01853022928367, 'evaluations': 95, 'seconds': 0.0569277000031434, 'method': 'differential_evolution_v2', 'accepted_search': True, 'solver_message': 'Maximum number of iterations has been exceeded.'}, {'theta': array([-4.41803997e+03, -2.95454840e-02, -3.92059108e+02,  1.21184364e+00]), 'n_active': 4, 'beta1_train': -365.6886465555944, 'beta0_train': -674.4250739152135, 'beta1_val': -728.5892915019938, 'beta0_val': -838.9652239308741, 'selected_score': -674.4250739152135, 'evaluations': 185, 'seconds': 0.1287296999944374, 'method': 'differential_evolution_v2', 'accepted_search': True, 'solver_message': 'Maximum number of iterations has been exceeded.'}]",42,"[{'update_slot': 60, 'hour': 10, 'info': 'both', 'lp_status': 'optimal', 'lp_message': '', 'fallback': False}]",10800.0,1955.6512288873653,0.21860549999109935,0.35667239999747835
"[{'theta': array([-6760.57846144]), 'n_active': 1, 'beta1_train': -4128.3955536748845, 'beta0_train': -4522.5222917635, 'beta1_val': -4617.599999999999, 'beta0_val': -4617.599999999999, 'selected_score': -4522.5222917635, 'evaluations': 25, 'seconds': 0.03263439999136608, 'method': 'differential_evolution_v2', 'accepted_search': True, 'solver_message': 'Optimization terminated successfully.'}, {'theta': array([-5.42140762e+02, -8.05658267e-02]), 'n_active': 2, 'beta1_train': -226.37098297787497, 'beta0_train': -599.0751878538221, 'beta1_val': -2945.9195457076385, 'beta0_val': -2962.807513172058, 'selected_score': -898.4958660293019, 'evaluations': 95, 'seconds': 0.06136999999580439, 'method': 'differential_evolution_v2', 'accepted_search': True, 'solver_message': 'Maximum number of iterations has been exceeded.'}, {'theta': array([-2.35911265e+02,  1.93396556e+00, -8.63982220e+03,  6.38554565e-01]), 'n_active': 4, 'beta1_train': -938.886232350486, 'beta0_train': -1059.9204713459094, 'beta1_val': -1238.982325385426, 'beta0_val': -1238.982325385426, 'selected_score': -1064.5498720475157, 'evaluations': 185, 'seconds': 0.13003269999171607, 'method': 'differential_evolution_v2', 'accepted_search': True, 'solver_message': 'Maximum number of iterations has been exceeded.'}]",42,"[{'update_slot': 60, 'hour': 10, 'info': 'both', 'lp_status': 'optimal', 'lp_message': '', 'fallback': False}]",1955.6512288873653,2640.3010609653757,0.22403709997888654,0.3680562000081409
"[{'theta': array([-7861.9338313]), 'n_active': 1, 'beta1_train': -3747.942266944331, 'beta0_train': -4213.962230190684, 'beta1_val': -4309.2, 'beta0_val': -4309.2, 'selected_score': -4213.962230190684, 'evaluations': 20, 'seconds': 0.02776290000474546, 'method': 'differential_evolution_v2', 'accepted_search': True, 'solver_message': 'Optimization terminated successfully.'}, {'theta': array([-2.96936903e+02, -1.19484631e-02]), 'n_active': 2, 'beta1_train': 119.46298561400022, 'beta0_train': 129.8390989868417, 'beta1_val': -2652.977723425944, 'beta0_val': -2652.977723425944, 'selected_score': -304.50269251930547, 'evaluations': 95, 'seconds': 0.05864879999717232, 'method': 'differential_evolution_v2', 'accepted_search': True, 'solver_message': 'Maximum number of iterations has been exceeded.'}, {'theta': array([-5.74300481e+03,  1.09753194e+00, -8.69240171e+03,  8.41554206e-01]), 'n_active': 4, 'beta1_train': -276.46753557975023, 'beta0_train': -653.3297682112856, 'beta1_val': -515.7857255484204, 'beta0_val': -704.3499069277575, 'selected_score': -653.3297682112856, 'evaluations': 185, 'seconds': 0.12970710000081453, 'method': 'differential_evolution_v2', 'accepted_search': True, 'solver_message': 'Maximum number of iterations has been exceeded.'}]",42,"[{'update_slot': 60, 'hour': 10, 'info': 'both', 'lp_status': 'optimal', 'lp_message': '', 'fallback': False}]",2640.3010609653757,1869.6454533987255,0.21611880000273231,0.3560584000078961
"[{'theta': array([-9044.36730207]), 'n_active': 1, 'beta1_train': -3841.605465436795, 'beta0_train': -4230.096789554073, 'beta1_val': -4321.2, 'beta0_val': -4321.2, 'selected_score': -4230.096789554073, 'evaluations': 25, 'seconds': 0.03233129999716766, 'method': 'differential_evolution_v2', 'accepted_search': True, 'solver_message': 'Optimization terminated successfully.'}, {'theta': array([-468.39650353,    1.64158213]), 'n_active': 2, 'beta1_train': -318.65125430189886, 'beta0_train': -437.4580770782976, 'beta1_val': -2310.0795215790604, 'beta0_val': -2339.2795287979548, 'selected_score': -790.8915822214437, 'evaluations': 95, 'seconds': 0.05946239999320824, 'method': 'differential_evolution_v2', 'accepted_search': True, 'solver_message': 'Maximum number of iterations has been exceeded.'}, {'theta': array([-7.59501561e+03,  7.73356717e-01, -3.29143288e+03,  7.13697395e-01]), 'n_active': 4, 'beta1_train': -983.7199896523098, 'beta0_train': -1008.7327047632052, 'beta1_val': -1087.0219532092183, 'beta0_val': -1087.0219532092183, 'selected_score': -1008.7327047632052, 'evaluations': 185, 'seconds': 0.1298903999995673, 'method': 'differential_evolution_v2', 'accepted_search': True, 'solver_message': 'Maximum number of iterations has been exceeded.'}]",42,"[{'update_slot': 60, 'hour': 10, 'info': 'both', 'lp_status': 'optimal', 'lp_message': '', 'fallback': False}]",1869.6454533987255,2443.3046188888898,0.2216840999899432,0.3630470000061905
