date,g0,g1,g2,g3,g4,g5,g6,g7,g8,g9,g10,g11,g12,g13,g14,g15,g16,g17,g18,g19,g20,g21,g22,g23,g24,g25,g26,g27,g28,g29,g30,g31,g32,g33,g34,g35,g36,g37,g38,g39,g40,g41,g42,g43,g44,g45,g46,g47,g48,g49,g50,g51,g52,g53,g54,g55,g56,g57,g58,g59,g60,g61,g62,g63,g64,g65,g66,g67,g68,g69,g70,g71,g72,g73,g74,g75,g76,g77,g78,g79,g80,g81,g82,g83,g84,g85,g86,g87,g88,g89,g90,g91,g92,g93,g94,g95,g96,g97,g98,g99,g100,g101,g102,g103,g104,g105,g106,g107,g108,g109,g110,g111,g112,g113,g114,g115,g116,g117,g118,g119,g120,g121,g122,g123,g124,g125,g126,g127,g128,g129,g130,g131,g132,g133,g134,g135,g136,g137,g138,g139,g140,g141,g142,g143
2025-02-01,1296.6215166666666,1312.3283333333334,1330.60465,1341.3707000000002,1339.605,1346.4384166666669,501.4538833333333,1329.035,1345.8897666666667,518.1743833333333,529.9499999999998,1357.1984500000003,1377.8864833333332,1327.8078820739663,510.54980000000006,526.0130999999999,537.6183333333333,547.6602833333333,538.6267166666667,529.6366666666667,526.9667833333335,536.8605166666666,558.1199999999999,548.2086499999999,548.7835833333334,572.0766666666667,578.2019166666668,579.4868666666667,569.775,545.7249999999999,565.3349000000001,587.195,616.1834333333333,591.5039166666668,0.0,0.0,0.0,0.0,0.0,0.0,0.0,0.0,0.0,0.0,0.0,0.0,0.0,0.0,0.0,0.0,0.0,0.0,0.0,0.0,0.0,0.0,0.0,0.0,0.0,0.0,0.0,0.0,0.0,0.0,0.0,0.0,0.0,0.0,0.0,0.0,0.0,0.0,0.0,0.0,0.0,0.0,0.0,0.0,0.0,0.0,0.0,0.0,0.0,0.0,0.0,0.0,0.0,0.0,0.0,108.71389671764416,190.05478340680327,165.80240624252417,214.17979448838338,279.46083441298174,303.99460018917694,324.84655785361684,367.6964114365993,458.18620195423006,475.8166649452733,450.1865696932397,432.46641666666665,453.05438187185996,469.96216652712155,464.99954365787096,463.9485572005815,467.13792153256287,477.9283333333333,0.0,0.0,0.0,0.0,56.30027667349327,0.0,0.0,0.0,0.0,0.0,0.0,0.0,0.0,0.0,0.0,0.0,0.0,0.0,516.8358166666667,486.8260833333334,471.3283333333332,502.7862000000002,497.74545000000006,463.50333333333333,1257.94125,1266.5305333333333,1302.3433333333335,1284.2035833333334,1270.622,1267.6950000000002,1243.8676,1260.499,1294.5666666666668,450.75023333333337,506.7263333333334,1422.3046572546173,616.6141833333334
2025-02-02,620.7876333333334,624.5849999999999,1441.2284,1072.4395250944513,667.2966666666666,658.8043666666667,650.2882999999999,663.2633333333333,630.2988833333333,618.1216166666667,669.9549999999999,690.8012500000001,717.2813000000001,701.0383333333333,669.18275,654.9969,636.6433333333334,663.2514166666666,702.1351666666666,724.6116666666667,705.4048666666667,699.2422499999999,727.6733333333334,733.0901,715.1895833333333,728.9216666666667,753.6485666666669,67.29620000000023,702.0066666666665,724.6610166666667,754.6504333333334,730.2816666666666,744.7648499999999,1661.8542000000002,933.62,919.482624894773,919.3797944716357,927.1001473158854,892.4425003467994,880.5689632369308,900.5329666666669,865.0359446458447,0.0,765.134886556179,669.3553825110604,1555.57531899907,752.4228755279217,19.865322646843538,0.0,0.0,0.0,0.0,0.0,0.0,0.0,0.0,0.0,0.0,0.0,0.0,0.0,0.0,0.0,0.0,0.0,942.837937015643,934.5434397256198,921.2608675426444,869.1375492845301,832.8920526780887,808.7391166666669,840.1085728462529,862.4593567916877,854.0399040408737,848.2088338015294,865.0167985870843,334.5438356848965,85.16706682401843,116.12576889479169,163.87238834444042,199.65219208667213,199.24545995764004,0.0007299847951003358,0.0,0.0,0.0,0.0,0.0,0.0,1326.4903561699011,1215.54498756262,619.074136975395,1500.5398225298648,711.3383420704865,763.4912100293182,801.8612701317694,826.9037400791128,859.3884120293335,921.162972573528,969.7077006057384,996.4655666666667,1011.7777879845453,1029.21815946247,1070.395592245878,1092.5217731127002,946.7777438662112,744.715,727.0,761.1276333333333,744.1283333333333,782.6369500000001,809.9607166666667,261.0896097661959,0.0,0.0,0.0,0.0,0.0,0.0,0.0,0.0,0.0,0.0,0.0,742.1800000000002,742.5609500000002,752.5990666666667,734.1983333333333,748.3404833333334,692.7074000000001,605.3399999999999,574.3635666666668,1416.9677552773278,1280.9816872427987,589.3047333333334,608.27675,616.6416666666667,585.3390833333333,608.6716333333333,657.4300000000002,613.45735,614.5567666666668,0.0,0.0
2025-02-03,594.4058333333334,1461.3983333333333,1432.9274833333334,1439.32535,1480.6100000000001,1472.88555,636.9584,670.5266666666668,673.9608,665.0473833333333,1500.8249999999998,1485.9035666666668,1493.6710666666668,939.2475648976967,1538.76475,1566.8495166666667,726.8466666666666,679.0126499999999,665.2897833333333,662.0366666666666,675.60545,711.5839333333332,750.9233333333334,720.8089333333332,715.5915166666665,769.6733333333333,740.5706333333335,730.5814500000001,733.0966666666666,711.1497333333333,730.65235,738.3500000000001,722.5423166666666,793.5144833333334,923.49,930.3794718016912,105.82574404102252,116.18730762923224,839.3980646738307,878.287780504019,898.2096,844.9817227360135,776.5212834172521,708.1871431651564,606.3445344006133,1477.1349950233061,812.7989166666669,0.0,0.0,0.0,0.0,0.0,0.0,0.0,0.0,0.0,0.0,0.0,0.0,0.0,0.0,0.0,0.0,0.0,114.33046666666667,939.5494404555391,988.8396854600754,1008.8122004019245,954.8890126820426,887.4396627754863,879.2023166666668,908.157454931682,883.8001274525263,863.5434389060384,874.282946728144,912.7998503140888,988.7397333333333,146.3529792941331,144.02750707797009,153.75281681038518,219.14332673184026,237.2149542943166,236.5432333333332,0.0,0.0,0.0,0.0,0.0,5.7380869350254216e-05,1296.959372620754,1356.7666971072035,1424.7452831990554,677.1505288631913,722.6115064139506,782.2499442909744,797.0020515351182,805.0342124402692,847.1271561541837,892.7071219538021,936.135084917539,975.6907500000002,990.6136255100815,1007.1192238573415,1061.0717691067907,1089.0302132163463,959.5351976946089,767.6683333333333,721.0233833333333,738.1511,725.5266666666666,738.1940833333331,739.6720833333334,236.33766666666685,0.0,0.0,0.0,0.0,0.0,0.0,0.0,0.0,0.0,0.0,0.0,736.3216666666667,747.3062833333333,768.5298833333333,771.45,791.7633333333333,716.9189500000001,610.975,600.6473,606.8576166666666,601.9133333333334,593.7017500000001,595.48025,592.1000000000001,592.8477,619.0097999999999,655.4366666666668,653.4209833333334,624.3300166666668,591.0933333333335,629.5573333333334
2025-02-04,640.9560666666666,599.905,1439.9052833333335,1478.4529833333333,684.8116666666666,939.5792386831264,682.6126333333334,678.67,1486.4899666666665,1509.1226833333335,717.2183333333334,642.6379666666667,1485.122566666667,1530.76,1518.1811166666666,1524.61145,743.9166666666666,698.3936666666665,697.6220833333334,1560.0900000000001,709.5297,684.1081333333333,684.5550000000001,703.7508666666665,736.9745666666665,774.7283333333332,745.1413000000001,713.7997666666669,699.045,727.5685500000001,1620.9155833333334,776.315,700.3188166666666,1582.6324166666668,906.0683333333334,937.620542880617,80.18742509768276,884.1245885445325,903.046454181916,892.0251953783511,863.07155,848.3538641681347,808.6338943249641,726.7820322879119,832.9665348608921,1552.47574212706,910.0464833333335,0.30368842238397065,0.0,0.0,0.0,0.0,0.0,0.0,0.0,0.0,0.0,208.6550058496588,0.0,0.0,0.0,0.0,0.0,0.0,231.57803333333345,1056.289646205838,1063.021823590218,1054.9626911884193,1076.3129996178025,995.9736626312279,890.1542499999998,934.990051483059,895.9773619344762,878.0895231359956,860.6778070500685,901.7797698171354,609.5019319686728,165.39961601204982,199.85979691004218,267.8017911736305,210.01245747430067,315.4535187207464,0.0,0.0,0.0,0.0,0.0,0.0,0.0,1141.3285282663971,1411.1365263275443,1432.0475670129845,1525.3842803939583,724.9364807943712,718.5463267296417,723.4908762728608,762.8592526331868,863.6891102244651,911.7720487449681,943.7995035020333,983.9163166666667,1019.3460661210491,1038.156760436521,1068.1635356876218,1115.0963384741228,981.0197871848865,758.45,725.0802833333332,756.3095666666667,747.8533333333335,734.4849166666664,740.9690666666665,288.410426157989,0.0,0.0,0.0,0.0,0.0,0.0,0.0,0.0,0.0,0.0,0.0,743.7266666666667,749.46055,742.9896166666666,729.1383333333333,771.7825166666667,722.1837500000001,596.59,556.1658000000001,541.3693166666667,540.055,1417.4971,624.5383333333333,0.0,595.0775166666666,603.99435,634.6183333333333,572.3415027464738,623.9432666666668,616.8916666666665,582.2951166666666
2025-02-05,1436.8325166666668,961.529338210742,1460.7884333333334,1465.3456,1492.9933333333333,641.8060499999999,635.4376833333333,664.815,1476.2234666666668,1462.9083666666668,1479.1033333333335,1492.4158,693.9903166666667,689.0133333333332,660.6505166666666,1507.9626666666668,717.3000000000001,682.3280500000001,671.6995000000001,683.6083333333332,669.8392333333334,664.0450000000001,717.2750000000001,724.7876666666666,715.5414999999999,1555.1,710.1337166666666,720.4213333333333,711.4783333333332,703.5102833333333,741.3245333333334,751.9833333333335,719.2905333333333,1641.6647,943.4383333333333,891.4136978054449,849.4043034905434,882.8111251386026,932.4529957008141,913.5805700024903,848.5615499999999,785.596166201763,759.6578259955111,727.0216748005947,644.9903506411306,728.1965830703534,903.688469351205,40.65928347519173,0.0,0.0,0.0,0.0,0.0,0.0,0.0,0.0,0.0,0.0,0.0,0.0,0.0,0.0,0.0,0.0,246.82981666666683,965.0893008392115,960.9253644591874,971.8948061081163,976.0473030023405,920.0030998965648,856.9845833333331,968.3526949455427,829.9738994043005,875.8667690120323,898.363336419753,924.654713827016,985.7811000000002,2.003928911973162,0.0,0.0,185.48730851162588,166.0169973659672,0.0,0.0,0.0,0.0,0.0,0.0,0.0,1351.0513664046218,1418.865739094375,1450.7821498884255,808.8980513826139,654.7584670125075,704.5923504583287,728.485581788844,798.2757698590037,857.2056113574342,850.0257046097786,896.267305212232,996.9852999999998,1033.9951756188816,1020.180286232828,1020.8494106749415,1046.2276624833873,935.2329557988927,754.7033333333335,710.9057666666666,724.1439333333334,727.9549999999999,750.5354833333332,733.9623833333333,42.82805612720506,0.0,0.0,0.0,0.0,0.0,0.0,0.0,0.0,0.0,0.0,0.0,747.0366666666666,717.3390833333334,727.0461833333333,760.4783333333332,794.0958,750.4480166666667,647.7233333333332,606.3221333333333,573.95425,562.2733333333333,563.1973166666667,582.7585,609.4333333333334,588.2684166666667,584.2531666666667,597.595,605.0119000000001,1450.9307666666666,612.3266666666666,0.0
2025-02-06,1414.2486666666668,1453.3000000000002,1472.3635833333333,1490.8413500000001,1498.3466666666668,1490.9263833333334,1478.434083333333,1498.2866666666669,1489.8488333333335,657.8657,667.0566666666666,1504.1433166666666,689.2791833333333,661.0600000000001,623.8553666666667,1299.561424945838,729.3550000000001,691.8186666666666,677.9612666666667,706.3116666666666,686.5658666666667,675.9437833333334,717.3000000000001,709.8187666666668,703.3977833333331,0.0,119.78380585489691,707.0622500000001,649.9766666666666,1528.3269271338715,752.5208333333333,722.8116666666668,703.7730000000001,1644.8313333333333,937.2116666666666,929.07573053068,77.59331001205953,920.5372150042746,902.9273744304995,869.8469559892235,845.5908999999999,797.9463366657325,750.3731411283864,699.8948707357301,673.394977572071,1577.6347747869825,239.23482195492136,15.956315117310737,0.0,0.0,0.0,0.0,0.0,0.0,0.0,0.0,0.0,0.0,0.0,0.0,0.0,0.0,0.0,0.0,179.02334999999994,1026.509672096761,1061.8785568264022,1076.3302927204961,1086.5404141059466,1055.0572150754397,1006.0071166666665,995.3129767788439,898.5335297057379,905.6245831531834,850.1100037037035,822.7274108123102,904.36185,98.35477797801457,108.37927289441598,114.22464469975807,187.16643414314217,223.93597362931814,0.00010335254694382456,0.0,0.0,0.0,0.0,0.0,0.0,511.9518483883379,1396.7295246815384,1406.9038787965437,1473.8857432914979,1002.1577642884358,669.6916922951785,764.2107385231269,819.879127461834,817.3506875540997,871.8655493609026,940.6838793348815,989.0262499999999,1031.5436308950075,1041.5491202397131,1053.9216418077028,1071.1353581309513,947.1830739567793,756.7816666666669,722.3616499999999,767.7833333333333,366.6012580143233,769.0050666666664,743.5587833333334,737.4516666666666,0.0,0.0,0.0,0.0,0.0,0.0,0.0,0.0,0.0,0.0,0.0,748.7866666666669,716.2858000000001,710.9628,739.4416666666666,792.03375,747.9625666666665,617.9966666666667,586.02175,1410.6123333333335,580.0616666666667,581.6662,570.0747666666666,569.5800000000002,584.9458,0.0,539.0700666666664,610.2195500000001,561.5710166666667,475.45833333333337,456.16235000000006
2025-02-07,1339.6410666666668,522.5,461.66096666666675,450.2580833333334,475.56166666666667,469.30551666666673,1276.6215,1301.2350000000001,1339.7256333333335,827.8533211757315,1316.8366666666668,1300.4266499999999,1329.5017333333333,1341.5666666666668,502.5822666666666,525.5709666666668,559.6033333333335,573.5125833333334,567.2367333333333,529.66,508.38186666666667,507.2361,558.0749999999999,588.4423333333334,572.9400666666667,546.4183333333333,1369.4978999999998,536.8139333333334,518.4450000000002,540.6375,599.0612166666666,607.3750000000001,1397.7807833333331,1379.1141166666666,546.0300000000001,0.0,0.0,0.0,0.0,0.0,0.0,0.0,0.0,0.0,0.0,0.0,0.0,0.0,0.0,0.0,0.0,0.0,0.0,0.0,0.0,0.0,0.0,0.0,0.0,0.0,0.0,0.0,0.0,0.0,0.0,0.0,294.2981109367736,0.0,0.0,0.0,432.1080833333333,499.04743966826186,0.0,0.0,0.0,0.0,0.0,0.0,0.0,0.0,0.0,0.0,0.0,0.0,0.0,0.0,0.0,0.0,0.0,15.167414083875997,87.3443836139698,109.39911686092694,154.87209499730267,173.2380046852458,226.51592779090424,282.0239105077607,369.4064328984239,435.97258058329805,445.5556693656547,427.53782167021507,429.93431666666675,441.47706424722367,471.2725401157353,496.3306306095707,452.37036436525864,446.01933745672505,505.6716666666668,0.0,0.0,0.0,0.0,0.0,0.0,0.0,0.0,0.0,0.0,0.0,0.0,0.0,0.0,0.0,0.0,0.0,0.0,466.75073333333336,531.5547333333333,531.985,498.269,89.6503610490783,434.56166666666667,1247.2841863687934,1236.55475,0.0,0.0,0.0,324.61044520794405,421.6243666666667,415.50441666666666,420.6183333333333,442.4898833333334,448.19765,438.6083333333334,437.1714500000001
2025-02-08,445.78998333333345,1257.5983333333334,1270.9146833333334,1266.7401333333332,1248.5216666666668,449.8558833333334,454.6506666666666,463.54499999999996,480.7892333333333,462.56108333333333,1250.0466666666669,1283.6311666666666,1352.288534297496,517.5916666666667,474.0728166666667,1301.988716666666,1333.835,496.30850000000004,505.73268333333334,508.385,539.8275833333336,511.9150666666667,500.3966666666666,1337.8511166666667,520.0522166666667,0.0,517.7912666666668,524.5546499999999,305.72956619561285,490.7143666666667,511.70233333333346,550.365,559.8956166666666,553.1901333333333,0.0,0.0,0.0,0.0,0.0,0.0,0.0,0.0,0.0,0.0,0.0,0.0,0.0,0.0,0.0,0.0,0.0,0.0,0.0,0.0,0.0,0.0,0.0,0.0,0.0,0.0,0.0,0.0,0.0,0.0,0.0,0.0,0.0,0.0,0.0,0.0,0.0,0.0,0.0,0.0,0.0,0.0,0.0,0.0,0.0,0.0,0.0,0.0,0.0,0.0,0.0,0.0,0.0,0.0,0.0,0.0,23.31617164001932,80.3139051981376,62.754480569759096,126.90889324009328,161.65170095586416,195.81941266162139,244.30402559757508,311.3208641435249,391.663609052998,399.70210781523804,355.63796666666656,395.6907885255353,420.83312577638134,437.695677496814,448.747203990681,438.65308320671306,178.68698333333475,0.0,0.0,0.0,0.0,0.0,0.0,0.0,0.0,0.0,0.0,0.0,0.0,0.0,0.0,0.0,0.0,0.0,0.0,513.0679833333334,532.0455,485.93833333333333,479.13595000000004,463.0880666666667,415.72,1231.8533166666666,1212.8406166666666,1218.5833333333335,1224.3866333333333,1270.0565333333334,466.465,1252.4796166666667,1242.4125666666666,1262.695,1232.6008666666667,1295.5160166666667,1428.8049948667326,613.8051333333334
2025-02-09,603.1779999999999,609.1583333333333,598.8864333333335,596.1930833333333,622.9483333333334,625.1605166666667,197.25085651981576,574.1516666666666,1434.0089666666668,638.8308166666667,667.4916666666666,615.2813166666666,636.2141333333334,654.4366666666667,618.5352333333334,640.1135,706.2316666666667,669.0507166666667,627.5244833333334,1491.4093732265655,686.8501333333334,0.0,649.5066666666665,644.4114833333333,656.4128166666667,676.7233333333332,668.5868833333334,683.6249166666668,690.6216666666666,700.4646333333333,692.1738499999999,663.8166666666666,638.9216166666666,1578.0944666666664,867.1033333333334,876.6837451388902,133.0606697866674,879.3705904166742,18.96408793896228,0.0,763.4700166666664,743.7767808039537,737.0495813501151,665.0146142502878,593.9077712112583,1469.529216690666,769.1858333333332,0.0,0.0,0.0,0.0,0.0,0.0,0.0,0.0,0.0,0.0,0.0,337.5541833333334,347.4925407002229,0.0,310.7522528842477,323.68929860282356,328.77949488171566,392.4135142141292,1087.356528674692,1078.331083064806,1078.8109362910131,1114.5269850509212,1000.605159267111,913.7303500000002,885.4361803939534,935.8764578958265,933.4127434460103,877.5502677239839,901.325944686894,600.1260704427596,0.0,0.0,194.11035153687692,219.0400357721012,0.0,0.0,272.3767539788371,297.28358381926944,327.47556457947724,27.042456078744806,390.26551420327314,393.2852647019987,377.7390571285191,1261.0839255881049,510.1051642570793,561.7682459398204,617.9985013769877,677.2996196715955,712.5847760804254,755.3151003647895,821.9505111311919,853.8300643948589,886.0932251406289,939.6396333333334,971.792932487596,989.173454250952,1036.3944643626512,1060.9911139174874,903.0026934695852,698.7083333333333,0.0,0.0,0.0,0.0,0.0,0.0,0.0,0.0,0.0,0.0,194.46167307779479,726.6883333333333,725.3412166666666,0.0,710.3783333333333,732.9480166666667,738.3587166666666,704.2816666666666,717.2188833333335,730.0390166666666,709.375,718.29075,676.3775499999999,586.6483333333334,564.8261333333335,566.2297666666666,566.3483333333334,555.5532499999999,563.4954833333334,567.5383333333333,569.4278666666667,570.2777333333333,567.875,549.17875,570.1371666666665,604.9300000000001,568.3537333333335
2025-02-10,1410.4413333333334,1466.66,1438.5345333333335,594.8151333333334,1443.7683333333334,1421.64255,1423.6867666666667,1474.0416666666667,1445.4708,1448.57895,675.025,664.1740333333332,667.4088333333334,637.0983333333332,614.5355333333333,615.34135,1480.7683333333334,682.8374,691.8472666666665,679.1466666666666,1492.1825333333331,649.8942000000001,691.4333333333334,716.7547,716.9135500000001,738.1583333333334,682.5661,665.3644333333333,663.1933333333334,663.6408666666666,670.0783666666666,832.2420289163017,1502.9369833333335,761.8035666666667,864.9966666666666,878.3188345244023,49.99643883216015,74.49479949119325,39.08191187681007,0.4706167510216801,651.647906667079,799.0945523947034,760.5462650691123,660.8497964010916,594.7757797957448,648.8823550310316,758.0407666666669,0.0,0.0,0.0,0.0,0.0,0.0,0.0,0.0,0.0,0.0,0.0,0.0,112.84265731270114,113.92196895128757,104.79610148150937,0.0,0.0,0.0,756.3952791514466,767.4282930824596,754.794850472575,742.1022169116001,649.9310487954968,575.9242999999998,593.8128942575817,730.1682963329969,726.0095775412934,709.8329476417834,768.7766494981112,810.2582999999998,0.0,0.17198689795361588,73.86520526454115,84.32436140048014,103.90942943733307,201.4114166666667,224.08696454558162,237.54284942503182,291.0458652522475,337.26098152135035,9.422403263670276e-05,427.4726341726948,459.4332889475687,486.5323284251105,505.0851293613897,1045.256645815618,634.4596817716784,651.9630000000002,726.8205487575696,783.9634754429129,821.6179939972851,861.6532937760517,901.9152144415124,941.7916833333333,985.4873918922817,1013.6767871489546,1043.1614466063154,1047.3001145063251,913.9203799961897,755.0083333333334,0.0,0.0,0.0,0.0,0.0,0.0,729.7317500000001,752.2250166666666,0.0,0.0,85.2197935761892,0.0,0.0,722.6521333333335,750.26,739.6111833333333,0.0,720.7616666666667,747.59185,749.2624,729.8050000000001,754.91545,699.9793333333332,568.7916666666667,544.9007833333334,565.5550666666666,584.3616666666667,592.5986,580.7320833333333,568.6166666666667,1421.1779333333334,574.16305,532.1816666666666,554.1476833333335,591.7666,605.5366666666665,569.91105
2025-02-11,1418.0987666666667,1467.1033333333335,1415.6545166666667,1412.487016666667,1457.18,1465.73585,608.3767666666668,613.2583333333334,637.8276,1477.9155166666667,1472.206666666667,1463.73485,654.98145,647.0033333333333,633.0235666666666,652.4533000000001,658.145,631.5379333333334,626.7785833333332,665.77,673.4250166666667,644.8584666666667,636.6533333333334,646.5799,649.7121166666667,678.2216666666666,691.2504833333332,685.3848333333334,645.1466666666666,857.8239612228116,1528.5100166666666,695.9849999999999,659.5683166666668,1556.2777833333334,849.4266666666668,884.5933496372443,41.66223071133879,856.4228792436992,0.0,0.0,0.0,753.5281543701152,273.1313609726028,623.3277359165357,564.6274652482991,1462.6157185823968,749.8985500000001,0.0,0.0,0.0,0.0,0.0,0.0,0.0,0.0,0.0,0.0,0.0,0.0,0.0,90.57073182141619,31.745198684875618,34.54297042110318,8.150768374805352,0.0,819.7416311273444,842.468620701611,801.5791896175319,803.846893146063,730.8815240283388,705.8637166666663,687.7440919482893,734.0442317846713,777.5593021328626,751.063779873767,792.6960710335144,849.5824333333336,10.287151294381589,24.120155528756754,22.44028421225744,45.8056368248765,0.0,0.0,92.4400440401281,132.33091035417112,5.527422865725384e-05,0.0,0.0,338.0807314841272,1244.8482955110608,468.3870116942397,481.94227638882137,543.6225912434995,1282.7208088390225,632.9975892718489,701.3716534076733,761.746852816927,804.8960175261043,840.2060174540214,891.9397578974596,951.516560658388,983.8107861078852,1002.823534670208,1024.8410997231829,1034.8867295608522,924.4873927840518,764.4116666666667,0.0,0.0,0.0,0.0,0.0,0.0,720.7809833333334,10.764300000001072,0.0,713.1850833333334,740.9577333333333,0.0,0.0,0.0,713.6750000000002,720.2581666666666,0.0,745.4116666666667,726.4503166666667,717.8260166666666,734.0183333333333,746.13775,671.9055333333333,572.0183333333333,586.9455833333334,624.3552166666666,629.28,581.1587333333333,556.8433833333333,580.6983333333334,553.0142666666667,549.0271666666666,575.8933333333333,581.4934166666667,570.21385,566.3349999999999,605.1657666666667
2025-02-12,637.6645666666667,1466.8266666666668,1416.7762333333335,1407.9807,1443.0749999999998,1482.1305000000002,619.4337833333332,601.7883333333334,1457.6951,639.5854333333333,627.2700000000001,1460.7811833333335,1503.5994666666666,673.175,642.5158333333333,640.7629000000001,658.2183333333334,636.1445833333332,1469.6281666666666,1494.2966666666666,1482.9615166666667,923.9359456790123,704.2333333333335,724.3672333333334,695.8103000000001,682.1466666666668,680.7235,697.5813833333334,692.2033333333333,671.9956833333333,693.7039833333332,696.3,688.7633000000001,1582.075616666667,859.1016666666667,897.0276190196444,45.29137481631278,855.9900839405793,51.406513279492856,0.0,749.8372166666667,771.7384635976829,0.0,0.0,567.5536790755096,1481.3360785927393,374.14050732093534,0.0,0.0,0.0,0.0,0.0,0.0,0.0,0.0,0.0,0.0,0.0,0.0,155.37779117354592,196.37827725931925,0.0,105.94388969700697,75.3068123024276,49.39701666666667,866.5124698240444,770.2977137905697,710.2104440463685,749.3941022656553,713.9241244409831,626.0785666666667,682.0513185619374,717.0221178260248,717.7537888107773,748.1800601954891,789.1336308050776,771.7646000000001,0.0,9.127341386344938,96.25364769012458,121.54822744893761,0.0,175.1782333333332,224.3808466175184,213.21751434069063,0.00010105667729476409,0.0,0.0,327.892555138681,385.41263355891635,1290.1340763753424,1206.7323956846765,552.7894177279145,610.0857850997053,671.0559108813177,716.3022344565306,764.5449032663779,821.6445602298443,845.9958404025849,886.5304642182186,947.4825852822196,977.2146356784847,998.7966752290328,1030.4105362780822,1060.191922662648,917.274240563983,730.4383333333334,0.0,0.0,0.0,115.32461166666633,0.0,0.0,727.4644166666669,744.51355,0.0,0.0,0.0,729.2533333333332,0.0,0.0,733.2583333333333,708.1646000000001,0.0,744.8833333333334,727.7796500000001,727.3281666666667,758.6083333333333,763.2301833333333,669.2334500000001,553.1266666666667,558.2816333333334,1411.6868,577.5316666666665,567.2795333333333,1021.8865724279838,1414.3283333333334,560.5308833333332,0.0,576.5083333333334,596.4689833333333,578.11135,0.0,0.0
2025-02-13,625.81975,1450.435,1422.1728,1443.1520833333334,1492.0866666666666,1461.407866666667,589.6372999999999,613.5366666666666,639.7689333333333,1467.8065000000001,1431.585,607.4789,632.6274666666667,1444.5666666666668,1447.3863833333335,1044.0612024857612,686.2283333333334,651.8322,1464.8036000000002,1486.3083333333334,664.3702166666667,675.9745666666668,706.19,0.000231819867324218,629.0086166666667,1477.0183333333334,701.5670333333335,694.0617333333333,651.3983333333335,674.7979166666667,699.7882666666668,667.8683333333333,633.5068166666667,725.3604833333336,881.5033333333334,68.74765365488452,46.66398245227674,870.8901269908764,8.772073084253634,0.0,0.0,0.0,67.53494435633604,648.7494633842618,547.9289601542476,1463.281869698028,831.1760000000002,0.0,0.0,0.0,0.0,0.0,0.0,0.0,0.0,0.0,0.0,0.0,0.0,28.55861291328165,51.4833149473975,0.0,0.0,0.0,491.3531501076709,825.209063542611,747.7766472190245,717.4683158827189,719.7073668497784,706.7123613328446,696.3908000000002,716.4281326402746,771.3143810946032,752.3086341181701,731.5199978437571,802.9160286205646,881.2215666666665,130.14528310732464,0.0006983171874601624,130.497443677452,0.0,0.0,0.0,151.52590623730873,0.0,0.003802273199710271,171.00838524085316,0.0,278.0745833333334,997.8673399478848,370.3773445256106,393.7494541981022,445.4033134712738,521.3964726609697,587.1039833928917,644.873583441069,702.3232960901046,750.3296674097217,823.9507182390936,861.4750741353569,907.8483999999999,972.198715023426,997.0116109913528,1024.2886554478694,1045.7001322826645,919.0394796077708,741.0916666666667,0.0,0.0,0.0,708.8447000000002,0.0,0.0,213.1742000000005,732.1059833333333,0.0,0.0,696.9567999999999,713.9133333333332,726.8122333333333,0.0,0.0,0.0,0.0,713.4516666666668,745.6474833333333,759.4803833333334,736.0550000000001,762.25555,704.5117499999999,592.5633333333334,561.9331666666667,572.8767833333334,573.3366666666667,1417.2373833333336,580.1199333333334,580.3416666666667,584.07135,570.5388833333334,568.4583333333335,0.0,485.1895999999999,419.0233333333333,399.0108333333333
2025-02-14,432.76418333333334,459.3,1265.3700666666668,1246.3214333333326,1245.385,1242.7706500000002,1282.7617666666667,454.27333333333337,465.83935,460.5813,468.77166666666676,1314.2178833333335,1342.6533666666667,1331.4366666666667,488.7282166666667,477.06378333333333,479.0083333333334,483.65158333333335,509.4314,530.4633333333334,0.0,491.1902999999999,492.9049999999999,540.76965,543.3720000000001,512.3866666666667,1332.32734964877,539.1206999999999,535.9299999999998,527.7270833333333,0.0,0.0,1350.5377833333332,1365.2066833333333,0.0,0.0,0.0,0.0,0.0,0.0,0.0,0.0,0.0,0.0,0.0,0.0,0.0,0.0,0.0,0.0,0.0,0.0,0.0,0.0,0.0,0.0,0.0,0.0,0.0,0.0,0.0,0.0,0.0,0.0,0.0,0.0,0.0,0.0,0.0,0.0,0.0,0.0,0.0,0.0,0.0,0.0,0.0,0.0,0.0,0.0,0.0,0.0,0.0,0.0,0.0,0.0,0.0,0.0,0.0,0.0,0.0,0.0,93.38192411638158,164.52205009939559,192.07144479112856,200.2187593704943,309.5737740393874,393.3526115126027,392.91175667243465,373.54127722609354,335.80468333333323,368.37881133231804,407.31749449693797,419.2259660077387,402.41352124436656,418.82774317635176,476.775,0.0,0.0,0.0,0.0,0.0,0.0,0.0,0.0,0.0,0.0,0.0,0.0,0.0,0.0,0.0,0.0,0.0,0.0,473.63948333333326,492.99745000000013,502.3583333333334,502.8095333333334,395.7832666666676,391.17666666666673,367.07956666666655,1247.1388188847905,436.65166666666664,400.3307833333334,380.43890000000005,151.06601003665293,412.81879999999995,0.0,445.3966666666666,435.89483333333334,419.9635333333333,407.9016666666667,405.43300000000005
2025-02-15,419.23266666666666,457.4483333333333,1289.1952666666668,1287.6530666666667,1293.135,1285.66055,451.47216666666674,415.7566666666667,1264.5618833333333,1295.497216666668,478.48166666666674,462.37950000000006,458.10450000000003,453.2266666666667,433.8581666666666,454.12698710314953,505.325,528.04315,513.7437333333332,470.7183333333333,1307.2931666666666,1309.5687166666667,1338.3266666666668,506.70060000000007,521.1440833333334,547.7716666666665,0.0,520.9575333333333,523.5450000000001,0.00043450673024381103,522.9060166666666,527.2183333333334,555.1396,550.8609666666666,0.0,0.0,0.0,0.0,0.0,0.0,0.0,0.0,0.0,0.0,0.0,0.0,0.0,0.0,0.0,0.0,0.0,0.0,0.0,0.0,0.0,0.0,0.0,0.0,0.0,0.0,0.0,0.0,0.0,0.0,0.0,0.0,0.0,0.0,0.0,0.0,0.0,0.0,0.0,0.0,0.0,0.0,0.0,0.0,0.0,0.0,0.0,0.0,0.0,0.0,0.0,0.0,0.0,0.0,0.0,0.0,0.0,88.39766198108532,141.24463152022565,166.92634753606688,203.07254749645006,290.25414914138526,348.2887938371731,372.17020312125885,409.65672068223364,413.071369464187,378.9621176300252,367.1212764209116,408.98655034089245,462.47741956390223,461.4762997157595,440.554567272286,465.1333333333333,0.0,0.0,0.0,0.0,0.0,0.0,0.0,0.0,0.0,0.0,0.0,0.0,0.0,0.0,0.0,0.0,0.0,0.0,657.8185207818942,460.22921666666673,485.84166666666675,489.7381500000001,0.0,394.84666666666664,1247.9086436435682,1258.9666333333334,398.4733333333333,374.03035,401.1919333333333,413.1216666666666,392.18551666666673,397.9589000000001,443.8633333333333,407.7520166666667,441.67400000000004,548.6983333333334,584.3366833333333
2025-02-16,1406.7363666666668,585.1583333333333,597.9198,629.2867833333333,1476.3166666666666,1443.8985000000002,1432.9635833333332,616.49,1215.5825818930048,1449.6267833333332,1448.1433333333334,637.2059666666667,666.5278166666667,634.8433333333332,624.7365333333333,643.1337166666667,644.965,1482.69275,662.9978166666665,668.1683333333333,1493.9766833333333,630.7742999999999,659.8733333333334,699.0467666666666,655.1450666666668,596.125,1492.97865,1542.4597666666666,682.8766666666668,692.3694166666667,676.8562999999998,643.8183333333333,667.1159666666666,763.4266666666666,884.7566666666667,49.05227570525301,32.47127608162987,35.43013577814213,844.4505458232588,793.9290333908795,771.1519666666667,759.5515113663597,740.2937100298083,661.1374258903636,587.9429357783107,646.6312931586625,0.0,0.0,0.0,0.0,0.0,0.0,0.0,0.0,0.0,0.0,0.0,0.0,0.0,0.0,0.0,0.0,120.14382449050655,0.0,165.99456666666651,928.9654263678707,913.3664651081777,876.0370983134477,838.6262009473484,819.2188967616909,811.5810833333334,747.1569316068025,800.9179748931701,795.3287753405576,780.9544418069235,810.7679578356157,862.3396666666667,0.0,0.0,3.8655324613739594,23.99078171253268,48.05524036825386,47.98488333333319,88.31904943961092,167.24155145666742,0.0,0.0,0.0,238.45522636448345,1142.8592234414361,1199.6984072883324,403.883921176379,490.2681557590141,551.6147401619503,609.1096581186896,669.5459147532774,713.2118612980081,743.0323064230072,789.7252489041314,835.2055386067472,896.0833001313545,981.282587892751,1021.923531972655,1018.6089898679564,1028.6554983425278,903.5052049945779,723.6416666666667,0.0,0.0,0.0,0.0,744.0793500000001,731.39,0.0,0.0,0.0,777.4348833333332,0.0,0.0,723.6565333333333,711.1302666666666,0.0,104.08126666666783,0.0,757.4,717.9672166666667,723.2146333333334,749.5750000000002,750.5613000000001,668.20215,563.0816666666667,1396.8362000000002,1405.38745,558.505,537.56555,546.4797333333333,553.8299999999999,575.7880333333333,575.2398499999999,583.3399999999999,586.70185,588.30525,589.3199999999999,584.7449333333333
2025-02-17,1404.6951000000001,1415.685,890.6614984118885,1407.7231666666667,1410.3766666666666,1443.25485,625.5455166666666,619.3699999999999,585.2945833333333,1427.51315,1465.1316666666667,629.7122166666666,1485.6644333333334,1482.545,637.2468333333334,650.78375,659.5283333333334,643.45965,630.3473,629.5533333333333,662.3767500000001,1500.73775,674.1850000000001,673.6701499999998,20.091063024604605,727.3166666666666,714.7353333333334,709.0746333333332,690.705,689.51205,693.7853999999999,684.4166666666666,674.8897666666666,1615.5864927679777,913.7583333333332,221.68444529474755,4.887947801978157,35.33157780813394,5.971594241676485,795.9984811602662,758.8175833333333,0.0,653.8092870499813,604.4579789935909,530.2268376795985,566.5574609012666,0.0,0.0,0.0,0.0,0.0,0.0,0.0,0.0,0.0,0.0,0.0,0.0,0.0,100.63188683079325,127.15886344657281,104.31664698814825,70.15507053956071,0.0,19.118916666666564,836.7470070991602,846.2049759752974,826.4028338365741,793.7898670907814,800.1202409502929,804.9826166666668,766.0979657988311,725.9592930555525,730.1454204062775,759.894187193456,799.5633895322702,820.9309499999999,0.0,0.0,0.0,0.0,0.0,0.0,9.235944627159029,0.0,0.0,0.0,0.0,0.0003384632291840717,1201.3587843179491,889.5087221729132,457.3436264159478,483.38022319530364,503.96874197675163,533.43285,626.5146726475419,680.6788240974746,729.8333676973139,809.7279705746494,865.9286076306219,918.1541666666667,949.4240462155745,996.338641925242,1029.0631480661498,1046.0518036965298,913.373897413175,731.5966666666668,706.9697,62.10485000000119,702.8333333333334,0.0,0.0,0.0,0.0,0.0,0.0,768.8474499999999,0.0,0.0,0.0,0.0,728.8916666666665,742.0590000000001,0.0,748.6966666666667,734.6064499999999,749.2768499999999,764.1783333333334,779.7478833333333,710.2953000000001,580.2916666666667,545.6564,537.8220833333334,556.575,1287.74460781893,574.4869666666667,575.6683333333334,571.6730666666666,585.2395666666666,603.9466666666668,611.0839500000001,610.2813500000001,607.4466666666666,0.0
2025-02-18,1406.1790833333334,1415.8083333333334,592.7611333333333,591.5419,579.81,1406.3036166666666,1415.5942333333332,1438.1399999999999,1455.80195,636.20705,625.4583333333334,1474.3976666666667,1492.97595,642.0766666666667,650.6645666666666,652.9605166666666,647.0083333333334,657.4220833333334,1005.0565413580205,643.1966666666666,671.9306166666668,655.5764833333334,623.7316666666668,1462.33365,662.1413833333334,698.1533333333332,690.064,699.5629333333333,690.5083333333333,663.66555,659.7689333333333,669.9383333333333,1489.5694333333333,1568.5504166666667,861.2616666666665,892.5138724856397,43.790331734434176,9.131722867952476,34.27324629392365,747.2302864100569,741.6633833333333,699.0849610196502,690.952522021941,632.7088060246917,534.0816694090724,575.4070059191147,0.0,0.0,0.0,0.0,0.0,0.0,0.0,0.0,0.0,0.0,0.0,0.0,0.0,129.66256008198138,123.1948207788007,126.4416973573791,134.7516903074942,109.84046173203728,85.82320000000004,816.560770988548,873.9521338018047,841.7703463985919,630.72564975903,807.0504692025185,748.2333500000003,712.509365577927,553.4902599058905,618.519520806376,680.6473020508821,724.5428812004659,800.0044333333336,0.0,0.0,0.0,0.0,0.0,0.0,0.0,0.0,0.0,0.0,0.0,0.0,1106.8015120022244,375.62876350937296,411.7294132573808,1327.747879631066,572.0593897089516,600.7714666666668,614.122561244286,684.5682934256139,760.6227538115866,829.2911389332695,843.8616672770509,917.9945666666665,964.0565077319709,1002.1684294551952,1017.1791830072613,1028.1697508189234,899.8868041657705,723.3866666666668,0.0,0.0,148.50355622966435,0.0,0.0,0.0,0.0,0.0,750.21,779.2871333333333,753.4318833333332,740.4949999999999,0.0,741.5946666666667,0.0,0.0,0.0,773.3216666666667,728.9491833333333,737.3112166666666,772.3433333333334,770.3809,663.8955166666667,523.9866666666667,530.4172833333332,571.4519833333334,576.7516666666667,545.1271666666667,557.4909166666666,589.8216666666667,581.8485333333334,572.8281333333334,588.8050000000002,605.8731833333334,581.3223333333334,1382.9333333333334,1400.3046481192719
2025-02-19,1402.7940833333332,1280.185521331333,1416.8909,595.8763166666666,607.1583333333333,1447.5405333333333,1446.3339333333333,1428.2116666666666,595.4797,596.2514833333333,575.8483333333334,1462.0389,1478.4279333333334,1431.79,1462.9663833333334,650.8575333333333,628.9366666666667,635.6904833333334,658.8933999999999,654.2850000000001,1499.319966666667,649.4563166666666,663.6566666666668,698.2716833333334,698.3142500000001,702.5566666666665,704.2558166666666,718.0431666666666,687.7516666666667,662.7348499999999,671.2142499999999,692.8566666666667,664.2150166666665,735.2049833333332,860.0116666666665,54.98800197737057,48.29441203803742,26.44119948085529,6.758292741553646,831.4502132640522,794.8150333333333,348.69856881297375,649.4997627212363,620.0708777382654,524.2015551665988,549.208477688755,0.0,0.0,0.0,0.0,0.0,0.0,0.0,0.0,0.0,0.0,0.0,0.0,0.0,0.0,0.0,0.0,0.0,0.0,0.0,677.1453209282778,707.2418252180186,680.1315861806053,633.8711751536067,612.1667562085921,590.0981499999999,567.4983925269368,683.1668413030293,695.8334051155292,709.40419371717,748.552724103885,811.6692833333335,0.0,0.0,7.844777078159041,0.0,0.0,0.0,149.53475960861138,0.0,0.0,0.0,0.0,2.4469605349715368e-05,456.9081796799681,1241.0727893042513,1266.9078464854504,1349.525672952783,549.2823759460612,545.2116666666666,589.7371229954521,668.8673268219716,709.8764861781333,752.9920934444755,818.1162206858301,890.6054999999999,945.9042902695643,979.5092077377865,1010.2821310567572,1057.7049890363803,921.6888992359056,720.2733333333333,0.0,0.0,0.0,0.0,0.0,717.5766666666666,726.64235,756.8964833333333,0.0,0.0,205.96405387599498,763.2666666666668,0.0,0.0,0.0,735.9826666666668,0.0,761.0383333333334,728.7649499999999,744.1260166666665,777.7800000000002,791.7851499999999,695.0436666666667,538.2116666666667,522.04385,544.4198,557.025,564.7379666666666,580.9865500000001,575.235,593.9482,598.1667500000001,592.9550000000002,592.2224666666666,564.0788333333333,553.64,613.3322
2025-02-20,605.2752166666666,1399.355,1446.8585833333334,643.7923,629.3633333333333,1456.5403666666666,1457.4880166666667,1451.7333333333333,1469.3321500000002,653.0227,637.7600000000001,635.0044166666667,1481.85655,1464.4633333333334,626.7160666666667,621.0663166666666,994.6068515934229,651.5706833333332,680.6355999999998,667.7316666666667,694.1466166666668,686.7933499999999,665.2350000000001,1481.0517833333333,1489.1957166666668,681.8766666666667,648.6564666666666,662.8808833333334,700.9999999999999,703.5896666666666,1518.0264833333335,674.46,675.8417833333333,1597.7318833333334,880.3483333333335,179.16550961436553,0.7987132791955673,52.14946871050665,5.777136020418084,0.0,763.6914166666667,718.1590322824065,661.9273431746983,589.597881881215,532.2270751044575,598.7066938380883,0.0,0.0,0.0,0.0,0.0,0.0,0.0,0.0,0.0,0.0,0.0,0.0,187.6280166666669,128.50819651530082,138.3255703631304,151.4670280396275,122.29951650617659,85.13846200407568,222.30642952063403,915.9272736065597,856.9477202003603,833.4512106991427,800.3712471372174,761.8151232951953,724.7936166666669,755.4225308803569,796.4018238203677,768.5028610302041,730.5065680111062,722.4177210927818,761.5462166666667,0.0,0.0,0.0,0.0,0.0,0.0,0.0,0.0,0.0,8.751997262379518e-05,0.0,0.0,1110.3496398670861,576.2891783516106,365.02392373399664,431.8181587360174,493.5741870807402,546.9406000000001,568.8206349840563,644.484855053129,744.0905784252831,749.4948400867119,810.560882176557,896.4055833333332,940.0934855831624,947.0754165957526,992.9645938125774,1048.48725050365,929.2285608912177,708.3066666666667,694.7706333333335,0.0,0.0,0.0,0.0,0.0,0.0,761.47055,0.0,0.0,210.7202333333347,733.7433333333333,0.0,0.0,745.3566666666668,725.7167666666666,0.0,752.3366666666668,755.5844333333334,740.2198499999998,740.1416666666667,778.6425333333333,697.7385333333334,549.0783333333335,535.3195166666666,1399.90695,581.1200000000001,591.4623333333333,0.0,562.7483333333332,557.7217333333333,573.2213833333334,511.9231666666668,605.6581833333333,515.4043666666666,418.18000000000006,433.3835166666666
2025-02-21,1261.9280666666666,1226.4983333333332,1247.15585,1291.6362666666664,462.52500000000003,1254.0971764327505,1253.6739333333335,1276.7350000000001,420.6345833333333,431.8544833333333,466.3500000000001,1315.5263666666667,1336.3069,1327.6383333333333,502.2937,507.62688333333335,512.3466666666667,523.1653333333333,540.7755666666665,522.6633333333332,534.2573500000001,499.1179166666666,474.7916666666667,495.5270166666667,489.8826333333334,504.925,0.0,0.0,527.6716666666666,487.10361666666665,474.9941666666667,530.1083333333332,563.7827666666666,279.85124056986945,0.0,0.0,0.0,0.0,0.0,0.0,0.0,0.0,0.0,0.0,0.0,0.0,0.0,0.0,0.0,0.0,0.0,0.0,0.0,0.0,0.0,0.0,0.0,0.0,0.0,0.0,0.0,0.0,0.0,0.0,0.0,0.0,0.0,0.0,0.0,0.0,0.0,0.0,0.0,0.0,0.0,0.0,0.0,0.0,0.0,0.0,0.0,0.0,0.0,0.0,0.0,0.0,0.0,0.0,0.0,0.0,0.0,0.0,0.0,0.0,94.35458786162559,172.26684338479714,210.71610244353073,240.82253433964004,313.46165467448907,327.50127549078826,300.41246666666666,385.83651488336693,441.89614949636973,442.49415475531254,449.8483945589408,484.46333213761517,216.30525615141704,0.0,0.0,0.0,0.0,0.0,0.0,0.0,0.0,0.0,0.0,0.0,0.0,0.0,0.0,0.0,0.0,0.0,0.0,475.52011666666675,487.09090000000015,500.28166666666664,499.2683999999999,438.9237166666666,366.0316666666665,1221.66745,1232.6887833333333,388.0966666666667,0.0,415.0603,412.14166666666665,0.0,428.49884999999995,430.4316666666667,437.2915166666667,431.3412166666667,431.8133333333334,427.25383333333326
2025-02-22,1241.53555,1249.4583333333335,439.8910166666667,472.43855,484.09166666666675,452.76436666666666,1276.92685,458.09499999999997,440.56239999999997,1276.46625,1303.2433333333333,1310.0519833333333,1341.9621880278316,484.9583333333333,480.1902333333334,483.70446666666663,495.50333333333333,1322.3730166666667,481.7764000000001,0.0,498.61386666666675,504.64836666666656,504.66166666666663,505.56998333333337,476.5402166666667,498.10833333333323,385.14297614401437,532.3918166666665,544.3016666666667,508.5497000000001,517.6872,574.7083333333334,0.0,525.7270333333336,0.0,0.0,0.0,0.0,0.0,0.0,0.0,0.0,0.0,0.0,0.0,0.0,0.0,0.0,0.0,0.0,0.0,0.0,0.0,0.0,0.0,0.0,0.0,0.0,0.0,0.0,0.0,0.0,0.0,0.0,0.0,0.0,0.0,0.0,0.0,0.0,0.0,0.0,0.0,0.0,0.0,0.0,0.0,0.0,0.0,0.0,0.0,0.0,0.0,0.0,0.0,0.0,0.0,0.0,0.0,0.0,23.067425916904142,64.55699849567964,74.20927578941905,108.32205190607442,165.5886508876129,183.34964499855752,204.76948151406114,249.71887519749123,348.6131716460824,395.6914378824646,352.2148333333334,371.09833118483584,418.7346848304576,464.91868102756564,477.2204075440512,460.5527258528864,336.49683333333127,0.0,0.0,0.0,0.0,0.0,0.0,0.0,0.0,0.0,0.0,0.0,0.0,0.0,0.0,0.0,0.0,0.0,0.0,516.5506666666665,513.7085833333335,485.52333333333326,501.36673333333323,462.3430666666667,387.84666666666675,1196.7322333333334,1240.3867833333334,458.1616666666667,1272.06955,1248.2841,1261.03,436.8585333333333,432.02624999999995,424.165,406.3329666666668,1290.5529110868226,565.7616666666668,0.0
2025-02-23,587.0956166666666,571.44,602.87595,646.1271666666667,640.7149999999999,592.6907166666666,1418.7109333333333,1455.7983333333332,628.2179166666666,628.9332666666667,1467.1533333333332,596.9603,1381.000047476628,633.295,645.9212000000001,648.9792666666666,645.3366666666666,617.6506499999999,647.47415,674.2616666666668,683.3863166666666,644.2431333333333,1465.9583333333335,1502.387416666667,687.3010333333334,696.92,649.6337166666667,679.7387833333332,718.2,655.0253666666667,647.9125833333333,710.895,650.5764833333334,739.5495833333335,921.3533333333332,44.950555141394716,0.0,23.077775159267958,0.23832970582930102,0.0,750.2839333333333,713.0480990118044,663.3027918402455,578.2983600683802,546.4794257306421,1067.845556572211,0.0,0.0,0.0,0.0,0.0,0.0,0.0,0.0,0.0,0.0,0.0,0.0,0.0,0.0,0.0,0.0,0.0,0.0,0.0,752.6277826285881,765.4161588790383,738.4496187042577,831.9382858627883,865.7227954299977,820.7077166666671,824.5000558521093,776.61337037037,764.0399020833332,736.9141296296299,726.8934787037035,765.2117166666668,0.0,0.0,0.0,21.393941463360306,0.0,0.0,116.00854854428508,0.0,0.0,0.0,0.0,0.00016979476532696935,302.27312996279056,1179.9015020902375,1228.9127121076958,421.1056555966577,492.26041972486377,564.8624697868815,629.2006920203293,677.86304663749,731.8076566904156,770.6286687917845,825.5454746818182,873.3168333333334,918.7045117189597,947.2077139632314,995.4008040387611,1074.1582401794738,959.8088346368959,719.6966666666667,0.0,0.0,0.0,0.0,730.2956999999999,768.1700000000001,0.0,0.0,0.0,135.13736604069527,729.9416166666666,0.0,0.0,0.0,718.215,732.9325,0.0,710.6033333333332,738.8881333333333,741.2856833333334,721.7649999999999,762.64965,696.0895,577.1083333333332,1383.2922666666668,1397.2536833333334,558.3066666666666,560.8816833333333,576.9241666666667,403.2715333333335,0.0,549.7333166666666,585.6416666666668,603.1827166666667,0.0,573.2683333333332,585.75985
2025-02-24,1421.9855499999999,1422.83,1414.6563666666666,611.2694166666666,632.3450000000001,608.8400333333333,1419.2245000000003,1421.2916666666667,1445.3292000000001,633.3284500000001,649.7350000000001,657.9966833333333,673.0556,638.18,787.1958203201293,630.9892166666667,660.1433333333332,658.8824833333333,1510.7589166666667,1493.0033333333336,645.0943833333333,641.0697333333333,1506.83,675.1767833333333,684.6012166666667,721.7699999999999,685.0046333333335,644.4653833333334,642.1483333333333,1490.4320666666667,682.1476833333332,687.7149999999999,1478.7830833333335,1577.52545,912.0566666666666,33.5696601549912,0.0,323.67936187809806,839.3811302826995,0.0,0.0,707.9062723408722,646.2134773869734,573.0734137264885,527.4684649709423,598.185799127524,733.5778833333334,0.0,0.0,0.0,0.0,0.0,0.0,0.0,0.0,0.0,0.0,0.0,0.0,0.0,52.993220928773326,0.0,0.0,0.0,0.0,646.0910207534503,677.0658362081427,642.9156255565125,641.4024595806278,590.4307803087607,528.3212333333331,555.5437813779885,574.7953895083712,568.9545136193401,533.1416513165999,549.0250493422296,386.55787591827084,0.0,0.0,0.0,0.0,0.0,0.0,0.0,0.0,0.0,0.0,0.0,244.29234203116454,1194.236718103582,390.04093720176724,446.96305137915397,516.3118961830141,543.3502789410634,571.1057495026585,626.4086076822762,684.5134187434005,746.5427587651875,779.9106533211768,839.4461423351668,901.1391751744034,959.1893087606619,989.983726782734,1005.160978521899,1058.696598543539,917.6511161858514,681.8016666666667,693.5865333333334,0.0,0.0,0.0,0.0,0.0,194.28898333333473,775.6240999999999,0.0,0.0,716.0874666666667,739.2916666666667,750.3269166666666,0.0,0.0,0.0,0.0,722.2533333333333,748.5318833333333,755.2959833333332,744.4616666666666,784.7294166666666,697.4928833333333,560.2783333333333,543.5277333333333,1404.46675,569.8683333333333,569.5497166666667,571.2977666666667,586.1,517.9811666666667,611.85365,606.3650000000001,596.7002333333334,594.9773166666666,584.7733333333333,0.0
2025-02-25,581.6904666666666,1411.83,1415.153816666667,1437.3202666666666,1470.5150000000003,593.9044833333334,1443.6273666666666,642.405,597.72135,608.2299,666.2316666666668,1453.2005333333332,1443.9874166666668,1463.6483333333333,1476.5277333333333,620.7039333333332,597.095,630.6649833333333,675.8615666666666,652.4616666666667,724.1561193300663,656.2040166666666,689.5383333333333,671.1153666666667,654.1499666666667,685.9216666666666,684.6718833333334,687.7831833333333,708.2716666666666,671.4681166666667,1515.1943499999998,707.7133333333333,646.9992833333332,1557.1046333333334,901.2733333333333,59.4444997730252,0.0,0.0,0.0,0.0,0.0,391.09141415278884,601.4285035727236,553.6051134743996,464.79260883454015,512.6672865137198,0.0,0.0,0.0,0.0,0.0,0.0,0.0,0.0,0.0,0.0,0.0,0.0,0.0,0.0,0.0,0.0,0.0,0.0,0.0,754.5642164019424,769.5510527061109,801.1151598853961,847.8668811477941,833.2912887720639,779.7350833333331,770.1228800126609,672.5159826836078,632.8144905702546,606.661736511289,637.3076512096295,686.4431666666668,0.0,0.0,0.0,0.0,10.514955031621412,76.59503333333328,45.78466136641123,42.51530957142779,113.80231162578184,151.61740994851175,0.0,283.5185956960362,314.3255954802495,336.28384556050446,409.4011938754968,677.8712514227376,488.85534487879704,553.0916952030786,624.4065601212354,670.085320874241,722.9760226703872,782.2521781735215,838.7718527185314,879.8655333333334,917.3042845676496,965.7944073203971,1037.4495332128215,1070.387825609377,935.191884391819,736.3666666666667,709.50755,0.0,0.0,756.3941333333333,0.0,0.0,0.0,87.9030583342493,0.0,0.0,0.0,765.8916666666668,749.4940499999999,0.0,0.0,751.36895,0.0,731.0533333333333,745.8107,745.1393833333333,720.2533333333333,750.4048333333335,674.2212333333334,559.3149999999999,570.7611833333333,576.3125833333335,530.4733333333334,1240.1819211934157,559.6356333333333,585.5183333333333,0.0,576.6829833333334,594.7283333333335,577.8769166666666,568.0920833333333,1395.9329757405828,567.7120500000001
2025-02-26,1396.7545833333334,1402.3166666666668,1393.1042666666667,1431.7257333333332,1484.855,621.5590833333333,632.6443666666667,1484.5133333333333,598.0566166666667,1450.2573666666667,689.3566666666668,640.9367333333332,641.2254333333333,641.2066666666666,641.5517,666.702,695.8816666666667,657.0349333333334,1493.9829166666668,1507.8483333333334,667.9136833333334,625.5038833333333,1472.7916666666665,1513.05715,946.3225627560711,637.8533333333335,682.1127833333335,0.00013097742479042493,0.0,694.7078166666668,1518.72645,691.8149999999999,723.4623459126449,1542.42375,894.0666666666666,48.91620696880307,41.64372106533017,61.105570776090985,0.0,0.0,742.4698333333333,0.0,611.5027749839911,533.3371586221839,435.7517711816817,495.5347520525976,185.94942053212515,0.0,0.0,0.0,0.0,0.0,0.0,0.0,0.0,0.0,0.0,0.0,0.0,0.0,0.0,0.0,0.0,0.0,0.0,723.8728451384301,741.5854225152092,712.0589356127099,727.1161130800755,668.3135388265611,624.2106999999996,638.8677742384128,768.248724461008,717.0489131529506,683.1804342636195,730.560652597928,797.2479833333335,0.0,4.7413248736102105,55.47429513630982,0.0,4.997149096841458e-05,56.18804999999986,119.7962801950896,0.0,0.0,0.0,0.0,278.15648492675007,354.2954312915307,1242.1993905029706,454.3560877563274,487.7242068658012,535.6898436902582,552.6213554674594,638.3136109004497,688.4250937432889,692.0839672496954,762.48303957449,815.7191015771959,852.9246333333334,890.1799188224925,953.9116312153241,1025.2359011491098,1040.273067824173,903.5187054587038,724.9283333333333,0.0,0.0,719.3766666666668,0.0,0.0,716.6650000000001,732.3225833333335,0.0,0.0,0.0,289.24898333333283,0.0,766.2960499999999,746.9916333333332,0.0,0.0,0.0,767.6733333333332,759.1804666666667,763.756,775.4466666666666,778.7369000000001,708.8068333333333,605.2633333333333,555.56995,567.97985,602.6383333333333,591.659,581.2070166666667,593.7466666666668,578.6701166666668,565.6468,570.685,633.0947666666667,635.9325333333334,590.2783333333334,588.4968666666666
2025-02-27,599.12075,607.9666666666667,602.6198833333334,626.2576166666668,662.8066666666668,1470.99595,1451.8602833333334,1440.45,1431.1523833333333,1435.5590499999998,1448.8183333333336,1428.5169,627.5265833333333,612.1483333333332,1443.0112,1462.8470666666667,664.2966666666666,643.2882833333333,617.82305,1422.1666666666667,1489.6403166666669,980.873496377819,686.255,692.53205,668.7254499999999,661.9016666666666,684.41625,697.9095333333333,685.1616666666666,667.4857166666667,675.6121666666668,706.47,4.930250000000001,1579.1178333333335,878.9383333333333,68.70523189698906,14.737534572679351,0.0,0.0,0.0,0.0,701.7531643264413,669.9825762872166,593.0567858623266,490.21383554644785,1389.0423953921334,0.0,0.0,0.0,0.0,0.0,0.0,0.0,0.0,0.0,0.0,0.0,0.0,0.0,0.0,0.0,0.0,0.0,0.0,0.0,633.335871092084,635.21685956517,649.1523898339716,666.742522882738,666.7913371375761,617.4424999999998,555.3285209419195,572.9118338218748,558.5680529077471,530.0366955779464,569.0490368233941,647.0519166666669,0.0,0.0,0.0,0.0,0.0,0.0,56.36233127102912,0.0,0.0003970584377839259,0.0,0.0,0.0,1149.6478364761856,573.1412965605925,389.48660676323857,417.3654475799709,479.28725779293507,535.7159333333332,570.8827378038706,614.4050156945589,675.4047678213167,736.6326422697857,791.032270441153,866.807,945.1469200356112,988.182252074017,1011.6721731129891,1050.4707944200518,947.6562170308762,715.03,0.0,151.65793333333204,778.7450000000001,0.0,0.0,708.8383333333334,720.463,0.0,0.0,0.0,0.0,716.5466666666666,749.8367499999999,0.0,0.0,0.0,0.0,772.4633333333331,779.6650166666667,753.8037833333332,718.3899999999999,756.9322333333334,694.9569166666668,574.6833333333333,561.5936833333334,1413.3608666666667,578.8633333333333,0.0,572.1295,604.6616666666666,491.9590000000002,594.1943,577.6566666666666,573.3751000000001,514.5383833333333,434.5200000000001,415.8693666666668
2025-02-28,1247.2344,422.86166666666674,443.8027666666666,478.5769000000001,477.0566666666667,422.17995,438.81126666666665,477.34,426.1329333333333,439.7863499999999,509.76833333333343,494.3767166666667,484.7456333333334,1319.73,1311.1546333333338,482.1539833333334,489.0199999999999,1300.8899166666665,1322.03245,1334.1333333333334,491.2060666666667,485.6206833333334,517.5366666666666,495.2189333333334,1312.786995108233,1377.9933333333333,481.18925,488.1499333333333,534.505,0.0,503.51753333333335,562.1383333333333,0.0,550.8783833333334,0.0,0.0,0.0,0.0,0.0,0.0,0.0,0.0,0.0,0.0,0.0,0.0,0.0,0.0,0.0,0.0,0.0,0.0,0.0,0.0,0.0,0.0,0.0,0.0,0.0,0.0,0.0,0.0,0.0,0.0,0.0,0.0,0.0,0.0,0.0,0.0,0.0,0.0,0.0,0.0,0.0,0.0,0.0,0.0,0.0,0.0,0.0,0.0,0.0,0.0,0.0,0.0,0.0,0.0,0.0,0.0,0.0,0.0,0.0,34.39995094083372,99.34741666666667,130.3230868578961,173.15650078069808,257.0235419908314,353.5172809981166,359.2022425014843,311.0984814256435,360.1660079954064,422.2304871115723,431.5192497698803,490.0989930175402,511.7473214114287,80.49194550363876,0.0,0.0,0.0,0.0,0.0,0.0,0.0,0.0,0.0,0.0,0.0,0.0,0.0,0.0,0.0,0.0,0.0,0.0,510.49100000000004,495.7702166666666,475.99500000000006,468.6201833333334,456.92395,442.47499999999997,403.73453333333333,1211.8008833333336,1232.8010660119746,423.18649999999997,0.0,0.0,376.7597865303008,0.0,405.466666666667,428.0266833333333,459.0722333333333,452.13833333333326,398.0616666666667
2025-03-01,1222.0867833333334,1274.5283333333334,435.3583833333334,1286.17655882006,478.885,467.7885166666667,459.6973333333333,1286.825,1260.01935,449.8006166666667,505.3333333333334,492.8148166666666,471.5384833333333,454.2583333333334,463.7055,480.0202333333333,491.1666666666667,506.8851833333333,536.73865,512.4716666666666,512.1076,498.3915833333334,516.6116666666667,518.1693166666666,500.5297,497.84333333333325,1333.5790000000002,1336.2075,499.66166666666675,262.56755992200505,531.4419000000001,531.9016666666666,498.4071666666667,1357.3556500000002,0.0,0.0,0.0,0.0,0.0,0.0,0.0,0.0,0.0,0.0,0.0,0.0,0.0,0.0,0.0,0.0,0.0,0.0,0.0,0.0,0.0,0.0,0.0,0.0,0.0,0.0,0.0,0.0,0.0,0.0,0.0,0.0,0.0,0.0,0.0,0.0,0.0,0.0,0.0,0.0,0.0,0.0,0.0,0.0,0.0,0.0,0.0,0.0,0.0,0.0,0.0,0.0,0.0,0.0,0.0,0.0,0.0,16.78985605779269,25.123618580467166,74.47246922487489,160.35103916900954,181.22512765043615,190.76191875200158,267.70310395447046,332.12078141048414,334.08162748943505,299.16146761676544,377.2758659865497,440.1062112069876,454.26997320248455,499.62022838413964,515.198409564488,271.1510833333347,0.0,0.0,0.0,0.0,0.0,0.0,0.0,0.0,0.0,0.0,0.0,0.0,0.0,0.0,0.0,0.0,0.0,0.0,450.20741666666675,1312.204314169429,505.1516666666668,0.0,299.57168333333334,445.78666666666663,1238.5283,1227.4248000000002,1244.305,1208.4039666666667,1212.8691333333334,1269.5733333333335,1257.0652,1249.94205,1253.0466666666666,1246.1678,1315.2908,598.2766666666666,625.9341833333334
2025-03-02,607.8111333333334,600.3166666666667,583.8393166666666,587.6942833333335,585.3583333333333,597.1410833333334,617.27095,631.2283333333334,632.4684333333333,609.5892500000001,769.4899996165797,608.145,628.44425,633.105,622.0368666666667,606.0283833333333,610.9733333333334,662.0376499999999,693.5231166666666,640.4816666666667,1465.3072000000002,624.2194333333333,644.575,650.3208333333333,640.1856833333335,674.8616666666667,717.5912500000002,692.7860166666668,638.9233333333334,686.3941,731.1502333333334,51.01833333333366,637.2828666666666,1554.8137166666668,886.7483333333334,894.9221777314443,10.968048004598813,2.1921789056320904,0.0,744.7973980306668,680.5725833333333,619.9886542993482,578.4949888959945,535.5289501902785,490.2077501973444,863.2367657796938,0.0,0.0,0.0,0.0,0.0,0.0,0.0,0.0,0.0,0.0,0.0,0.0,0.0,0.0,0.0,4.6851704098571645e-05,112.66111844343436,0.0,80.3077166666668,814.0302252324012,934.6799898522581,892.6026273382689,943.442306658418,943.9630252660914,841.87745,853.8332796294245,919.6019049741232,921.5789064113709,265.4596120795641,947.3084541662047,142.63093333333313,206.51083855269292,13.070353267321138,211.3649959713091,207.09207934823428,257.77729057738645,279.6564000000002,0.0,0.0,0.0,42.73052063056792,0.0,399.91271982470096,1270.439258911997,1292.7741493751528,522.764959498395,569.0692053634089,592.8634191856962,602.4213788117606,689.278494075274,741.6597687383933,734.8282867121743,760.7877522176864,840.416759977299,909.8540833333334,950.1576358343416,982.8424132925901,1030.4454044167069,1059.7158801978376,921.5480794599723,716.085,0.0,0.0,0.0,0.0,0.0,0.0,716.7536166666667,725.9389999999999,0.0,0.0,0.0,750.6733333333334,747.2098166666667,745.3808,190.89398333333463,0.0,0.0,705.545,759.9609166666667,773.78315,734.4883333333333,754.1175166666667,706.8697833333333,599.1483333333333,560.01555,569.1272166666669,576.6933333333333,528.7971,515.3106499999999,574.7883333333334,575.7042,595.76815,616.8733333333332,583.4931166666668,571.5088333333334,577.8516666666667,566.8784333333334
2025-03-03,567.2177999999999,596.6033333333334,608.75135,608.4328499999999,1425.8133333333335,598.4191666666666,626.9614166666667,618.7483333333332,600.99275,582.9262333333334,1434.39,799.2028072125775,1463.5227,593.1600000000001,592.6649166666665,1442.1775333333335,1461.4233333333332,663.8836666666666,673.1058666666667,1450.1150000000002,1465.4347833333334,1468.2986500000002,654.3199999999999,665.4095833333333,649.0331166666667,651.6733333333333,1487.2591666666667,1494.3551833333336,1498.875,677.0420166666665,657.2458,647.3866666666668,628.9648666666666,1556.3653333333336,857.4633333333335,896.8680539362135,22.14725654032611,0.0,0.9437204226596805,0.0,0.0,626.5591321955659,570.2752117541161,522.6120690129901,478.61238208888705,1377.0064441587538,687.9903333333334,0.0,0.0,0.0,0.0,0.0,0.0,0.0,0.0,0.0,0.0,300.33259813532607,244.29782796150494,0.0,236.94221246627126,193.47617709243696,0.0,85.77162156086399,602.0954286018028,921.5108245984494,911.3537036948809,872.5261644753706,838.0207746574848,786.1353268479219,779.7415833333332,741.8930627776311,847.4058672839504,641.2668620761074,783.3572686195841,792.9689504113311,21.55740000000003,49.2865872884056,29.460594543485627,69.12480925643615,0.00010200357065315302,49.09898067699987,92.60546666666664,0.0,0.0,0.0,0.0,0.0,0.0,1277.2884849664288,1286.6103653606144,815.1847594929119,559.5259781523796,595.2810854045523,581.0858471971635,620.6029571090705,670.7193443569927,710.7850736428704,777.1927307882097,834.8210471809365,877.2777782797162,918.9478673265899,957.9845953324403,1031.466545096947,1076.0656126827917,954.6393472401752,723.5233333333334,0.0,0.0,718.7083333333335,745.0994833333333,0.0,0.0,0.0,725.8718166666667,0.0,0.0,127.27909999999929,0.0,0.0,755.8838333333334,791.33,0.0,0.0,767.7033333333334,729.7621333333333,720.7412999999999,759.2816666666666,802.4496166666667,722.1161500000001,588.38,572.13355,1397.87195,546.5783333333333,568.7886666666666,571.3225833333333,558.4049999999999,574.6016166666667,606.56355,611.3266666666666,581.3032666666667,1408.6083224420122,570.9383333333334,613.0828166666666
2025-03-04,600.6785833333332,557.9033333333334,1398.9488000000001,1438.1088166666668,1457.9983333333334,632.0998333333333,619.8058166666667,586.4066666666668,1435.2256833333336,586.2562333333334,587.3149999999999,1468.6019166666665,1492.9330833333333,1460.21,624.6629666666666,637.4325500000001,644.7333333333333,656.0683666666666,677.683,670.3566666666667,656.7993166666666,617.8822666666667,1456.4050000000002,1492.5947666666666,653.3271666666666,644.1850000000001,718.3024353769215,653.64385,661.1066666666667,678.5420666666666,665.9512666666667,660.5716666666668,647.8308999999999,1597.7441333333336,899.8633333333335,33.956050246382574,9.893125212066366,164.8059200811823,0.0,738.9303039608245,721.58355,680.4903519643151,646.3540641196312,582.7904506689863,523.1855570664034,601.2107787877904,0.0,0.0,0.0,0.0,0.0,0.0,0.0,0.0,0.0,0.0,0.0,0.0,150.32269999999994,108.42022018610601,99.05836961334353,97.46428001805111,47.962369985013765,29.0467644393932,407.9322686631717,836.1466945114322,764.6231244017948,727.6786391004199,890.320121075459,724.734321751516,620.6063833333333,744.2710795982574,665.1326863504569,622.3242675913959,631.9280004786914,726.6370047235963,65.18392423012527,0.0,0.0,0.0,0.0,0.0,0.0,0.0,28.756436574106033,3.402308077558159e-05,0.0,0.0,238.42135000000007,632.780683423363,333.7652157935497,411.2905226638376,505.8596186453292,599.8819203654326,670.96405,704.5542712753373,742.2124803131894,791.1713564853245,780.0598652508227,818.5275598232147,883.7101179373956,925.1422204953254,941.402906891303,995.2409431500384,1060.709535183106,956.3005323080042,741.2650000000001,0.0,115.31306977904148,0.0,0.0,740.4750833333334,783.8383333333335,0.0,0.0,0.0,0.0,734.8822,740.4516666666667,0.0,723.1194666666667,0.0,0.0,0.0,751.8283333333333,774.27295,774.1885,770.0466666666667,759.8945333333334,680.1425,583.8149999999999,590.2838499999999,579.0773499999999,539.1033333333332,563.1046833333334,561.0557333333334,536.2333333333332,566.7758,610.9588,624.8566666666666,593.3714833333333,574.9832,546.615,583.2049499999999
2025-03-05,1427.2667000000001,1416.8583333333333,1394.1502666666668,1410.84745,1448.7116666666666,1448.5930666666668,641.0792698201163,1463.7116666666668,1483.8204,624.5096666666666,607.685,611.1137,644.3600666666666,641.3216666666666,1471.7937333333334,629.3961166666667,625.2833333333333,659.93425,698.3593166666667,678.25,626.6181333333334,1434.13485,636.8183333333334,666.6422,679.7933833333333,688.1133333333333,662.08065,661.34635,658.235,680.4039000000001,1522.4406166666668,688.3633333333335,627.6036166666668,1542.7910666666667,860.6816666666667,30.86895108905742,1.3440337447476622,11.7734417046737,0.0,0.0,0.0,0.0,574.9023785489376,542.5576094655472,477.51591907740556,1373.2157418222932,694.7402166666666,0.0,0.0,0.0,0.0,0.0,0.0,0.0,0.0,0.0,0.0,0.0,0.0,0.0,78.82075399272367,41.69742884823859,0.0,0.0,0.0,800.1926825413076,739.3804851183194,789.2835309796068,821.1162518432433,779.4352754525152,675.0249666666664,649.6592131975212,667.4146692631022,719.7988249580336,701.8011402301375,769.0902907145831,25.071885534043606,0.0,0.0,0.00012416350185162628,44.43220036162688,0.0,0.0,0.0,0.0,0.0,1.966917886875308e-05,0.0,0.0,257.96333502329026,1131.21310136141,1063.713673079679,344.26677801678557,416.0067967020167,505.71008696730865,580.445917297214,622.4013709085275,638.7054470665382,657.9666079042411,741.0181869276443,845.8800333333334,909.6029094827801,921.2378460545041,965.424081923156,1054.8407445795215,961.5703549203099,721.3699999999999,86.56306975987081,745.1358333333334,770.5283333333334,0.0,0.0,0.0,0.0,0.0,721.0366666666667,737.7173833333335,752.2648833333334,0.0,0.0,0.0,0.0,0.0,0.0,760.34,732.2248666666667,740.7950166666667,788.5750000000002,780.6620666666665,694.5504333333333,574.8383333333334,521.1921833333333,1381.0073499999999,602.1733333333334,571.3180499999999,538.5078000000001,560.2816666666668,575.3797166666667,586.2607166666667,596.2749999999999,581.02565,588.4733333333334,580.655,575.3168333333334
2025-03-06,1390.6437,1392.35,589.0932833333334,624.9772666666668,629.99,628.9003833333334,627.2146499999999,1438.045,1447.8698,610.1673666666667,607.4633333333334,578.3689499999999,1430.83225,1459.0083333333334,591.0987666666667,585.5443999999999,619.8816666666667,614.8198333333332,1467.1495166666668,1493.0333333333333,660.9242166666667,643.3920333333333,1478.555,772.5693342470726,662.8491999999999,664.16,639.2568666666666,647.5840000000001,648.9483333333334,1489.3586500000001,662.4204833333333,671.6616666666667,642.9638166666667,1551.00195,846.3583333333333,49.42261505539943,0.0,0.0,0.0,0.0,0.0,614.1587778942984,566.1442204004267,123.52441491212171,406.35731183397525,1317.9997623763018,0.0,0.0,0.0,0.0,0.0,0.0,0.0,0.0,0.0,0.0,0.0,0.0,0.0,0.0,0.0,0.0,0.0,0.0,0.0,705.7801437016994,723.9067317573528,751.9951255434315,711.6931344242752,699.2452099396431,683.4343999999998,607.6566717415528,689.2982663648372,738.6807145338097,694.159088260689,699.2955512129882,98.84345503832822,0.0,0.0,0.0,0.0,0.0,0.0,137.12801589993865,0.00047987178339781167,0.0,0.0,0.0,0.0,993.3657788296426,1262.4958805258734,497.7734028801749,543.2586434635101,545.8505639061756,564.9212171049104,608.4598393468664,660.4805966777711,728.749232942994,739.7102607527647,748.9062131286715,811.3882333333335,881.9816638560293,933.7462805026578,996.5382816937265,1072.6343832428288,942.373414323569,714.5266666666666,0.0,242.6339166666652,0.0,0.0,0.0,723.095,726.6656666666668,744.5634,0.0,0.0,0.0,733.0733333333334,736.2040166666667,0.0,0.0,0.0,0.0,753.655,754.0098666666667,766.4149,779.3833333333331,769.75695,677.2875666666666,567.8050000000001,557.2485833333333,557.1901999999999,553.3883333333333,565.2306333333333,566.22235,569.6300000000001,585.8581500000001,575.3397,556.7183333333332,565.4547333333333,519.2141166666668,413.0116666666667,400.07063333333343
2025-03-07,1275.9116166666668,469.3249999999999,432.2156499999999,1269.9301833333327,1285.225,444.73338333333334,1280.8323,1280.2316666666668,469.0960333333333,0.0,440.13500000000005,1262.0977500000001,456.1117000000001,490.1716666666667,485.92771666666675,446.2657666666666,410.73,468.3698833333333,515.7666833333333,488.33000000000004,470.74471666666665,472.36906666666664,1328.6002491955169,510.2331833333334,493.6213666666667,487.75499999999994,1340.2335166666667,541.0593500000001,327.7166004730094,0.0,507.8797833333333,503.57,524.9948166666667,522.5481833333333,0.0,0.0,0.0,0.0,0.0,0.0,0.0,0.0,0.0,0.0,0.0,0.0,0.0,0.0,0.0,0.0,0.0,0.0,0.0,0.0,0.0,0.0,0.0,0.0,0.0,0.0,0.0,0.0,0.0,0.0,0.0,0.0,0.0,0.0,0.0,0.0,0.0,0.0,0.0,0.0,0.0,0.0,0.0,0.0,0.0,0.0,0.0,0.0,0.0,0.0,0.0,0.0,0.0,0.0,0.0,0.0,0.0,0.0,33.48845916278049,66.60285339798918,87.1465852654884,153.86244352653557,196.52659371774132,248.3524966619966,344.3704428432758,355.1768741777623,300.6770412387594,325.7419831766763,398.3106027269731,445.1693435774113,444.2170418957603,460.01391238586746,493.40000000000003,0.0,0.0,0.0,0.0,0.0,0.0,0.0,0.0,0.0,0.0,0.0,0.0,0.0,0.0,0.0,0.0,0.0,0.0,520.6975500000001,501.2871166666667,471.84999999999997,504.0954833333334,176.55304999999976,420.36666666666673,406.7403666666667,387.1090666666667,378.82499999999976,377.6996666666672,1229.3305833333334,1259.2299917310415,0.0,0.0,0.0,413.8859666666666,431.74268333333333,452.08833333333337,430.0390333333349
2025-03-08,434.6533166666666,422.3533333333333,435.8302166666667,451.95214999999996,428.78666666666663,1242.2194666666667,1263.3199333333334,445.04333333333324,0.0023423198934438005,443.24133333333333,440.3983333333333,448.77878333333325,1295.2429833333335,461.8733333333334,438.8252166666667,426.2996666666666,421.4566666666667,419.51426666666663,1290.6915833333312,1206.6792177758084,440.6930499999999,1272.0644,1310.0683333333334,476.6783833333333,0.0,414.1566666666667,425.1424666666667,465.32001666666673,457.61833333333334,443.48934999999994,426.7778,443.445,0.0,478.8252166666667,0.0,0.0,0.0,0.0,0.0,0.0,0.0,0.0,0.0,0.0,0.0,0.0,0.0,0.0,0.0,0.0,0.0,0.0,0.0,0.0,0.0,0.0,0.0,0.0,0.0,0.0,0.0,0.0,0.0,0.0,0.0,0.0,0.0,0.0,0.0,0.0,0.0,0.0,0.0,0.0,0.0,0.0,0.0,0.0,0.0,0.0,0.0,0.0,0.0,0.0,0.0,0.0,0.0,0.0,0.0,0.0,0.0,0.0,0.0,29.217011500025308,80.87678076543045,123.5050480748277,176.01147183176158,204.7991501706114,270.88013995473256,304.61356231414294,300.68230000000005,365.00304133612246,403.2300938740532,411.84658568417467,464.99657890792,464.3212260476138,430.04499999999996,0.0,0.0,0.0,0.0,0.0,0.0,0.0,0.0,0.0,0.0,0.0,0.0,0.0,0.0,0.0,0.0,0.0,0.0,281.8710486394623,512.4241000000002,497.335,479.6147833333334,459.7941333333334,436.66499999999996,397.04333333333335,1219.8355333333334,1264.8283333333334,415.8658833333333,1227.9556833333334,406.99333333333334,422.6902833333333,436.56896666666677,426.9533333333333,393.36561666666665,461.87014999999997,563.3050000000001,0.0
2025-03-09,581.6826166666666,1429.9383333333335,1410.9455666666668,589.3242166666666,1438.8883333333333,1421.5018666666665,600.7521166666667,608.3566666666666,590.4389666666666,574.6619833333334,609.4166666666665,577.86675,1411.99665,1451.9483333333333,634.6599,620.8403500000001,586.94,603.6909166666667,630.7570333333333,617.7583333333334,609.7067,598.24495,614.7800000000001,0.0,530.5292876938686,612.33,1455.1843000000001,630.8553,623.7783333333334,1454.6669166666666,623.96375,634.4116666666666,1441.2700833333333,1509.4340833333333,792.2783333333333,0.0,0.0,0.0,0.0,0.0,0.0,0.0,0.0,395.75668392717813,316.8574581592441,1215.9562406454584,0.0,0.0,0.0,0.0,0.0,0.0,0.0,0.0,0.0,0.0,0.0,0.0,0.0,0.0,0.0,0.0,0.0,0.0,0.0,738.3362883971157,671.5970714756373,636.8766634415911,634.981512384872,623.746902580717,565.4637333333334,497.5614864071772,508.8931409960421,493.7686770833334,465.48000925925953,469.17246861676597,0.0,0.0,0.0,0.0,0.0,0.0,0.0,0.0,0.0,0.0,0.0,0.0,2.4568141270719934e-05,1137.8054661275187,971.7386065663635,379.137991136476,427.1785648169333,449.89748060097963,480.0820828984886,536.6152500244635,570.503089919488,601.6139430060854,695.2438853348688,740.0161291682368,764.6453166666668,869.6297584388391,937.9900899525398,978.4960732815168,1071.0544354013928,974.0978373360832,764.645,0.0,0.0,0.0,728.8357500000001,743.3067666666666,0.0,0.0,0.0,0.0,0.0,740.0590333333334,721.9633333333334,0.0,0.0,732.5383333333332,191.38152020571454,0.0,758.0533333333333,757.6793500000001,772.7752166666668,785.8116666666666,781.6982999999999,670.9703,537.5283333333334,1364.5181833333331,1385.5637499999998,332.01967709352397,556.7423166666666,557.1981,561.1450000000001,1428.973562024456,605.7372333333334,0.0,595.80775,0.0,0.0,591.7429666666666
2025-03-10,1422.9292999999998,1432.335,606.8484,1418.4810166666666,1379.6283333333333,573.43535,605.3202000000001,589.2483333333332,1458.4254333333333,640.9925833333333,653.5183333333332,644.9113666666668,1442.2316166666667,1397.398333333333,603.2192333333332,1453.7629499999998,600.0799999999999,606.1177333333334,635.2898499999999,650.9033333333332,0.0,619.9943166666667,1399.4745570379746,609.9774166666666,600.3086833333333,601.11,1420.1673,1442.4101,630.4416666666666,616.9919499999999,1447.62905,618.6949999999999,553.4757166666667,1473.0462833333333,817.7283333333334,0.0,0.0,0.0,0.0,0.0,0.0,306.8955156472241,522.6511663784806,443.9118976022432,379.8794650552651,438.8401979798714,0.0,0.0,0.0,0.0,0.0,0.0,0.0,0.0,0.0,0.0,0.0,0.0,0.0,0.0,0.0,0.0,0.0,0.0,0.0,829.191768757889,850.8049708563377,845.6653592725771,845.2235493136046,809.3529027774491,786.52675,758.7001448192077,802.2102360577708,783.9038259609143,745.8206919753088,762.8671602062722,843.2084166666667,29.452017532305536,0.0,0.0,4.573184332988376,57.91400013434475,63.141466666666815,85.23933746650425,0.0,0.0,0.0,0.0,0.0,1029.6576061283315,1202.2084482465048,402.233658455295,412.233117150514,458.44167225622016,510.3116545020813,575.7287000866278,621.0939029546628,659.049544391476,704.6105773332656,748.0626280350684,794.3587,867.969914696421,924.9078532084034,966.232522486985,1053.6569781404357,934.5642513864785,700.6750000000001,670.82295,0.0,0.0,0.0,743.5495333333334,764.445,0.0,0.0,0.0,232.0581787954833,0.0,682.7766666666665,706.4669666666667,0.0,0.0,0.0,0.0,792.24,760.00725,767.4159500000002,798.705,799.5717499999998,702.3730333333333,582.9816666666667,562.78095,574.3722333333333,588.3816666666667,597.1709333333333,587.9896666666667,552.0366666666666,553.3701833333333,559.7442166666667,574.11,590.0978166666666,608.2776166666666,595.7183333333334,584.9113666666668
2025-03-11,592.7491499999999,602.6566666666668,1409.7068,1387.695535231912,624.9466666666667,1457.5346,600.6790000000001,564.6049999999999,1443.6043,654.4847333333332,663.0583333333334,634.7170666666668,1443.6930166666666,1414.5583333333334,1420.1267333333335,1438.7715,1447.9783333333335,1437.7138833333333,634.6261499999999,668.1183333333332,0.0,587.2635999999999,1457.4466666666667,642.7342666666667,649.0540500000002,649.3883333333333,1492.02205,658.0478,635.5683333333334,608.3268,602.68595,619.09,613.5719833333334,1521.2643833333334,794.305,0.0,0.0,0.0,0.0,0.0,0.0,0.0,0.0,0.00022953187237817474,338.1496302133691,396.49053227979414,0.0,0.0,0.0,0.0,0.0,0.0,0.0,0.0,0.0,0.0,0.0,0.0,0.0,0.0,0.0,0.0,0.0,0.0,0.0,738.9671638290494,778.9870211406143,63.286433414412116,789.7603557054007,737.8315877467955,655.2913833333339,669.0394017343414,744.088277882971,742.1095199691803,763.8006224326089,755.8413284436857,773.4921833333332,0.0,0.0,0.0,0.0,0.0,0.0,0.0,0.0,0.0,0.0,0.0,0.0,357.04678927640225,1236.9873626456324,866.1582905977335,490.65547840816237,533.4981054619244,536.2145833333333,582.302282581058,634.3386414631302,682.1898576695561,717.8542955431578,762.2813434896127,829.4776833333333,903.5024058718063,951.9896906929904,990.4393611618692,1029.3331738983918,897.2539491066314,719.4966666666666,0.0,724.4239666666667,721.3033333333334,0.0,0.0,0.0,0.0,0.0,155.5197499999989,754.8748833333334,748.9379333333334,0.0,723.9259666666667,0.0,0.0,0.0,0.0,772.7566666666667,761.4323166666668,757.3948999999999,763.5833333333334,764.0032833333333,684.8803666666666,571.69,538.0769666666667,1401.2791000000002,1258.4575322982091,554.8920333333333,540.5108833333334,568.2433333333333,608.76185,0.0004488384508931631,0.0,607.4512666666667,616.1273166666666,592.87,585.8134
2025-03-12,1415.9870166666667,1412.7383333333335,1401.9904333333334,1432.5675333333334,629.1666666666667,591.8404833333334,588.8429166666667,1435.9,1423.7441833333332,576.7447833333333,599.16,1033.33946118523,612.5732833333333,581.965,607.8917833333334,1453.6340666666665,1439.9283333333333,619.3805833333333,1476.3321999999998,640.2166666666666,588.30275,1401.4346833333334,1439.8600000000001,639.8095166666667,649.0946833333335,636.4933333333332,632.0980999999999,623.0707666666667,617.6633333333334,639.7918166666667,643.82765,623.2433333333333,596.4797166666667,698.8529666666667,836.62,0.0,0.0,0.0,0.0,0.0,0.0,0.0,0.0,0.0,0.0,129.74557744803604,0.0,0.0,0.0,0.0,0.0,0.0,0.0,0.0,0.0,0.0,0.0,0.0,0.0,0.0,0.0,0.0,0.0,0.0,0.0,672.3749679711574,672.2310774693709,466.37844262591216,681.6894599975789,596.5079760540191,534.9809333333337,571.8096044627492,656.1529290758544,595.3014621716118,616.6409729665237,619.0915525297881,633.2710999999998,0.0,0.0,0.0,0.0,0.0,0.0,0.0,0.0,0.0,0.0,0.0,0.0,428.6134945752701,1202.471462211489,437.0666304619958,458.6187604481852,500.0118900420965,556.4755300196277,591.1372056475441,643.6460069537458,713.1765366656692,764.4391316390384,773.183620884445,845.5786041762569,931.8073935318141,966.4108263581857,977.7724426622999,1065.8304187297956,935.9389075917837,696.8283333333333,0.0,202.55842180499053,721.2149999999999,0.0,0.0,0.0,0.0,755.8053333333332,726.0033333333334,733.1342666666668,0.0,0.0,759.0333166666667,0.0,0.0,0.0,0.0,737.04,738.7841000000002,767.6724166666668,772.8983333333332,759.3145333333334,665.0745666666666,561.45,553.49775,566.9930166666667,580.1116666666667,603.8911833333334,589.47615,1185.5303609416037,1402.3089333333332,584.4538833333334,576.28,565.8174,595.2369000000001,0.0,0.00015763730093668377
2025-03-13,576.5284833333334,1446.0466666666666,1423.6529,589.2437166666667,607.065,1431.4297166666665,594.7839166666666,578.9333333333333,1427.5900833333335,1436.6987166666668,613.335,619.52665,607.6129166666667,572.8316666666666,901.9860193403001,620.2428166666667,599.7049999999999,1426.1616833333333,1431.1831000000002,607.0716666666668,634.3909333333335,623.2754,1439.5366666666669,635.5362833333334,637.4992000000001,611.5799999999999,1467.1457500000001,1478.5400833333333,635.4633333333335,624.7936500000001,623.7502666666667,635.6299999999999,632.7538166666667,1529.2117833333332,780.9583333333334,0.0,0.0,0.0,0.0,0.0,0.0,0.0,439.2856173216441,367.09379265580725,314.4670205371055,861.2246600730132,0.0,0.0,0.0,0.0,0.0,0.0,0.0,0.0,0.0,0.0,0.0,0.0,0.0,0.0,0.0,154.250043149892,122.30107040194787,0.0,111.22701666666637,934.3160630166055,959.5105047344051,940.3200292885203,968.7000609805806,901.30845908026,823.8564000000001,825.8142062349251,862.5725752165738,839.247460867409,848.8016708035182,816.7059579579953,836.7842166666665,8.440724671444741,38.0130414940993,23.962159233222565,0.0,71.8651993120476,38.49781666666672,82.48373858118521,81.0099594253087,84.53912525973033,0.0,0.0,0.0,416.078933848097,1142.2451903855467,356.36646687388077,392.7912548565829,452.4801015737339,498.897176646311,547.0235057621853,607.0983728024316,660.6733989869124,711.0843674477019,793.4473876963496,847.6060166666667,863.0312747635494,910.180734046583,1008.9417502020253,1090.69973713561,969.2638949553213,762.8183333333333,710.4645,208.45605000000182,0.0,0.0,0.0,0.0,704.8645166666668,0.0,0.0,0.0,0.0,710.5516666666666,730.2829833333334,751.3364833333335,0.0,0.0,0.0,783.5916666666667,767.0625499999999,755.0110166666667,741.2433333333335,739.2559666666667,669.2791666666666,563.9016666666668,553.4231166666667,1406.029548115976,586.5183333333333,603.7726166666666,616.2847333333334,0.0,529.3432640260592,601.7193833333334,579.1266666666667,572.1890666666667,534.35665,452.49333333333334,449.63239999999996
2025-03-14,450.27549999999997,432.60999999999996,424.49084999999997,425.2713333333333,433.21000000000004,1275.0940166666633,448.68243333333334,425.01499999999993,1263.8297666666667,1272.9767833333333,453.98333333333335,453.7223000000001,434.50028333333336,401.10166666666663,407.09419999999983,1257.6441666666665,464.0216666666667,0.0002589190151525145,462.1012,1287.3033333333335,456.42950000000013,457.5661,459.5300000000001,445.84156666666667,447.0771666666665,467.76,0.0,472.88030000000003,727.8275120635021,486.64768333333325,476.3350666666667,452.41166666666663,424.29508333333325,1264.9363333333333,0.0,0.0,0.0,0.0,0.0,0.0,0.0,0.0,0.0,0.0,0.0,0.0,0.0,0.0,0.0,0.0,0.0,0.0,0.0,0.0,0.0,0.0,0.0,0.0,0.0,0.0,0.0,0.0,0.0,0.0,0.0,0.0,0.0,0.0,0.0,0.0,0.0,0.0,0.0,0.0,0.0,0.0,0.0,0.0,0.0,0.0,0.0,0.0,0.0,0.0,0.0,0.0,0.0,0.0,0.0,0.0,0.0,0.0,0.0,50.7280769127957,87.75979950286336,115.73843336370288,149.717297031577,200.07455578418922,233.16062598683698,219.809325611193,217.0693333333333,293.39798963225996,336.83081689824473,349.7235107331147,427.6536952281072,472.5929256092269,201.1123166666668,0.0,0.0,0.0,0.0,0.0,0.0,0.0,0.0,0.0,0.0,0.0,0.0,0.0,0.0,0.0,0.0,0.0,0.0,507.75816666666657,503.37455000000006,494.72666666666674,508.4987833333333,494.71180000000004,444.2033333333333,403.62070000000006,413.85849999999994,447.7966666666667,1245.3890166666667,1170.1038830637024,387.6566666666666,405.45074999999997,0.0,0.0,415.6012,418.38643333333334,431.4983333333334,0.0
2025-03-15,437.3302999999999,432.42833333333334,1223.7834241545727,420.7974666666666,1278.8283333333334,414.2422333333332,417.95675,424.16333333333324,1274.54455,1301.8742666666667,488.045,485.48305000000005,472.3485,452.7766666666667,0.0,471.1563833333333,1311.9616666666668,1290.3679833333333,459.0412166666667,461.68666666666655,460.6275500000001,456.0239666666667,460.665,462.3333666666666,467.6235000000001,470.24,488.23614999999995,0.0,488.15833333333325,479.3869166666666,461.4700333333334,0.00011775388316734025,469.0247333333333,456.51775000000004,0.0,0.0,0.0,0.0,0.0,0.0,0.0,0.0,0.0,0.0,0.0,0.0,0.0,0.0,0.0,0.0,0.0,0.0,0.0,0.0,0.0,0.0,0.0,0.0,0.0,0.0,0.0,0.0,0.0,0.0,0.0,0.0,0.0,0.0,0.0,0.0,0.0,0.0,0.0,0.0,0.0,0.0,0.0,0.0,0.0,0.0,0.0,0.0,0.0,0.0,0.0,0.0,0.0,0.0,0.0,0.0,0.0,0.0,0.0,0.0,0.0,53.61389587099592,108.91667558754966,161.65434533835264,244.70715255758034,250.957804351973,202.37171666666657,280.65275013318035,326.0280982251479,370.5426657635669,432.3968232968201,470.486326684611,489.66499999999996,0.0,0.0,0.0,0.0,0.0,0.0,0.0,0.0,0.0,0.0,0.0,0.0,0.0,0.0,0.0,0.0,0.0,0.0,483.73728333333327,504.3799666666668,504.11499999999995,519.2799499999999,266.02390000000037,414.0466666666666,420.83595,1253.3527166666668,1244.1133333333335,1271.10255,1281.2202166666668,1233.3199946642794,1240.0476,1253.7122000000002,1240.4866666666667,1222.0475666666666,1292.3566333333333,1383.815,566.0165666666667
2025-03-16,564.0026833333334,580.32,1042.8104343621417,599.0881166666668,612.3233333333334,583.32095,592.9492499999999,601.8633333333332,613.0795666666668,618.5686499999999,620.0016666666667,630.7605666666667,639.0254333333334,0.0,573.6806666666668,588.0399666666666,650.7483333333334,634.07995,628.3189000000001,634.8699999999999,624.1112,622.2249333333333,628.7616666666667,601.98835,1421.6583500000002,1431.6,638.2277499999999,638.135116666666,0.0,632.2154,627.2308833333333,604.8633333333333,586.1124333333333,1500.3112166666667,817.0416666666665,0.0,0.0,0.0,0.0,0.0,0.0,0.0,0.0,0.0,385.8594696574902,1295.436843329493,0.0,0.0,0.0,0.0,0.0,0.0,0.0,0.0,0.0,0.0,0.0,0.0,0.0,0.0,0.0,0.0,0.0,0.0,0.0,613.371265767502,625.0079294557657,39.16182103576463,607.507115301986,621.1874661657995,585.7121666666668,703.5698925529331,594.4759417752362,622.2731051505543,618.5843396766164,687.2353519234418,775.9398833333333,5.41554446210921,0.0,58.08226665015991,62.99816146268995,61.519631202398045,69.15820000000019,0.00033593526014850754,0.0,0.0,0.0,0.0,0.0,283.33597733619195,1173.6274798222373,601.84183312396,435.6201579095291,485.595356968081,501.53358980749584,546.9999153992859,622.4343411464966,706.6629730412717,714.9203656607252,743.6533537413716,830.6462833333333,893.7826855553694,914.474923522321,948.7120685534509,1014.3572969463457,918.4745443026029,737.7166666666666,0.0,0.0,0.0,0.0,0.0,0.0,0.0,731.8923333333333,725.2383333333333,0.0,231.15674591713667,721.1266666666667,741.9445499999999,768.9116999999999,0.0,0.0,0.0,772.65,750.6062333333332,744.3269666666666,752.8283333333333,764.4056166666667,699.0532,599.83,567.2634333333333,1394.4419833333332,561.4416666666666,558.7488333333333,568.1752833333334,557.28,1385.6812666666667,569.1263333333334,590.1016666666666,589.7301666666667,592.8782833333332,591.7283333333334,611.6278666666667
2025-03-17,1441.2020833333336,594.39,1423.38375,604.7779333333334,1464.2483333333334,1466.0516333333335,614.2920333333333,576.7333333333333,1445.1093666666666,1448.51045,605.325,634.3692666666667,653.7866166666666,625.1399999999999,609.6124166666666,602.5658500000001,1240.4857834356333,1422.9609,597.7747833333334,625.3033333333334,616.36155,592.8847,594.9399999999999,594.5993666666667,1458.9945500000003,648.5250000000001,639.5423999999999,636.7934833333334,644.9266666666667,632.2431333333334,636.6084500000001,628.05,594.86855,1504.2537833333336,851.7299999999999,9.762259813426795,0.0,0.0,0.0,0.0,0.0,0.0,0.0,0.0,2.447118919235436e-05,318.91295441038875,0.0,0.0,0.0,0.0,0.0,0.0,0.0,0.0,0.0,0.0,0.0,0.0,0.0,0.0,0.0,0.0,0.0,0.0,0.0,0.0,0.0,0.0,0.0,286.61850903690777,461.2812499999998,438.01899286506045,601.8444207100498,621.1066084757213,633.3229540056477,640.9888147407025,680.2002833333335,41.60638836509452,0.0,0.0,0.0,0.0005836904436725017,1.4919666666668263,0.0,0.0,0.0,0.0,0.0,0.0,143.11955156998192,166.37797215270712,226.13543794161387,806.1175132045175,415.09707484312946,446.94914523146804,532.8100931183626,572.0190083898592,616.4077603513556,661.4927638789679,734.9981066746955,820.43875,880.9922275087904,918.2414035024076,970.3692620783155,1026.1569387882407,924.3662818261662,745.3399999999999,0.0,726.3401666666667,762.7050000000002,0.0,0.0,0.0,0.0,267.00511666666915,752.6916666666666,0.0,0.0,0.0,724.1267499999998,0.0,0.0,753.8840833333335,0.0,733.2266666666667,749.4647333333332,779.9821999999998,767.7449999999999,745.9161333333334,685.2404999999999,602.9716666666666,553.0199166666666,1397.3502451505176,611.0183333333334,616.7164333333334,602.3006833333334,579.3866666666667,576.9865666666667,602.0564833333333,609.5316666666666,559.1471166666666,558.6514833333333,602.9216666666666,0.0
2025-03-18,602.6867333333334,603.1783333333334,601.7084333333333,577.7785666666667,854.5894790123419,622.4213500000001,639.15915,584.835,1443.5502666666666,1454.9218500000002,616.5666666666667,606.20965,1446.8728333333333,615.5016666666667,0.0,594.7365833333333,1472.2800000000002,1444.5424333333335,577.5120000000001,1408.4433333333334,1434.71235,1419.6483833333336,1404.1583333333333,1472.7028333333333,654.8569500000001,619.7816666666668,598.0174500000002,618.79335,641.1666666666666,629.7057333333333,628.8775833333334,644.645,618.7431666666668,1509.1608166666667,820.1433333333334,0.0,0.0,0.0,0.0,0.0,0.0,9.706372186471867,519.2646732331814,460.405055620854,338.73543661420064,397.0217386222754,0.0,0.0,0.0,0.0,0.0,0.0,0.0,0.0,0.0,0.0,0.0,0.0,0.0,0.0,0.0,0.0,0.0,0.0,0.0,778.2461685030638,759.6859313442709,742.1952286642895,703.2248801540246,686.660653015237,644.8619833333332,600.9800764858479,591.2731463774934,580.7161153311988,602.3367812664609,600.4006010266387,333.88545057756437,0.0,0.0,0.0,0.0,0.0,16.58894999999984,24.34435341013136,0.0,0.0,0.0,0.0,0.00018639784696006245,222.84826712826145,822.978680930314,335.89208239816185,347.80155153694284,367.2136763002376,406.88509065688794,508.97298638958534,568.919047238527,607.7816258596655,629.2618268381933,702.534957580222,802.9047408611339,861.3980739818732,899.4394455502974,969.9800669479438,1040.9861067692814,930.0893992507969,738.1049999999999,0.0,0.0,0.0,720.3463166666667,0.0,0.0,0.0,731.6301666666666,770.5566666666667,0.0,0.0,63.609266666667054,0.0,730.2795333333333,722.4466666666667,0.0,0.0,755.9466666666667,770.9404333333332,782.4504833333332,769.9133333333332,735.0482000000001,648.4494833333333,562.6033333333332,583.2041666666667,586.0511,565.4916666666668,600.2789333333334,594.4285833333334,539.8416666666666,566.9325333333334,585.3571999999999,552.6466666666665,542.1591000000001,550.3377833333334,561.5983333333332,574.5675
2025-03-19,1434.9647833333333,614.0833333333334,595.2944666666666,653.8429541152249,1409.1583333333333,1401.0656333333334,1405.4966833333333,1409.2633333333333,632.1660333333334,637.2497166666666,618.9716666666667,629.74655,628.1384833333333,598.72,596.5792833333333,627.9950833333334,667.0416666666667,654.6298833333333,619.1766,1440.925,616.7144333333333,622.2016666666667,611.265,1441.1583500000002,1437.17245,1452.8450000000003,1490.6613666666667,649.7682166666667,618.6466666666666,1468.7185166666668,1464.3234666666667,611.2133333333334,624.18195,710.8249666666667,835.6516666666666,0.0,0.0,0.0,0.0,0.0,0.0,51.357165500747726,446.23307873911745,0.0,287.4520235376854,387.52336244335567,0.0,0.0,0.0,0.0,0.0,0.0,0.0,0.0,0.0,0.0,0.0,0.0,0.0,0.0,0.0,0.0,0.0,0.0,0.0,0.0,589.9778102726567,466.5656790312638,586.3689409145139,555.0641617431215,515.7561000000003,460.3666148565188,569.1073922003627,582.7679488265385,574.9468747640514,580.9065309788592,648.5026500000002,0.0,0.0,0.0,0.0,0.0,0.0,0.0,0.0,0.0,0.0,0.0,0.00026025752961364494,496.7066590366808,192.6556600346662,247.59007850558987,293.59930767221965,343.43779661681543,431.8395333333334,480.130520800113,534.590446456931,618.7552863905214,681.6532315950184,751.205190993691,811.899,852.5649834805802,908.5661480028594,979.520769326389,1040.3940898327785,935.6454254195016,762.1749999999998,0.0,0.0,215.04110335121834,0.0,0.0,0.0,739.5313333333334,751.6233000000001,0.0,0.0,0.0,0.0,766.4330666666667,770.3428833333334,749.7666666666667,0.0,0.0,756.62,752.5045166666665,735.7599499999999,718.8549999999999,739.9104833333332,699.3831499999999,591.42,572.98935,1409.3054666666667,590.7800000000001,621.3627333333334,631.1548833333334,0.0,515.7489500000001,590.8426000000001,597.9966666666667,567.7929666666666,578.0016166666667,1447.4750000000001,623.82175
2025-03-20,621.9859333333334,611.9116666666667,607.5356166666667,602.75965,590.4516666666667,571.776,1403.3737,1379.726666666667,1410.4577,910.2539728174278,641.1533333333333,598.3986833333333,1420.0506,1442.5433333333335,610.4538,630.87855,1488.3866666666668,620.1123166666666,1425.73355,603.9366666666666,611.2713499999999,602.8236833333334,592.2416666666667,608.8462499999999,623.1385666666666,612.4350000000001,1463.6359833333333,643.4943666666667,633.565,1458.7723166666667,1448.4658833333333,613.6666666666666,614.3231166666667,711.6912666666667,865.5866666666666,0.0,0.0,0.0,0.0,0.0,0.0,0.0,0.0,0.0,0.0005227346100014074,390.58666013923835,0.0,0.0,0.0,0.0,0.0,0.0,0.0,0.0,0.0,0.0,0.0,0.0,0.0,0.0,0.0,0.0,0.0,0.0,0.0,625.9838293877422,0.0,0.0,606.0628245365248,524.2319400363656,518.1136666666666,495.90847617533996,574.5857336419797,607.1780691900885,622.3642488986292,609.5852257599241,102.34368333333362,0.0,0.0,0.0,0.0,0.0,0.0,0.0,0.0,0.0,0.0,0.0,236.77326404462235,1095.8685213250378,1156.1494528737146,390.67233207313666,438.39252935215666,465.75278017418225,462.8109357163767,986.8897080957167,614.5989036055137,678.002348039455,720.3440273727056,759.2513725963254,835.6036606583007,918.0544001724538,937.0476665048293,941.1648073925838,1038.5976448955703,953.6118569897731,756.5799999999999,715.1459833333336,0.0,0.0,743.5740666666667,0.0,0.0,0.0,0.0,0.0,378.6883056194877,0.0,0.0,0.0,749.6715333333333,720.5733333333333,741.634,0.0,776.5500000000001,724.8567999999999,724.4997499999998,755.965,745.6562333333334,670.2304166666668,583.8416666666666,586.8465166666667,593.8185833333332,586.0166666666668,589.5230333333333,585.8483833333333,577.4816666666666,602.3944833333334,610.3674666666667,592.4933333333333,599.0100833333333,541.6125499999999,437.7333333333333,410.7680166666666
2025-03-21,435.0315500000001,429.95666666666665,395.3850833333333,421.32818333333336,467.1933333333333,426.9348833333334,400.08438333333334,1245.3866666666668,1284.00755,462.94745000000006,0.0,290.188088303527,432.51486666666665,1254.0958635997322,1259.9144666666668,1291.81945,487.4233333333333,0.0,0.0,441.22999999999996,419.9565666666667,433.0764,478.7483333333332,481.9939833333333,0.0,450.1333333333334,1329.4833666666666,510.1353166666667,0.0,0.0,449.25261666666677,1286.1466666666668,1289.6107833333333,492.4249833333334,0.0,0.0,0.0,0.0,0.0,0.0,0.0,0.0,0.0,0.0,0.0,0.0,0.0,0.0,0.0,0.0,0.0,0.0,0.0,0.0,0.0,0.0,0.0,0.0,0.0,0.0,0.0,0.0,0.0,0.0,0.0,0.0,0.0,0.0,0.0,0.0,0.0,0.0,0.0,0.0,0.0,0.0,0.0,0.0,0.0,0.0,0.0,0.0,0.0,0.0,0.0,0.0,0.0,0.0,0.0,0.0,0.0,0.0,0.0,0.0,0.0,0.0,41.33760559547085,169.6731318531501,229.48549180031068,205.97414509565633,187.78058333333328,249.37613257285216,342.13932278197854,406.39122399076547,445.8213134623098,465.5003690568049,202.05777473674647,0.0,0.0,0.0,0.0,0.0,0.0,0.0,0.0,0.0,0.0,0.0,0.0,0.0,0.0,0.0,0.0,0.0,0.0,448.1128,463.71720000000005,481.9883333333334,484.0562166666668,443.28425,406.04333333333324,391.0319666666667,1223.840367473666,640.9764197530864,413.7806666666667,0.0,420.78166666666664,404.89095000000003,419.32921666666664,453.2966666666666,439.24955,417.2145666666667,419.8616666666666,0.0
2025-03-22,461.98729999999995,458.2383333333334,454.728,441.31443333333334,428.99333333333334,1281.4695000000002,1296.881833333333,450.50666666666666,436.34461666666675,431.55665000000005,456.46333333333337,1286.239,466.6227333333334,0.0,508.70779999999996,485.92434999999995,446.57000000000005,458.5401833333333,457.00053333333335,443.51833333333343,432.1130000000001,455.10655,469.73999999999995,434.91179999999997,1283.4982666666667,1322.0133333333333,0.0,456.89725000000004,1121.7665961774478,1320.5977500000001,505.66650000000004,0.0,0.0015929337058082638,446.6173166666667,0.0,0.0,0.0,0.0,0.0,0.0,0.0,0.0,0.0,0.0,0.0,0.0,0.0,0.0,0.0,0.0,0.0,0.0,0.0,0.0,0.0,0.0,0.0,0.0,0.0,0.0,0.0,0.0,0.0,0.0,0.0,0.0,0.0,0.0,0.0,0.0,0.0,0.0,0.0,0.0,0.0,0.0,0.0,0.0,0.0,0.0,0.0,0.0,0.0,0.0,0.0,0.0,0.0,0.0,0.0,0.0,0.0,0.0,0.0,0.0,84.07632742425056,147.7052338986976,144.04068934646205,165.10002170554196,228.6006570314746,248.00019647186292,225.42815558241995,276.94510684194387,341.1582137083164,399.1899715174734,429.6460089102355,445.65453742594826,409.07286914194697,0.0,0.0,0.0,0.0,0.0,0.0,0.0,0.0,0.0,0.0,0.0,0.0,0.0,0.0,0.0,0.0,0.0,0.0,488.3466499999999,507.9023999999999,526.0866666666668,536.8675999999998,477.55154999999996,409.1083333333333,1247.61675,1250.762,1237.5783333333334,1265.7034333333334,1283.3405166666666,1257.3983333333333,1243.4207166666665,1251.1920833333331,1265.7466666666667,1275.9560666666666,1347.8641166666666,1437.995,0.0
2025-03-23,588.2109166666667,598.7466666666667,586.3526666666667,597.4619833333334,629.2866666666667,624.7746333333333,625.3212333333333,619.6583333333334,606.8459666666666,597.4834666666668,603.475,606.3325333333332,618.5361833333334,614.1466666666665,0.0,613.0047,623.6383333333333,655.6876666666666,644.7941333333334,619.8683333333335,615.7823166666667,633.0637,615.4216666666667,611.1171999999999,0.0,488.8368166666662,638.0297166666668,622.9361666666667,580.0049999999999,1411.5752544158358,614.7535937603043,619.7432571788468,598.9323171502382,1528.3825461532533,869.1905666666667,0.9373104978434412,0.0,0.0,0.0,0.0,0.0,0.0,477.96039761230446,440.0938667048724,355.73725723625256,426.3785971813518,0.0,0.0,0.0,0.0,0.0,0.0,0.0,0.0,0.0,0.0,0.0,0.0,0.0,0.0,0.0,0.0,49.0355072422624,0.0,55.37790000000018,787.5450945300217,761.7813134428724,757.4399540548701,758.06005584344,662.3183748221066,587.8331333333336,604.0341466028758,623.2533351851854,0.0,702.5867361087957,543.8647483946041,0.0,0.0,0.0,0.0,0.0,0.0,0.0,0.0,0.0,0.0,0.0,0.0,0.0,151.05249800729314,458.184267992084,352.2278463160885,356.2217482637502,368.7967385718906,429.0652634964197,484.89288965677184,514.169208762105,570.698291300125,620.3899746607607,689.9710658356091,735.8606569788413,776.1606797159046,832.7420617009802,933.5727364899275,1020.4535606899888,932.0828386953054,758.3504166666667,715.4606687891738,0.0,0.0,0.0,733.7698995772505,0.0,0.0,0.0,0.0,0.0,746.8519166666669,727.9250000000001,0.0,0.0,729.2566666666667,0.0,0.0,765.4816666666666,717.6624333333334,719.1255500000001,764.4883333333335,778.7379500000001,692.1177833333334,579.4216666666666,558.5050666666666,1408.1808666666668,588.0466666666667,0.0,485.0734323617174,568.3549999999999,576.57215,596.6313833333334,600.785,590.0725333333332,607.9744,622.1083333333332,584.25835
2025-03-24,1419.3939833333334,618.8516666666667,585.78355,555.7072666666667,1402.0783333333334,1430.2391166666666,1453.9881666666668,597.585,1427.3234166666666,608.04935,638.49,629.4889333333333,618.72385,612.7866666666667,619.3663000000001,1456.3075333333334,1444.3583333333336,590.7286833333333,605.09825,650.4100000000001,596.9214333333333,746.3379734217485,657.4183333333334,640.23255,594.5011833333333,600.02,1468.3644333333334,1475.9932000000001,1445.2216666666668,1424.5868480629488,626.0452604681032,636.0188062065906,587.4619709362063,1479.806323648078,814.6046333333334,0.0,0.0,0.0,0.0,0.0,0.0,0.0,0.0,0.0,0.0,314.3980976523219,0.0,0.0,0.0,0.0,0.0,0.0,0.0,0.0,0.0,0.0,0.0,0.0,0.0,0.0,0.0,0.0,0.0,0.0,0.0,704.3340726109919,668.9838092238653,718.4056273858106,663.3708598835277,565.9279396534889,501.30731666666645,469.82544548373585,4.8446439726208155,533.3422119795484,532.4245724574469,513.5108120279053,0.0,0.0,0.0,0.0,0.0,0.0,0.0,0.0,0.0,0.0,0.0,0.0,0.0,1073.8829005097273,437.36665188417504,340.5806543351556,386.14605616786116,441.5520208947456,477.2774350394528,470.2813505155509,569.4515094743169,634.479931900649,642.3778979361805,683.6955564244904,723.3185166666667,806.5376846150864,877.1475003469822,927.2706901981388,1025.5416681546956,921.2634987438493,705.8893833333333,0.0,0.0,714.370247162005,0.0,0.0,0.0,708.3655999999999,710.5905500000001,0.0,0.0,270.034180690238,0.0,0.0,725.8258000000001,790.5366666666666,0.0,0.0,757.4800000000002,755.9286166666667,733.6947499999999,717.4316666666667,767.4293666666666,706.7936333333332,566.17,525.9190000000001,548.1030833333334,584.4316666666667,582.5209166666667,562.4090833333333,538.7033333333334,542.03855,1413.4872763383569,605.6116666666667,585.3251499999999,580.0307666666666,586.5400000000001,576.2748
2025-03-25,1417.4136666666668,620.5666666666666,586.3358666666666,1387.9769000000001,1393.46,583.6342000000001,610.1751166666668,588.7066666666667,619.2761499999999,1447.4089166666668,1424.8533333333335,603.52395,623.77505,611.615,593.4995833333335,593.3173166666667,603.2183333333332,1431.7306816300534,611.4004833333333,613.4776348607477,598.1519833333333,576.9928833333333,612.6733333333333,1474.2051666666666,643.5052166666668,651.025,642.4151166666667,638.8753333333334,614.895,610.68593788424,1472.0188953036427,1451.04926290823,1395.0774980146928,1474.676874606386,805.0540833333333,0.0,0.0,0.0,0.0,0.0,0.0,0.0,0.0,0.0,32.571309777605904,360.81063802653944,0.0,0.0,0.0,0.0,0.0,0.0,0.0,0.0,0.0,0.0,0.0,0.0,0.0,0.0,0.0,0.0,0.0,0.0,0.0,828.5915935545969,815.8766861801633,822.7699354214886,746.4423857183075,660.4939313715868,600.4567833333332,537.2531096060611,543.7023980305356,584.6090406249999,565.5068666666666,537.4924018806269,571.2224551068273,0.0,0.0,0.0,0.0,0.0,0.0,0.0,4.877888983578771e-05,0.0,0.0,0.0,0.0,236.81237191619357,911.1003396133458,362.7291054351115,403.6958243503933,426.624952538673,451.96229484127025,503.6248243221967,552.1594878615703,620.9295008123784,657.7960687920156,712.1959115751001,759.4690499999999,823.1289171886932,894.7105151823531,944.8649473744604,1020.9942248304751,911.1709981289204,704.7588500000002,0.0,752.331248461867,758.0200656026952,0.0,0.0,0.0,0.0,0.0,0.0,0.0,0.0,724.3666666666667,56.10478877496155,0.0,739.1766666666665,734.3251166666666,0.0,741.2050000000002,722.8135833333333,716.5154833333332,727.6583333333335,757.78385,693.3572166666668,586.6416666666665,574.0507666666666,1426.4909166666666,587.8833333333333,559.1925666666667,567.7598666666667,517.3836833333331,0.0,556.9885333333334,555.1366666666667,589.8621666666667,615.3582833333334,594.5116666666667,594.8032499999999
2025-03-26,767.603378689012,1378.8133333333335,1397.1485833333334,1425.4659833333335,592.6416666666667,1395.6657500000001,1414.9326166666667,1424.7566666666667,592.7029666666667,601.1849500000001,650.04,644.90985,613.0143666666667,593.4100000000001,615.0887500000001,638.1559666666666,1471.9316666666668,1467.0376166666665,1453.3555666666668,639.7450000000001,622.8275333333335,605.0816833333333,592.6216666666668,621.2953333333332,634.3149000000001,620.8983333333333,1454.7135833333332,1467.80455,1453.4133333333334,607.010897341802,616.7048418641368,606.6754456457309,7.402661994407401e-05,1536.9575959682693,840.1039666666668,0.0,0.0,0.0,0.0,0.0,0.0,0.0,0.0,0.0,0.0,8.910422423014097e-06,0.0,0.0,0.0,0.0,0.0,0.0,0.0,0.0,0.0,0.0,0.0,0.0,0.0,0.0,0.0,0.0,0.0,0.0,0.0,607.815119694501,621.1675785510589,0.0,0.0,0.0,0.0,474.6200431384541,458.49008846588674,540.7346619846552,514.0717833398296,487.1231869358634,222.77269350763788,0.0,0.0,0.0,0.0,0.0,0.0,0.0,0.0,0.0,0.0,0.0,0.0,155.41562368824862,490.3712953531999,304.3090725582042,329.4976154917698,380.5554501691057,440.50407196128793,467.3873924025968,501.4434837762402,602.4101588750118,641.8321538962514,693.0952661208191,748.3691877910412,810.8373850992165,873.8930731787358,931.7236566656464,1026.8703974928987,928.0296421628608,720.9904166666668,0.0,726.4329910891802,721.4835776111576,0.0,0.0,0.0,0.0,19.040906551152716,0.0,0.0,0.0,752.3983333333334,747.7868,736.3531499999999,0.0,0.0,0.0,743.3200000000002,726.0406499999999,743.0584500000001,772.6633333333332,786.6523000000001,705.2166833333333,589.6116666666667,563.2526499999999,1396.06205,552.985,564.8157333333334,482.45643333333334,578.505,574.4247833333334,583.6036,583.9683333333332,559.1006166666666,571.7677666666667,591.0966666666667,0.0
2025-03-27,587.35205,640.4766666666667,1432.9343666666668,1400.9954666666667,1426.6666666666665,622.52325,631.07445,603.685,608.9621666666666,1444.6146833333332,624.1666666666665,583.0028833333333,557.5779333333332,587.9683333333334,619.2158166666667,621.8317333333333,1440.1766666666667,1462.6002166666667,865.4806201253969,653.2750000000002,631.0275833333334,631.5543166666668,630.6183333333332,611.3568499999999,1430.2991333333334,1444.0783333333334,607.0049333333334,637.1387500000001,644.2816666666666,1477.5274081452326,1474.7525297684488,621.8381644093602,597.6978632406008,1524.2977166520898,841.5844666666667,0.0,0.0,0.0,0.0,0.0,0.0,0.0,0.0,0.0,0.0,291.5761573494877,0.0,0.0,0.0,0.0,0.0,0.0,0.0,0.0,0.0,0.0,0.0,0.0,0.0,0.0,0.0,0.0,0.0,0.0,0.0,652.0189606002981,627.2506750586268,336.72620267063326,537.7620619116648,505.8655288662552,442.12211666666656,447.5107046727602,476.9017387482197,533.8357367882389,619.1566768166165,638.6215326497885,684.3492333333335,0.0,0.0,0.0,0.0,0.0,0.0,0.0,0.0,0.0,0.0,0.0,0.0,138.69968392009275,505.45953750153967,296.7805129053112,351.76856466745414,410.3625944423269,454.86893835064853,515.4756521428293,544.1925780549839,604.4484084735308,674.9236063876049,728.6918985483454,750.1709000000001,805.6078797253679,866.615800693306,910.1008981745309,993.5824567348639,880.4444315415973,690.4914666666668,704.2609905659543,0.0,0.0,730.6476504066552,0.0,0.0,0.0,0.0,281.2316513777581,743.2504500000001,0.0,0.0,785.8985666666667,0.0,0.0,724.4917166666667,0.0,733.2416666666668,727.72405,758.8240166666666,792.68,768.9167333333334,681.6541833333333,577.8433333333332,559.7456999999999,1409.5459670020273,571.9949999999999,546.8953166666668,555.04765,576.8716666666667,0.0,463.52943539502485,571.5833333333334,634.21945,566.9434166666666,422.84499999999997,416.17321666666663
2025-03-28,444.6751,455.4233333333334,439.83751666666666,428.7563,428.03333333333336,431.47318333333334,1277.2357666666635,1279.036478133675,460.5272166666666,1278.9915666666666,1282.6716666666666,460.47646666666674,461.82795,0.0,479.5102166666666,488.98478333333327,478.90500000000003,455.04276666666664,1277.9408833333334,486.5766666666668,0.0,472.31081666666677,479.92333333333323,0.0,450.88275000000004,493.8233333333333,471.40136666666666,454.55890000000005,468.72999999999996,1317.1910793304087,484.2901086721225,409.22875861698407,485.5322321590599,1322.4888836890805,0.0,0.0,0.0,0.0,0.0,0.0,0.0,0.0,0.0,0.0,0.0,0.0,0.0,0.0,0.0,0.0,0.0,0.0,0.0,0.0,0.0,0.0,0.0,0.0,0.0,0.0,0.0,0.0,0.0,0.0,0.0,0.0,0.0,0.0,0.0,0.0,0.0,0.0,0.0,0.0,0.0,0.0,0.0,0.0,0.0,0.0,0.0,0.0,0.0,0.0,0.0,0.0,0.0,0.0,0.0,0.0,0.0,0.0,0.0,0.0,0.0,0.0,43.297369478107726,101.81647205149676,211.0028719102542,251.39002384518852,199.84258966095908,220.35831166582585,299.0399698762778,361.1900179899556,406.961910770048,425.2148715813736,304.0564479924575,0.0,0.0,0.0,0.0,0.0,0.0,0.0,0.0,0.0,0.0,0.0,0.0,0.0,0.0,0.0,0.0,0.0,0.0,457.4706,469.3849500000001,502.4699999999999,514.7571333333332,463.82683333333335,394.46999999999997,1233.2015833333335,1274.7760630082416,372.67995000000025,424.6983666666667,426.4555166666667,432.43166666666673,401.20074999999997,425.91951666666665,472.1666666666667,0.0,0.0,0.0,427.9872999999981
2025-03-29,1249.4822166666668,882.8470953518136,421.94924999999995,1263.4116166666668,437.7149999999999,0.0,1233.2878666666666,1257.7450000000001,0.0008151876902886027,0.0,0.0,420.99430000000007,422.61431666666664,440.09666666666664,467.3131000000001,478.26433333333335,466.71999999999997,456.04183333333333,455.8117833333334,1307.4850000000001,1269.4509,436.2632000000001,456.86666666666673,467.8228333333333,0.0,465.2233333333333,480.9907666666667,492.04175000000004,0.0,491.0411861021464,491.18007256390564,467.3286099007173,479.9493488315149,1314.127656436658,0.0,0.0,0.0,0.0,0.0,0.0,0.0,0.0,0.0,0.0,0.0,0.0,0.0,0.0,0.0,0.0,0.0,0.0,0.0,0.0,0.0,0.0,0.0,0.0,0.0,0.0,0.0,0.0,0.0,0.0,0.0,0.0,0.0,0.0,0.0,0.0,0.0,0.0,0.0,0.0,0.0,0.0,0.0,0.0,0.0,0.0,0.0,0.0,0.0,0.0,0.0,0.0,0.0,0.0,0.0,0.0,0.0,0.0,0.0,0.0,0.0,47.72690437196013,57.95106655394363,111.61000213859194,177.76764136568465,158.53943983679224,147.27593333333334,234.89964496247086,280.7777050946074,312.84283847077654,353.08505352396196,395.99515260366286,150.18182537410695,0.0,0.0,0.0,0.0,0.0,0.0,0.0,0.0,0.0,0.0,0.0,0.0,0.0,0.0,0.0,0.0,0.0,0.0,471.33829999999995,496.6481833333334,500.13333333333327,495.09116666666677,455.9154166666667,410.7133333333333,384.4018833333334,1236.7666833333333,1271.214994405108,426.82548333333335,425.25180000000006,423.39500000000004,1251.9723666666666,1281.1942000000001,1297.6133333333335,416.6622,492.9984666666667,1442.6100000000001,600.3247166666666
2025-03-30,1393.1891666666666,587.1866666666667,601.7507833333333,613.5768666666667,607.4633333333334,592.4469333333333,1437.0313500000002,1463.6033333333335,607.3858333333333,598.3849166666668,601.8266666666667,613.4797166666667,622.9547166666666,635.4466666666667,635.6262500000001,625.6884166666667,608.5983333333334,606.3999833333334,1458.3403666666668,668.3116666666667,627.7579666666667,603.0778833333334,616.5366666666667,642.8094166666666,635.7851,622.7633333333332,927.9529119604699,1469.2925,619.0933333333335,628.4325399156855,646.2157395820464,626.7828021604962,582.3752810159444,1496.1501292080584,818.4227499999998,0.0,0.0,0.0,0.0,0.0,0.0,0.0,0.0,0.0,0.0,2.221996987827879e-05,0.0,0.0,0.0,0.0,0.0,0.0,0.0,0.0,0.0,0.0,0.0,0.0,0.0,0.0,0.0,0.0,0.0,0.0,0.0,0.0,0.0,0.0,0.0,501.4617997399505,419.71151666666674,396.8390845950637,426.14855462637706,484.9814232394108,390.30469774346363,410.5048959006888,0.0,0.0,0.0,0.0,0.0,0.0,0.0,0.0,0.0,0.0,0.0,0.0,0.0,139.88439770899947,363.9949897920533,254.12416683400386,276.36812152477944,312.0281997532328,355.5467793887312,436.97869221539406,483.5606923060477,535.1827861503195,609.4527719102341,652.740755174143,656.1393967884505,752.0028142399738,869.7166145384067,943.6673982172749,996.6378910444146,904.7332448132671,731.3141666666666,0.0,0.0,732.6645578325723,730.4161656235152,0.0,0.0,0.0,0.0,0.0,0.0,0.0,763.4733333333334,708.2378333333335,721.8936333333334,0.0,0.0,191.37276310014306,780.7066666666667,734.9553166666666,722.24245,754.0950000000001,767.0211500000001,700.9949999999999,606.57,569.7977500000001,1402.8991333333333,579.1083333333333,0.0,486.74351666666684,563.7583333333334,563.9745333333333,568.9073,566.7216666666666,581.8843333333333,605.2097833333333,591.1250000000001,614.15275
2025-03-31,590.1453166666665,548.925,1390.3878,1408.4649333333334,566.7216666666668,573.3072166666667,1425.5807833333333,1433.6100000000001,595.9436333333333,615.5060166666667,1458.6966666666667,616.049,617.9044,625.755,591.0821500000001,1419.9321166666668,1451.755,615.0595166666667,609.9935833333334,654.9433333333334,627.8054166666667,613.4350000000001,1445.1933333333334,605.8535166666666,614.1477000000002,636.9866666666666,595.4805500000001,1260.1791389863015,618.0316666666669,640.3479441810553,1488.234266564562,632.113272336135,1437.188318314309,1507.56363789997,0.0,0.0,0.0,0.0,0.0,0.0,0.0,0.0,0.0,0.0,0.0,0.0,0.0,0.0,0.0,0.0,0.0,0.0,0.0,0.0,0.0,0.0,0.0,0.0,0.0,0.0,0.0,0.0,0.0,0.0,0.0,0.0,0.0,622.6836435360033,629.6184298342022,653.335200967037,571.2721499999999,563.9016308812345,554.0742712613061,620.5298612011978,623.3203974608747,636.6482864517261,122.35797840328723,0.0,0.0,0.0,0.0,0.0,5.605093588201271e-05,0.0,0.0,0.0,0.0,0.0,0.0,845.9945172540978,213.42227047060237,262.5696670588263,314.0331365105883,353.2130632632277,416.8340333333335,461.0442588336574,525.0497795925232,600.7470887968302,659.3165553289477,706.8033205655588,736.3410000000001,808.79396305801,883.9455861895626,945.9395055568215,993.1067280702371,882.0402275938588,706.1241000000001,89.39462658755167,0.0,0.0,0.0,714.3204445643112,724.1216666666667,735.7931166666665,0.0,0.0,0.0,723.1256833333333,0.0,0.0,0.0,736.0733333333333,0.0,0.0,743.0466666666666,728.9070166666666,744.3457166666666,757.195,758.2457,673.2815166666667,561.2083333333334,1385.9109666666668,1421.7312271604942,0.0002597835906285067,570.392,1132.5467000614105,604.7483333333333,598.4982,569.6671666666667,565.1983333333334,620.5925833333333,651.5335833333334,0.0,0.0
2025-04-01,600.48405,1437.4450000000002,569.2086999999999,1246.655666850232,624.7700000000001,580.8452333333333,559.1295666666666,1432.25,1456.6985166666668,628.5328833333333,618.1733333333334,658.0078333333333,628.2520333333334,577.5316666666666,609.3870833333334,621.6469666666666,613.4000000000001,650.6776500000001,622.2470500000001,584.155,601.1607,637.63495,1477.4766666666667,654.4845499999999,622.6741000000001,590.3633333333332,1429.0098333333335,1454.3499500000003,1432.4016666666666,1433.4609839077361,1465.143806342402,633.8414791726099,606.7823661271801,1512.0009205276003,796.1086833333334,0.0,0.0,0.0,0.0,0.0,0.0,0.0,0.0,0.0,3.286660145818132e-05,309.19053418091164,0.0,0.0,0.0,0.0,0.0,0.0,0.0,0.0,0.0,0.0,0.0,0.0,0.0,0.0,0.0,0.0,0.0,0.0,0.0,817.3591295180871,828.8326617530455,878.6125651867404,912.5994797274938,915.5669903512635,796.7640833333334,796.6294264201925,734.5540978868734,478.0820124453044,758.3582812952229,742.3765538905626,0.0,0.0,0.0,7.599061188301448e-06,0.0,0.0,0.0,0.0,0.0,0.0,0.0,0.0,0.0,348.6542290427982,190.8630832618511,226.78830054662262,301.62158896898325,374.28346227762256,429.4294333333331,488.7940449941224,525.9073888565772,570.0558049197753,675.2041370123088,740.8787058990764,752.8925666666669,792.6224729016428,840.7334563664211,897.8626227359376,971.305553901128,876.3809386222471,690.131742708494,677.6697660469632,721.2210457252979,0.0,0.0,0.0,0.0,0.0,214.82524960971534,0.0,0.0,0.0,0.0,751.4214000000001,759.1426,0.0,716.9667000000001,0.0,759.2466666666668,768.9493,777.2050499999999,761.285,739.8897000000001,664.3175833333333,569.1383333333333,574.0065333333333,581.8018166666668,564.4566666666667,607.08945,610.98005,567.9016666666666,584.08515,615.7698166666668,614.6616666666666,572.8227666666667,572.0888333333334,580.9216666666666,571.0820166666666
2025-04-02,569.1842833333334,1429.7083333333335,1427.4363333333336,1413.7543500000002,581.46,598.0418500000001,608.3431166666667,594.3366666666668,618.8521,1470.2866166666668,1444.4333333333334,613.81895,614.9516833333334,618.8833333333334,597.01325,584.5259,1250.2366244548405,1475.3187666666668,1455.7560166666667,1451.8166666666668,1451.5118833333333,625.7055000000001,618.9499999999999,616.8554333333334,631.8749666666666,661.1516666666668,645.4853333333333,633.1540333333334,617.3783333333332,621.3171656381319,1455.7538767562723,626.1019788001818,646.9557146236559,1541.0614522647338,788.5827500000001,0.0,0.0,0.0,0.0,0.0,475.17451666666665,381.9841467933291,382.4764988322299,378.8682542031643,353.4292395624068,421.76701659543573,0.0,0.0,0.0,0.0,0.0,0.0,0.0,0.0,0.0,0.0,0.0,0.0,0.0,0.0,0.0,47.87000619651154,75.8795594306282,0.0,48.734592008287876,812.0234704664321,805.9721003830629,802.7191363503545,821.3588946687838,797.8808834756186,700.1633666666668,691.0381141986768,662.3593820740629,414.63098834850973,678.9750497020128,702.4443996740372,0.0,0.0,0.0,0.0,0.0,0.0,0.0,0.0,0.0,0.0,0.0,0.0,0.0,122.14027424555394,137.7385223276068,180.30545043063353,202.63252578302422,236.66639975790758,308.2343499999997,383.40755450439144,464.4899114216133,532.1894644134788,586.7177994146656,639.4012328539394,689.2427166666669,748.3839509551536,812.2229775171087,861.2414086057084,931.9725599291266,879.4983566509486,709.8533833333333,0.0,0.0,718.2532406046997,0.0,730.3865151023547,83.85892898396924,0.0,0.0,744.3716666666666,738.4185500000001,0.0,0.0,0.0,0.0,0.0,718.9903499999999,0.0,736.9383333333334,737.9608833333332,748.13395,752.22,791.0067166666665,683.3635166666668,534.0616666666666,1413.7210091286854,620.0048333333333,0.0,479.96634210576497,584.8272166666667,566.4733333333334,536.4894333333333,564.9747000000001,620.0433333333333,587.6891499999999,588.2340333333333,600.7016666666666,582.5825666666667
2025-04-03,1403.7614,1422.66,1431.6017833333333,1423.8938333333335,1413.895,604.3988,637.2777166666666,1461.7800000000002,596.4966833333334,604.3546666666667,1457.7150000000001,638.9110333333334,632.0317333333334,651.3866666666665,652.89415,642.1895499999999,622.2066666666667,595.6460333333333,1420.2035333333333,1463.6033333333335,1442.59695,722.5296468570622,646.91,622.5837166666666,603.5962333333335,645.8983333333333,660.6945666666667,669.90045,653.9350000000001,639.155315949446,1453.3559699691386,598.5474551587482,611.1485144778885,1511.3385590976063,769.4122500000001,0.0,0.0,0.0,0.0,0.0,0.0,0.0,0.0,0.0,0.0,408.8884029064442,0.0,0.0,0.0,0.0,0.0,0.0,0.0,0.0,0.0,0.0,0.0,0.0,0.0,0.0,0.0,0.0,0.0,0.0,0.0,0.0,608.132614780462,341.1841634594783,641.2714088912129,605.8328328832846,531.9663666666669,503.65707096231336,367.09312795053336,438.54738185610756,0.0,0.0,0.0,0.0,0.0,0.0,0.0,0.0,0.0,0.0,0.0,0.0,0.0,0.0,0.0,573.2978777252476,214.81034372524311,271.2494324926479,318.52646927798355,400.46409836760415,436.61095068948777,494.4568374707328,536.5589995947478,583.2546487936945,663.8690464905678,723.0018476622881,764.27160651285,790.5686451303245,843.3312950396794,890.3087756577723,945.1941184731069,849.8065270045587,673.8963666666668,0.0,0.0,0.0,704.1298112240881,737.3936576741942,758.9533333333331,761.3332499999998,0.0,0.0,748.6109166666668,67.45580464252134,0.0,0.0,0.0,0.0,0.0,0.0,744.5033333333333,743.4085833333332,757.8903333333334,771.2166666666667,805.68695,724.7185,584.4783333333332,545.3245333333334,564.2655833333333,569.3516666666666,1413.2944300957404,587.8139,602.5350000000001,618.2264166666666,0.0,511.3619194557836,579.0283666666667,530.3403833333333,433.24999999999994,412.0525666666667
2025-04-04,416.28545,406.6983333333333,1258.9123166666668,439.8286500000001,0.0,467.1669,467.3325499999999,679.1646989236757,447.1544333333334,0.0,0.0,475.09666666666675,454.08234999999996,464.705,1295.1026333333334,1288.3601637749564,458.805,494.12486666666666,490.95104999999995,473.0,452.12888333333336,1292.2349000000002,472.5633333333333,0.0,251.96858200468017,465.5316666666666,1294.4075500000001,472.35793333333334,452.8983333333333,439.8671183675775,463.974432053871,486.4618830861281,470.78120376667596,1286.4286748919671,0.0,0.0,0.0,0.0,0.0,0.0,0.0,0.0,0.0,0.0,0.0,0.0,0.0,0.0,0.0,0.0,0.0,0.0,0.0,0.0,0.0,0.0,0.0,0.0,0.0,0.0,0.0,0.0,0.0,0.0,0.0,0.0,0.0,0.0,0.0,0.0,0.0,0.0,0.0,0.0,0.0,0.0,0.0,0.0,0.0,0.0,0.0,0.0,0.0,0.0,0.0,0.0,0.0,0.0,0.0,0.0,0.0,0.0,0.0,0.0,0.0,0.0,20.224170327317722,73.84645015409802,147.7129773774443,162.1486524647343,105.80998333333338,116.33029413802271,204.18005843195135,286.5432308098176,345.95172115513924,401.34067726141916,434.74484999999993,0.0,0.0,0.0,0.0,0.0,0.0,0.0,0.0,0.0,0.0,0.0,0.0,0.0,0.0,0.0,0.0,0.0,0.0,499.26118333333324,536.2834333333334,504.7983333333333,511.5505833333334,95.02347484252886,371.0299999999999,602.6427937524181,1238.8817666666666,403.6416666666666,0.0,420.08549999999997,399.4683333333334,393.3916,421.8939333333334,458.68333333333334,453.7658666666667,0.0,458.5499999999999,456.8320833333333
2025-04-05,449.75321666666673,427.75166666666667,417.73383333333334,440.06735000000003,457.58,431.2243,443.98631666666677,0.0,440.97243333333336,435.04994999999997,457.5699999999999,472.93738333333334,450.0221666666667,450.79499999999996,459.201,474.38641666666666,472.66833333333335,452.5296833333333,1274.8885,1310.8616666666667,463.56691666666666,448.1719833333334,444.67833333333334,466.55019999999996,1303.0837489353712,467.215,0.0,506.75326666666666,503.09499999999997,478.47386357070667,473.84478909617195,458.96801997001086,446.64970488831483,1248.8106331177846,0.0,0.0,0.0,0.0,0.0,0.0,0.0,0.0,0.0,0.0,0.0,0.0,0.0,0.0,0.0,0.0,0.0,0.0,0.0,0.0,0.0,0.0,0.0,0.0,0.0,0.0,0.0,0.0,0.0,0.0,0.0,0.0,0.0,0.0,0.0,0.0,0.0,0.0,0.0,0.0,0.0,0.0,0.0,0.0,0.0,0.0,0.0,0.0,0.0,0.0,0.0,0.0,0.0,0.0,0.0,0.0,0.0,0.0,0.0,0.0,0.0,19.99866441203308,19.17041794452706,45.92953447610819,109.196220177427,133.07672644035188,108.37391666666662,176.4529257523557,253.18335492905175,285.0016012981449,318.12483569026995,353.0030125882174,391.4468333333333,0.0,0.0,0.0,0.0,0.0,0.0,0.0,0.0,0.0,0.0,0.0,0.0,0.0,0.0,0.0,0.0,0.0,0.0,481.35211666666663,502.69229999999993,499.58666666666664,485.5872333333334,367.59831749231364,427.8733333333334,1229.6858666666667,1248.3548333333333,1261.3216666666667,1254.7031,1249.5917166666668,1264.9683333333335,1231.4549833333333,1239.9240833333333,1261.7183333333335,1238.76425,1318.7308166666667,1424.0566610924957,0.0
2025-04-06,611.33795,606.3299999999999,598.2656000000001,132.38724733808317,580.3449999999999,578.0814,1414.3286666666668,571.0433333333334,608.0465666666666,644.7269833333334,652.415,646.4937833333333,621.7043833333333,612.7650000000001,586.2713666666667,596.9241,636.4066666666668,632.527,599.8630166666667,610.4316666666666,659.1155,680.4719166666665,600.5101333333329,644.98335,0.0,611.7066666666667,619.5525333333334,634.1071833333333,630.4316666666666,645.8293271303472,669.9195353356299,654.8865759891613,602.6830415071671,1480.0099980797936,765.3727333333331,0.0,0.0,0.0,0.0,0.0,0.0,0.0,0.0,0.0,0.0,3.037315423171094e-05,0.0,0.0,0.0,0.0,0.0,0.0,0.0,0.0,0.0,0.0,0.0,0.0,0.0,0.0,0.0,0.0,0.0,0.0,0.0,0.0,0.0,0.0,631.7872591821329,326.9133692382502,578.4293333333335,526.6641676405585,452.5364194794348,12.145499263574777,452.2629540857631,463.1330432098764,0.0,0.0,0.0,0.0,0.0,0.0,0.0,0.0,0.0,0.0,0.0,0.0,0.0,175.9435873828478,544.2483967343746,287.4198618588639,322.7908772593137,394.08371921541743,453.85122200944863,464.89194678591684,497.09987439083613,578.5069522133583,600.5709604972297,647.0017805426622,711.9781350242656,769.014190448727,795.7853363017898,842.9722504241669,929.1219110253662,851.227174983009,637.9182833333334,678.8140591772174,0.0,0.0,0.0,731.228288531627,0.0,0.0,0.0,718.7266666666667,725.24605,234.14686349693966,0.0,0.0,0.0,751.6933333333334,0.0,0.0,723.3950000000002,726.84145,738.7940333333335,747.0616666666666,759.8611833333334,674.4398500000001,556.0066666666665,1399.1511500000001,592.7624666666668,0.0,559.4861999999999,561.7137666666666,567.0733333333333,558.6016999999999,1414.185215288982,609.7733333333334,597.3175166666666,600.1539,0.0,618.8739833333333
2025-04-07,622.1367166666668,1445.7283333333335,1425.5071500000001,596.8410666666667,605.3366666666668,582.6817833333333,1414.0062333333335,1423.351666666667,1443.1328833333334,1223.772995504809,632.7883333333333,631.1945666666667,615.2950000000001,617.5983333333335,609.0894,600.0246,604.0416666666666,608.6043,1444.0353666666667,1450.3333333333335,608.5468833333333,617.2870833333333,607.4666666666666,1446.37705,590.5667666666668,1418.74,1453.5424833333334,1495.7152833333334,655.2166666666667,605.0704777111508,616.0144871235825,638.9754010596756,609.8797561941835,677.3512821234696,0.0,0.0,0.0,0.0,0.0,0.0,0.0,0.0,0.0,0.0,0.0,1.363631366757545e-05,0.0,0.0,0.0,0.0,0.0,0.0,0.0,0.0,0.0,0.0,0.0,0.0,0.0,0.0,0.0,0.0,0.0,0.0,0.0,322.9207945311964,597.5572505852094,0.0,0.0,0.0,628.2905166666669,631.9380443355059,0.0,0.0,483.1315265045731,608.315618133199,0.0,0.0,0.0,0.0,0.0,0.0,0.0,0.0,0.0,1.1135478455770453e-05,0.0,0.0,0.0,723.7154436533415,263.53773280297276,252.41339067256717,320.1636952298427,377.1862569180745,362.962578858833,388.30930907572673,433.433827848583,499.55300370356605,572.0528151613099,617.7769754766831,635.0184833333335,681.6792152024792,761.3199144283309,851.7378602628579,927.0115421469975,842.2911022922908,660.3672,664.3099251510234,0.0,0.0,694.1685918744328,712.9440943711454,0.0,0.0,720.1949499999998,754.4616666666666,145.37449039746718,0.0,0.0,0.0,0.0,0.0,0.0,0.0,791.2683333333333,727.7007666666665,722.4955666666666,771.7966666666665,778.0497333333333,690.5084999999999,589.1783333333333,536.4528166666666,1368.5972000000002,543.9366666666666,567.3767333333333,560.2082333333333,550.9516666666666,542.3326666666666,576.08475,613.4783333333334,580.7081999999999,502.49176555995194,575.7850000000001,0.0
2025-04-08,619.2320833333333,1436.75,1428.0830333333333,603.2530833333334,600.5083333333334,790.6688729339495,1454.1739833333336,1457.0366666666669,593.2776,596.3417333333333,1462.5766666666666,1493.5125,1470.6682,1465.4583333333335,1483.00145,658.9379333333333,648.8483333333334,623.2167666666666,619.9767,631.855,639.5534333333334,633.9537666666665,608.2299999999999,627.7530333333333,1466.7216833333334,1469.44,644.4580000000001,666.9448500000001,657.365,640.5273565870116,655.1131179882552,651.7811769893242,634.2877276663596,673.2177839785356,756.43995,0.0,0.0,0.0,0.0,0.0,0.0,0.0,0.0,0.00018205186222530756,220.14241070556852,320.89283375898003,0.0,0.0,0.0,0.0,0.0,0.0,0.0,0.0,0.0,0.0,0.0,0.0,0.0,0.0,0.0,0.0,0.0,0.0,0.0,0.0,0.0,0.0,0.0,358.04769787688133,514.9582833333335,482.40310269794213,418.2604696303051,376.003222693467,0.0,432.3483780488948,0.0,0.0,0.0,0.0,0.0,0.0,0.0,0.0,0.0,0.0,0.0,0.0,0.0,158.83328074229934,161.16182930565856,211.14449262241237,284.79517919954094,387.23018422157793,462.31971693883054,492.3232948004353,543.2496046748556,611.5193760199295,635.5038771718152,663.9366723081426,713.5229833333333,768.4733688022105,803.3050996276475,851.8789185336475,935.1288714078335,880.7495068793233,716.5702,0.0,0.0,710.175808079913,698.8753464979245,716.7174137764746,0.0,0.0,0.0,753.33,0.0,0.0,0.0,777.06965,205.32209002528384,0.0,0.0,0.0,757.9900000000001,734.9198,722.2812833333335,739.2666666666667,800.7911999999999,715.5821166666665,561.3966666666666,543.5087666666666,1407.7850135863735,551.1816666666667,534.2357666666667,558.9168,590.7333333333333,588.1474166666667,594.7072999999999,587.14,560.3983,568.15635,589.0633333333333,0.0
2025-04-09,619.8076833333334,593.3833333333333,586.0151833333333,587.3550166666666,588.365,580.4664833333334,1428.7832,1438.1150000000002,604.3102833333334,1428.6015166666666,1421.7666666666667,647.7035166666667,1458.4075500000001,1419.6133333333332,1467.1321,643.1938166666666,1439.1933333333332,1469.1568666666667,641.8651,619.1433333333333,630.4868,639.1909833333334,636.8,643.16495,645.0468000000001,665.1633333333334,658.264,663.2919666666667,1485.6066666666666,1476.6677129944087,667.0797584919266,661.3576432559362,622.8048563563132,941.8940795325287,786.0025666666666,0.0,0.0,0.0,0.0,0.0,0.0,0.0,0.0,0.0,0.0,351.5810940040458,0.0,0.0,0.0,0.0,0.0,0.0,0.0,0.0,0.0,0.0,0.0,0.0,0.0,0.0,0.0,0.0,0.0,0.0,0.0,0.0,396.9260161488555,0.0,612.2922868928371,725.2268779801543,689.0018000000001,696.6525027179304,557.1220005494039,579.2123821175072,590.938932698633,643.0829334466779,0.0,0.0,0.0,0.0,0.0,0.0,0.001127970421442067,0.0,0.0,0.0,0.0,0.0,0.0,202.6754167269455,972.774815389198,368.0240237306938,346.1008076337247,382.77170020285234,469.68782061256024,500.32814898458344,518.2986777133289,556.2300659030163,595.321067110772,626.1764352367538,621.13075,660.7064721455777,729.4076799319321,817.8166154468186,893.1304425624872,836.606290837664,697.8584666666667,688.5859366742236,726.5883246713802,328.9041148069658,0.0,0.0,710.5733333333334,0.0,718.0645333333333,755.4616666666667,0.0,0.0,0.0,0.0,0.0,0.0,0.0,0.0,745.0833333333334,752.8639333333333,749.0047166666667,740.2683333333333,780.3048666666667,704.5390499999999,562.135,557.8085833333332,586.2120999999999,560.3966666666668,540.5832166666667,544.4506,573.5066666666667,1314.2222016460905,601.1008999999999,0.0,589.4013333333334,595.62835,1398.3,589.8691166666667
2025-04-10,1452.3308500000003,619.4133333333333,590.5750166666667,1421.0151,1432.5950000000003,1406.9052333333334,1424.5472833333333,1455.1683333333335,602.0539999999999,614.0574888454413,622.7316666666667,0.0,631.54615,613.8633333333333,636.59255,635.2154333333333,1447.4,1457.4673666666667,1456.6694833333333,1439.2766666666666,620.4212833333333,636.0785999999999,638.1800000000001,622.3863166666666,627.6670000000001,1492.8783333333333,625.2911833333334,1459.166416666667,645.1483333333334,0.0,666.6155463207773,646.2588312479023,583.4280008190071,1480.4884297012595,776.5889166666668,0.0,0.0,0.0,0.0,0.0,0.0,0.0,0.0,0.0,0.0,0.0,0.0,0.0,0.0,0.0,0.0,0.0,0.0,0.0,0.0,0.0,0.0,0.0,0.0,0.0,0.0,0.0,0.0,0.0,0.0,514.677657588176,671.9939913235913,528.7848334815168,517.3201062606519,0.0,0.0,421.70716934041366,429.2595823928276,172.07455488966178,0.0,525.7735724247823,0.0,0.0,0.0,0.0,0.0,0.0,0.0,0.0,0.0,0.0,0.0,0.0,0.0,347.0430705898949,229.96282638274795,327.80425620165397,351.7571849555502,381.88653793552305,417.83912549423997,467.833958889531,524.7088916680995,562.4051286274064,605.7702848113017,662.123104112635,710.9101161553698,750.6307508967275,793.7952359989814,862.5590618667924,948.8308286850973,858.6204250499374,680.3126318689973,657.7011813085928,212.9061250164247,742.3227228545034,722.1727725099643,739.5000429965773,0.0,0.0,0.0,0.0,0.0,0.0,0.0,0.0,0.0,769.0216666666666,0.0,0.0,742.0700000000002,754.4069999999999,757.6961666666667,736.2283333333334,773.8990833333335,694.1278666666666,559.8000000000001,552.9068833333333,574.5920999999998,544.0649999999999,1408.026336032554,600.8235666666667,496.52352731363146,611.0905833333333,599.3208166666666,593.1899999999999,652.2291,0.0,390.81999999999994,403.9586166666667
2025-04-11,921.4342405351094,447.70666666666665,412.2427333333334,431.2589166666667,456.01833333333326,423.39305,423.0798333333334,454.4150000000001,463.63701666666674,455.3456666666666,437.75666666666666,447.88994999999994,454.6207,465.76333333333343,479.8723333333333,455.96385,427.2183333333333,1265.1274666666668,439.26025,444.31166666666667,485.61221666666665,507.8647166666666,499.62000000000006,475.39324999999997,459.78673333333336,489.41833333333335,505.8601333333334,504.0176333333333,459.7216666666666,0.0004549058410659963,478.0421349743211,461.74722522825067,435.82002071868715,1241.9178331529772,0.0,0.0,0.0,0.0,0.0,0.0,0.0,0.0,0.0,0.0,0.0,0.0,0.0,0.0,0.0,0.0,0.0,0.0,0.0,0.0,0.0,0.0,0.0,0.0,0.0,0.0,0.0,0.0,0.0,0.0,0.0,0.0,0.0,0.0,0.0,0.0,0.0,0.0,0.0,0.0,0.0,0.0,0.0,0.0,0.0,0.0,0.0,0.0,0.0,0.0,0.0,0.0,0.0,0.0,0.0,0.0,0.0,0.0,0.0,0.0,0.0,0.0,0.0,0.0,77.83193214750344,81.1330505809351,33.097833333333426,119.04201272517841,216.38914177567597,252.47600415228925,313.43980268154064,355.5343929915378,50.59945021887006,0.0,0.0,0.0,0.0,0.0,0.0,0.0,0.0,0.0,0.0,0.0,0.0,0.0,0.0,0.0,0.0,0.0,0.0,473.45468333333326,474.5175166666667,487.105,501.01271666666656,468.75225000000006,417.3766666666667,375.59074999999996,1233.3015,423.68166666666656,154.5052333333332,435.09526666666665,441.48666666666674,0.0,411.56541666666664,445.4399999999999,414.60116666666664,421.00659999999993,434.8683333333333,403.7770999999999
2025-04-12,412.37115,467.09999999999997,441.79963333333336,421.27353333333343,422.2483333333334,446.7379833333334,494.2843666666666,493.40333333333336,469.51015000000007,151.81288992618357,442.7966666666667,456.1954166666665,470.2240166666667,476.33,438.6163666666668,1049.3055554930518,1287.9850000000001,1297.6951833333333,461.18226666666664,452.33666666666664,468.02081666666663,485.93195,498.0016666666666,0.0,461.00058333333345,482.7066666666667,488.0604000000001,1332.7876833333335,472.60166666666663,437.38109378903965,446.4495863506046,455.15302944922115,454.68840690599257,414.31190695735813,0.0,0.0,0.0,0.0,0.0,0.0,0.0,0.0,0.0,0.0,0.0,0.0,0.0,0.0,0.0,0.0,0.0,0.0,0.0,0.0,0.0,0.0,0.0,0.0,0.0,0.0,0.0,0.0,0.0,0.0,0.0,0.0,0.0,0.0,0.0,0.0,0.0,0.0,0.0,0.0,0.0,0.0,0.0,0.0,0.0,0.0,0.0,0.0,0.0,0.0,0.0,0.0,0.0,0.0,0.0,0.0,0.0,0.0,0.0,0.0,0.0,0.0,2.1634290730889916,53.60592651975651,130.58057821695826,144.79115177834586,115.71740113362398,171.59921167450494,252.55187185266504,316.9710506575776,349.8990691916623,383.02829082373563,421.46586666666695,0.0,0.0,0.0,0.0,0.0,0.0,0.0,0.0,0.0,0.0,0.0,0.0,0.0,0.0,0.0,0.0,0.0,0.0,485.54124999999993,476.30863333333326,361.0302874240941,496.17938333333325,480.23646666666554,441.6216666666667,1245.4515999999999,1243.4432833333333,1238.415,1262.7527833333334,434.87606666666665,1244.384636064202,1266.5727,1296.3232166666667,459.9833333333333,1252.9298333333334,1309.6116833333335,1404.145,581.5288166666667
2025-04-13,556.0476,552.7266666666667,1396.0612666666668,585.5239000000001,588.4016666666666,599.0132500000001,613.57305,607.5150000000001,603.15025,626.0358666666667,639.9866666666667,620.9037166666666,589.4548000000001,595.7783333333334,621.6067333333334,484.17691990924015,607.2416666666667,1465.6402666666668,633.8329,603.6316666666667,0.0007189273547163527,641.9991833333332,639.2399999999999,1384.3391760156112,628.7363333333335,677.3849999999999,638.0868,643.7207833333334,664.0550000000001,629.091687453961,628.9184327029975,627.6460137008402,592.3414041037247,643.7678660227059,528.612829412993,0.0,0.0,0.0,0.0,0.0,0.0,0.0,0.0,0.0,0.0,0.0,0.0,0.0,0.0,0.0,0.0,0.0,0.0,0.0,0.0,0.0,0.0,0.0,0.0,0.0,0.0,0.0,0.0,0.0,0.0,0.0,595.1099705126602,611.1740699433007,530.9499613264165,0.0,0.0,0.0,178.42083893406777,508.73100211330654,510.5819060528345,519.8508184054747,0.0,0.0,0.0,0.0,0.0,0.0,0.0,0.0,0.0,0.0,0.0,0.0,0.0,22.75581865325114,99.4924628802853,172.6273470073113,194.67158739073213,264.8108327975493,368.1777000000001,415.2274743239698,462.9929365732683,562.4766961144,586.5461950169624,644.458833192811,703.2432833333332,733.8524667292783,811.5756727787453,897.3968367751843,895.0376542222367,786.1371124844744,672.4610472840501,677.1411687432756,0.0,232.58404893266834,690.4700704936208,736.5193637017255,793.3833333333333,742.8230500000001,0.0,0.0,0.0,0.0,0.0,0.0,0.0,0.0,0.0,0.0,771.4733333333332,726.6802333333333,711.5908999999999,755.5083333333334,809.6261666666666,706.4395166666665,552.4066666666668,540.9024833333333,579.99205,567.9916666666667,563.5220666666667,563.3747666666666,556.2016666666666,571.6111999999999,594.5953333333333,600.9249999999998,602.8800833333333,587.6663833333333,560.4033333333333,576.8450333333334
2025-04-14,597.0621166666666,595.7533333333332,1403.7626500000001,1401.7269333333334,1414.3600000000001,1454.9955666666667,633.9790333333333,594.3600000000001,1421.5833,615.4806333333333,1452.165,1421.7150666666666,583.3491666666666,619.6633333333334,616.0134166666667,629.5027166666667,637.2683333333332,1453.728016666667,1254.0267639612925,631.585,642.4560833333331,620.8725333333334,1453.87,1476.1892666666668,644.0354833333334,638.1483333333333,637.2568166666666,636.69885,610.8766666666667,629.5410916582646,655.4766981089755,626.1411121891716,576.3405490143269,1457.7550989783945,736.2727333333331,0.0,0.0,0.0,0.0,0.0,0.0,0.0,0.0,0.0,0.0,1.6489501774685777e-05,0.0,0.0,0.0,0.0,0.0,0.0,0.0,0.0,0.0,0.0,0.0,0.0,0.0,0.0,0.0,0.0,0.0,0.0,0.0,582.2048105551524,0.0,0.0,0.0,0.0,0.0,0.0,70.99140179443577,435.55710833333364,0.0,0.0,0.0,0.0,0.0,0.0,0.0,0.0,0.0,0.0,0.0,0.0,0.0,0.0,0.0,67.92702081733466,106.2262563896688,144.11650171401448,174.383056453344,221.1959166621017,278.0479564233019,330.9209133208591,394.1018484736346,432.65111083321807,538.8156138760667,568.8385920747261,573.6780387321185,663.5041672577477,738.5613929067964,794.8851621870722,873.3366351920397,821.0865152945419,653.0238114152243,668.870888637346,726.2287169262784,728.184219496766,0.0,0.0,0.0,698.7593500000002,693.88945,0.0,0.0,0.0,0.0,0.0,0.0,49.92257146939676,0.0,0.0,754.1683333333333,786.4418499999999,744.9957333333334,695.7816666666666,774.18935,725.9693833333332,581.3033333333334,548.0437,1315.2457030864198,0.0,584.1524666666667,1296.7100063331586,599.4533333333334,586.70885,610.8435666666666,621.7950000000001,6.53701414605692e-05,562.7748166666667,598.5016666666667,615.0464499999999
2025-04-15,606.1215,585.0133333333333,567.6111666666667,1422.6404000000002,1434.545,590.6371333333334,600.21475,1444.4500000000003,602.2038333333333,1266.5094236798623,624.8416666666667,602.93935,577.8602166666666,1439.505,1459.4121666666665,1458.61885,1432.955,1441.3775666666668,1451.2372666666665,621.615,621.9920333333332,602.4929666666667,606.2433333333333,616.6303499999999,628.3538166666668,649.2750000000001,649.6679833333333,641.3614166666666,621.1733333333333,631.2491816546049,636.0991498009674,591.8490098360749,577.1820237543544,1482.6001498526425,0.0,0.0,0.0,0.0,0.0,0.0,0.0,0.0,0.0,0.0,0.0,0.0,0.0,0.0,0.0,0.0,0.0,0.0,0.0,0.0,0.0,0.0,0.0,0.0,0.0,0.0,0.0,0.0,0.0,0.0,0.0,0.0,416.2140483088949,0.0,0.0,0.0,328.96129999999994,361.17343160521295,0.0,0.0,0.0,0.0,0.0,0.0,0.0,0.0,0.0,0.0,0.0,0.0,0.0,0.0,0.0,0.0,0.0,394.97490503199504,174.0931202623708,212.67780840381545,267.8466583889267,316.57515854566975,326.4864559175934,397.0918036586495,444.5918522743525,473.3750389726476,536.4581894431342,584.7598992352746,604.3977333333332,676.664208536488,748.2524787395755,806.5826817416487,865.2726916456003,785.402947387727,646.57695,644.8647906926769,705.9027695111431,306.7902239919225,0.0,0.0,0.0,725.1728999999999,0.0,749.7933333333334,745.2462333333334,0.0,0.0,0.0,0.0,0.0,0.0,0.0,745.2533333333333,768.5536333333332,780.0292000000001,749.9583333333333,754.6941666666667,672.1094999999999,561.3266666666667,560.5747666666666,603.0765833333331,590.185,579.4882666666666,593.9423,613.975,609.81495,1440.469811958853,1423.7200000000003,573.4907666666668,597.2472833333333,608.0383333333332,591.8232833333333
2025-04-16,595.66315,1448.9866666666667,592.9335,581.7785000000001,1406.7433333333333,1416.8665166666667,618.8873166666667,632.4916666666668,1433.6550333333334,1182.421386482696,609.1600000000001,1424.9951,1406.3615833333333,602.7566666666667,618.3782333333334,633.7830333333334,628.6216666666668,630.0463666666666,610.3556166666667,605.0799999999999,620.6308,623.2618666666666,653.1033333333334,643.01825,635.7752333333333,655.1583333333334,657.8329833333333,654.1506333333334,621.345,1420.950510072253,1439.1493014361608,612.350465965188,582.1595606777938,1458.720855381915,729.7844833333332,0.0,0.0,0.0,0.0,0.0,0.0,0.0,0.0,0.0,0.0,289.86725807407174,0.0,0.0,0.0,0.0,0.0,0.0,0.0,0.0,0.0,0.0,0.0,0.0,0.0,0.0,0.0,0.0,0.0,0.0,0.0,0.0,0.0,0.0,771.903833619893,399.2328932637079,694.9426833333334,690.6042712746455,566.0950783950617,146.51084580182618,475.63504938271615,463.11991959876536,0.0,0.0,0.0,0.0,0.0,0.0,0.0,0.0,0.0,0.0,0.0,0.0,0.0,104.1595969886846,271.80902612740255,269.4405505462545,316.1287013960938,369.827250180713,393.4073393570011,440.7819287243017,496.1490166551565,545.7799062127982,526.6735352837123,563.6356110230292,662.4744647638624,739.2915321575374,730.2727971795515,790.8879752183952,893.3849496856992,801.36521447511,624.7058166666666,0.0,0.0,719.244899909143,714.8191882444969,717.6635026921462,724.5699999999999,749.5372833333332,0.0,0.0,274.01341100989765,0.0,0.0,0.0,0.0,0.0,0.0,0.0,752.3799999999999,736.56405,724.5387666666666,725.0133333333335,743.4078666666667,712.3567666666667,621.065,558.8542166666666,1326.460414531552,617.3716666666666,613.4963833333333,578.9507666666668,552.3183333333333,565.1622,597.1224833333333,0.004021483532658739,596.96005,603.2330833333334,584.1700000000001,566.10405
2025-04-17,1406.6914166666668,1439.9233333333332,1442.3966500000001,625.3721333333334,612.9100000000001,580.43695,591.5675166666666,617.2933333333334,621.6997500000001,621.3975666666666,617.9116666666667,618.3891166666666,601.38695,1431.0933333333332,1443.6154833333335,618.1154,603.1900000000002,1465.8675666666666,1460.1790333333333,620.9033333333333,653.8067833333333,112.32428440788448,600.7183333333332,1430.4844666666668,614.7420999999999,639.2566666666667,634.5346833333332,659.4870500000001,1497.60450489654,1486.1479317284134,654.0655619671741,0.0,543.4698499524432,1433.7546876277347,0.0,0.0,0.0,0.0,0.0,0.0,0.0,0.0,0.0,0.0,0.0,5.5970250969039625e-05,0.0,0.0,0.0,0.0,0.0,0.0,0.0,0.0,0.0,0.0,0.0,0.0,0.0,0.0,0.0,0.0,0.0,0.0,0.0,116.74825711829959,642.0495319452849,641.0030899264688,651.0577860890285,617.0292137338851,515.1057000000001,533.4395064062329,267.6244674281394,268.1285700646049,104.32930505808145,420.7958990095451,0.0,0.0,0.0,0.0,0.0,0.0,0.0,0.0,0.0,0.0,0.0,0.0,0.0,180.78741187275648,481.91060115375547,253.28724760821194,266.68134353038033,324.29578727708065,412.2348331206922,480.9973381347826,528.4423707174625,526.3252247674113,590.9795139937664,649.3651184389383,714.7697166666665,741.3189598307442,758.710566282932,812.2306462897507,885.8525949814126,826.8159531766179,675.16831655829,693.5428953405578,0.0,142.34243836505743,744.4154139579406,0.0,0.0,787.0406833333333,0.0,0.0,0.0,0.0,0.0,0.0,0.0,715.0466666666666,747.6768833333333,0.0,748.7616666666667,758.8958333333334,745.7473333333334,741.3466666666668,812.0319499999998,749.2091166666667,595.9516666666667,557.3375666666666,586.4195833333333,578.1883333333333,560.6211500000001,553.8710333333333,555.6033333333334,568.2845666666667,601.1301166666666,602.7833333333332,581.0366333333333,504.4218166666667,410.7766666666666,407.66769999999997
2025-04-18,433.89091666666667,0.0,732.9377244372236,1257.4738833333333,426.97499999999997,451.33639999999997,487.3709833333333,490.08166666666676,442.32740000000007,0.0025702988794154644,429.07666666666665,431.2454666666666,427.3052,439.6383333333333,1267.5422,433.67929999999996,435.96833333333336,1292.2251999999999,1305.3199833333333,481.3999999999999,473.4474666666667,471.26270000000005,514.1399999999999,484.7081166666667,460.22266666666667,480.08000000000004,477.6834333333332,0.0,477.1916666666667,1325.4212638975082,499.53775527864855,0.0,0.0,461.5791003276555,0.0,0.0,0.0,0.0,0.0,0.0,0.0,0.0,0.0,0.0,0.0,0.0,0.0,0.0,0.0,0.0,0.0,0.0,0.0,0.0,0.0,0.0,0.0,0.0,0.0,0.0,0.0,0.0,0.0,0.0,0.0,0.0,0.0,0.0,0.0,0.0,0.0,0.0,0.0,0.0,0.0,0.0,0.0,0.0,0.0,0.0,0.0,0.0,0.0,0.0,0.0,0.0,0.0,0.0,0.0,0.0,0.0,0.0,0.0,0.0,0.0,0.0,0.0,39.182218195683674,130.31303729505817,127.7907332334475,72.71175000000022,100.9976363708389,188.23558479274033,256.34775331317985,294.8579664612639,353.9674608808647,51.57167319737471,0.0,0.0,0.0,0.0,0.0,0.0,0.0,0.0,0.0,0.0,0.0,0.0,0.0,0.0,0.0,0.0,0.0,0.0,481.39499999999987,507.05136666666664,506.0966666666667,473.90899999999993,434.90091666666655,423.3866666666667,395.5172833333334,665.3706016658764,476.31499999999994,440.49376666666655,409.94124999999997,1249.97,432.63565,453.6558666666667,0.0,0.0,433.56516666666676,438.77833333333325,415.8191333333333
2025-04-19,1245.46585,1280.6716666666666,1293.6136166666668,460.63163333333335,433.1216666666666,428.44001666666674,0.0,0.0,448.4294666666667,468.96131666666673,336.04953122364157,434.8010666666666,1271.0236666666667,1284.1950000000002,459.08616666666677,458.84630000000004,451.29333333333335,460.11926666666676,453.98191666666673,457.31166666666667,497.43031666666667,475.2652666666667,0.0,428.63806666666665,427.66625,452.47999999999996,0.0,0.0,452.6866666666668,453.655547496015,476.6280750483298,465.8236263038686,431.1250930873171,410.7317591166553,0.0,0.0,0.0,0.0,0.0,0.0,0.0,0.0,0.0,0.0,0.0,0.0,0.0,0.0,0.0,0.0,0.0,0.0,0.0,0.0,0.0,0.0,0.0,0.0,0.0,0.0,0.0,0.0,0.0,0.0,0.0,0.0,0.0,0.0,0.0,0.0,0.0,0.0,0.0,0.0,0.0,0.0,0.0,0.0,0.0,0.0,0.0,0.0,0.0,0.0,0.0,0.0,0.0,0.0,0.0,0.0,0.0,0.0,0.0,0.0,0.0,38.125025715904826,68.71738255377534,87.46969825178559,165.25789271473997,140.33297507602953,54.66895595628273,89.29639470097754,154.01638434959077,182.15463098521494,256.0772043124775,328.1526368299337,48.895299877591526,0.0,0.0,0.0,0.0,0.0,0.0,0.0,0.0,0.0,0.0,0.0,0.0,0.0,0.0,0.0,0.0,0.0,0.0,480.3644499999999,498.3048833333334,481.14333333333326,500.2755499999999,485.2697333333333,426.3450000000001,405.6207666666667,1231.0931166666667,1225.0349999999999,1259.5340833333335,458.5234166666666,436.2816666666667,1259.0462897787588,1261.0676,1251.6416666666667,1221.6438500000002,466.0676166666667,0.0,0.0
2025-04-20,581.2011666666666,581.1983333333333,576.36005,1435.2357666666667,609.6700000000001,584.9744000000001,1421.0761333333335,1440.855,602.9742666666666,1449.8497666666667,622.5366666666666,0.0,605.1534333333333,1488.375,640.4543166666666,602.5985833333333,586.5566666666667,611.4910333333335,613.74215,599.2,1458.3468333333333,610.0589833333333,0.001611741044247027,577.5605833333334,1087.113610392709,634.0966666666667,629.3866333333333,622.2110833333334,619.9183333333334,658.938024054735,656.0096936295324,574.0523649513148,545.9004218150812,1453.3814683581177,0.0,0.0,0.0,0.0,0.0,0.0,0.0,0.0,0.0,0.0,0.0,6.8550137370948505e-06,0.0,0.0,0.0,0.0,0.0,0.0,0.0,0.0,0.0,0.0,0.0,0.0,0.0,0.0,0.0,0.0,0.0,0.0,0.0,503.4260336432368,307.9861385432734,0.0,0.0,0.0,0.0,439.5820774725013,447.1889979014253,456.8683663381595,460.688854974848,512.181112612689,0.0,0.0,0.0,0.0,0.0,0.0,0.0,0.0,0.0,0.0,0.0,0.0,0.0,95.20190133972051,163.1579949980254,153.75117889500143,263.82650756228236,336.3842977081398,377.31924580549025,480.65398857712944,478.9988222188083,525.2626455450775,605.235212235353,683.0489118189323,730.8274500000001,748.8455189156432,792.8314962758674,856.5827213058024,900.199179798602,799.9436041827599,644.4864166666666,623.499021397212,0.0,0.0,0.0,0.0,717.9016666666666,750.0598833333333,167.29507192294272,0.0,0.0,0.0,0.0,0.0,0.0,746.7683333333332,759.3628166666667,0.0,775.9516666666666,764.3799499999999,746.5489666666667,734.885,762.5053666666665,718.2553,587.8799999999999,537.1477,563.0046666666666,576.8466666666667,1396.2938109060626,586.6979500000001,0.0,542.0053333333333,529.1444166666666,561.8683333333333,588.8183166666668,582.1862666666667,474.76333333333355,559.4136833333333
2025-04-21,1409.8854333333334,1428.2016666666668,633.0289833333333,617.3124833333334,1405.45,1450.4074500000002,1475.3813666666667,1433.5433333333335,1428.7649000000001,1445.20415,610.8833333333334,629.4403666666667,635.6270000000001,623.93,1454.9090666666666,1479.0465833333333,659.0299999999999,0.0003064456163126889,586.6323,1435.9950000000001,620.1923833333333,629.1367666666667,636.0633333333333,643.1212333333334,620.4833333333333,592.485,622.0357166666666,666.4637666666669,665.115,640.1461094617874,631.8598701527933,591.2751412995054,1004.9403504535037,1469.3135650090462,745.2701333333333,0.0,0.0,0.0,0.0,0.0,0.0,0.0,0.0,0.0,0.0,0.0,0.0,0.0,0.0,0.0,0.0,0.0,0.0,0.0,0.0,0.0,0.0,0.0,0.0,0.0,0.0,0.0,0.0,0.0,0.0,0.0,0.0,0.0,0.0,0.0,0.0,0.0,0.0,0.0,0.0,0.0,0.0,0.0,0.0,0.0,0.0,0.0,0.0,0.0,0.0,0.0,0.0,0.0,0.0,121.72762894505922,174.12540039276814,170.383046132378,204.53318936064807,272.6703579548815,358.717814377432,403.64296699812064,422.45043253543145,434.6879562471838,512.1675031557039,548.027819238295,613.0411855515326,652.6555961331401,701.3232559521348,768.7102123764614,873.346753892696,789.4789547992993,599.6211369076267,618.3442068876722,0.0,714.6805312525181,759.4851863385605,0.0,0.0,0.0,0.0,722.6116666666666,0.0,0.0,0.0,0.0,0.0,742.0816666666666,755.9891833333334,0.0,134.04516936928644,727.0687499999999,735.9633166666667,738.1233333333333,795.23075,728.7718000000001,558.5733333333333,541.4580333333333,1418.8255436366414,587.3433333333334,549.7984166666666,555.0744833333334,490.6250000000001,0.0,601.9824666666666,568.6416666666667,586.3193666666667,591.0445833333334,572.915,588.5091833333332
2025-04-22,592.0071833333333,572.8466666666666,1397.6637166666667,1399.1969166666668,1401.1383333333333,579.1823666666667,1449.7304333333334,632.5266666666668,601.2877500000001,611.8048,625.1816666666667,591.0016166666667,597.2330000000001,634.6466666666666,601.90775,590.1461833333333,1458.5631586238385,628.5157166666665,617.5605833333334,600.33,578.6901999999999,1422.8227000000002,1463.99,620.3261166666667,587.23395,1406.3766666666666,1442.5166833333333,639.2020333333335,598.9416666666667,1432.8789497137573,1472.9066490044174,534.7414064466958,0.0,1455.937306951317,736.0661833333332,0.0,0.0,0.0,0.0,0.0,0.0,0.0,0.0,0.0,0.0,0.0,0.0,0.0,0.0,0.0,0.0,0.0,0.0,0.0,0.0,0.0,0.0,0.0,0.0,0.0,0.0,0.0,0.0,0.0,0.0,0.0,277.2118502414345,0.0,0.0,0.0,620.5024,614.5309401404863,543.814693730348,0.0,0.0,125.22101976169904,0.0,0.0,0.0,0.0,0.0,0.0,0.0,0.0,0.0,0.0,0.0,0.0,0.0,178.19125764282148,332.1409103019427,236.73142574253245,250.71042924498056,284.18486763532735,305.34699054536384,384.3567836911818,427.86977938006544,459.173835629335,498.9164241739798,569.035190399073,653.9290865449855,693.0541574826353,723.34843566096,785.8108688046385,848.2486505163514,795.8054644378012,597.6451666666667,608.6297560362613,694.5569843059343,0.0,0.0,0.0,0.0,764.3874500000001,281.30105643326715,0.0,0.0,0.0,0.0,0.0,714.5169166666667,743.7633333333333,0.0,0.0,758.0166666666668,783.7562833333335,754.50955,712.7416666666667,779.6415,739.8615833333334,580.2699999999999,543.5754499999999,1394.210844671858,550.8683333333333,546.6204666666667,590.0463500000002,613.6366666666667,0.0,560.1171166666666,1397.2150000000001,1402.7593666666667,564.1756833333334,562.1683333333333,590.8632500000001
2025-04-23,1424.2489833333334,1399.9416666666666,1425.3725833333333,629.3136,627.6066666666667,595.0048833333333,602.7066666666667,1453.8733333333334,1454.5471000000002,641.5002666666667,646.3816666666667,610.4204833333333,600.3888666666666,625.065,1456.9605833333335,1452.7034333333334,617.1500000000001,618.2055499999999,615.8847,618.9133333333333,1447.4951666666666,1012.825467277525,677.1033333333332,639.6301833333332,617.4956000000001,630.8183333333334,608.1107999999999,637.8365500000001,654.7900000000001,629.1863673607468,632.465090805456,630.0859975828081,559.1282293565049,1429.718838079979,1.6150388985685042e-05,0.0,0.0,0.0,0.0,0.0,0.0,0.0,0.0,0.0,0.0,3.237800962097026e-05,0.0,0.0,0.0,0.0,0.0,0.0,0.0,0.0,0.0,0.0,0.0,0.0,0.0,0.0,0.0,0.0,0.0,0.0,0.0,0.0,622.7388112040355,0.0,0.0,0.0,0.0,563.0108251805273,585.7880412612122,199.5045683475978,0.0,587.833632716049,0.0,0.0,0.0,0.0,0.0,0.0,0.0,0.0,0.0,0.0,0.0,0.0,0.0,102.80877768536709,250.37785268977598,155.36550297837118,205.99378994163794,253.14731496044158,254.11132727770337,346.71799807991965,420.03935312766197,450.10972677020965,475.6101584095361,528.2617095956506,588.8943157295658,616.9081250507111,676.8304828299938,766.8341652326696,809.6526669154856,727.8081376749201,619.25135,642.927247835192,707.2605139567138,208.8525875256928,0.0,0.0,0.0,0.0,0.0,736.16,0.0,0.0,0.0,0.0,717.8317999999999,738.1516666666668,0.0,0.0,748.5433333333334,780.8624500000001,767.2857,746.8766666666668,794.6830333333334,710.9284999999999,560.5983333333332,563.7580666666667,604.8633333333333,569.8283333333333,576.2259833333334,599.3603499999999,606.4816666666667,579.26535,600.3711666666666,586.3083333333334,603.6660833333334,615.4862833333334,594.2016666666667,591.6015166666667
2025-04-24,588.786,1406.6058198471944,1431.2416333333335,610.1772333333333,623.0916666666666,1444.6005,611.9448833333333,613.5950000000001,1442.2307333333333,1448.3679833333335,1443.2183333333332,614.5377166666667,622.52365,617.445,590.1990666666666,1445.603016666667,1479.69,605.6522333333335,1428.6739666666667,636.2033333333334,631.35765,1465.8692500000002,649.4533333333334,607.9813666666666,601.5209666666666,621.7333333333333,611.5533333333333,640.8523166666668,648.2983333333334,620.4814299777815,619.7463078788713,614.9908699829947,596.6613643410451,1472.4982233216147,1.4433295272647984e-05,0.0,0.0,0.0,0.0,0.0,0.0,0.0,0.0,0.0,0.0,0.0,0.0,0.0,0.0,0.0,0.0,0.0,0.0,0.0,0.0,0.0,0.0,0.0,0.0,0.0,0.0,0.0,0.0,0.0,0.0,0.0,0.0,0.0,0.0,0.0,0.0,0.0,0.0,0.0,0.0,0.0,0.0,0.0,0.0,0.0,0.0,0.0,0.0,0.0,0.0,0.0,0.0,0.0,0.0,20.162464797078428,95.13935379687916,128.54690637773388,210.3244625579241,309.0088023383198,346.1610277777779,440.2610080376867,492.8047642993482,511.22720902467677,566.854296641335,614.5133044083667,647.8526319837578,693.712592656306,727.4724164204694,777.900687851992,831.1324859431388,755.5254046202958,626.0568166666667,657.2870017876767,711.8732579490606,713.5763783376292,0.0,0.0,0.0,0.0,0.0,0.0,0.0,292.9374503166678,0.0,0.0,0.0,747.8833333333334,747.6238833333334,0.0,723.255,745.5882333333334,765.6365166666667,778.26,781.9959166666665,674.08435,538.905,536.4888833333333,563.2189166666667,535.9166666666666,553.7791666666667,586.0197166666667,602.2833333333334,584.2772,585.8729999999999,556.9783333333334,585.6830666666666,522.2548833333333,410.40166666666664,437.6925666666667
2025-04-25,459.52354999999994,0.0,431.4007333333334,1268.9500333333335,442.2183333333333,0.0,452.69981666666666,435.0199999999999,418.0324166666667,448.7132500000001,478.91666666666663,270.6282834137292,463.05549999999994,485.16,496.1542166666666,501.17990000000003,483.7533333333333,441.7411,446.09183333333334,492.41833333333335,480.2660333333334,1306.387006715813,1329.675,482.82009999999997,484.2391666666667,480.415,470.70418333333345,0.0,474.6316666666667,465.394239280062,465.2326679061343,0.0,442.4199399511266,1233.7001375539323,0.0,0.0,0.0,0.0,0.0,0.0,0.0,0.0,0.0,0.0,0.0,0.0,0.0,0.0,0.0,0.0,0.0,0.0,0.0,0.0,0.0,0.0,0.0,0.0,0.0,0.0,0.0,0.0,0.0,0.0,0.0,0.0,0.0,0.0,0.0,0.0,0.0,0.0,0.0,0.0,0.0,0.0,0.0,0.0,0.0,0.0,0.0,0.0,0.0,0.0,0.0,0.0,0.0,0.0,0.0,0.0,0.0,0.0,0.0,0.0,0.0,0.0,0.0,0.0,16.017623052414308,39.102290755175716,40.46965814053169,65.93583079648079,133.72752903097688,208.64834303394747,238.35606832604273,276.50287842969453,359.3800779994148,0.0,0.0,0.0,0.0,0.0,0.0,0.0,0.0,0.0,0.0,0.0,0.0,0.0,0.0,0.0,0.0,0.0,0.0,5.267205622749884,450.18375000000003,440.7616666666667,498.0252666666667,489.51033333333334,399.7266666666667,385.46935,1240.3446816569906,397.8683333333333,394.00174999999996,398.14256666666677,165.8534728578376,0.0,443.8674999999999,387.94,380.0339333333333,400.36791666666676,426.27000000000004,463.9741666666667
2025-04-26,448.4812833333333,413.0766666666667,414.29713333333336,450.3385499999999,448.6766666666668,419.0974166666667,411.74030000000005,438.8750000000001,425.8233,1265.4911,1299.1433333333334,501.78110000000004,497.58299999999997,463.46666666666664,442.9519000000001,446.58616666666666,1280.5,447.48636666666675,440.8267,445.7,0.0,479.29703333333333,462.8733333333334,473.0924333333333,0.0,420.47333333333336,1278.0442,473.0062166666668,464.34166666666664,0.0,458.95023552320424,469.3110224371389,0.0,777.3826716005157,0.0,0.0,0.0,0.0,0.0,0.0,0.0,0.0,0.0,0.0,0.0,0.0,0.0,0.0,0.0,0.0,0.0,0.0,0.0,0.0,0.0,0.0,0.0,0.0,0.0,0.0,0.0,0.0,0.0,0.0,0.0,0.0,0.0,0.0,0.0,0.0,0.0,0.0,0.0,0.0,0.0,0.0,0.0,0.0,0.0,0.0,0.0,0.0,0.0,0.0,0.0,0.0,0.0,0.0,0.0,0.0,0.0,0.0,0.0,0.0,0.0,0.0,0.0,16.954157626652375,94.54576602022439,114.0086908137771,80.14279828765615,65.76548187255639,144.74125118689307,256.21114472097634,287.7941823168886,313.1961811622009,23.447823415610458,0.0,0.0,0.0,0.0,0.0,0.0,0.0,0.0,0.0,0.0,0.0,0.0,0.0,0.0,0.0,0.0,0.0,0.0,460.23426666666666,480.9441333333333,498.3133333333332,491.02583333333337,454.7302833333333,405.71333333333337,1273.9264,1290.6516,425.0399999999999,1233.101012424788,1244.1751333333336,1258.4850000000001,1246.7794000000001,1243.8169166666667,1221.7116666666666,1228.8186666666668,1326.1093333333333,1427.5316666666668,593.0846333333333
2025-04-27,556.0547666666666,566.5283333333333,609.5908333333334,616.7502166666666,570.3900000000001,591.2173333333334,619.3160833333334,609.98,588.0539000000001,595.5868333333334,607.0266666666666,613.49855,1461.5932166666666,638.9766666666667,599.6254333333333,592.8212500000001,607.5166666666668,0.0019603402116965337,598.6407499999999,607.745,641.5236999999998,633.3429,635.0516666666666,625.6185166666667,630.7220166666666,625.6166666666667,605.5813166666668,640.9438833333334,671.8183333333334,643.7643579361226,627.5708707814158,645.3261152725723,591.0771438544222,1446.8043041686112,0.0,0.0,0.0,0.0,0.0,0.0,0.0,0.0,0.0,0.0,0.0,6.393688863681746e-06,0.0,0.0,0.0,0.0,0.0,0.0,0.0,0.0,0.0,0.0,0.0,0.0,0.0,0.0,0.0,0.0,0.0,0.0,0.0,321.8376396881337,0.0,0.0,0.0,0.0,547.46505,532.9968648404356,0.0,0.0,0.0,0.0,0.0,0.0,0.0,0.0,0.0,0.0,0.0,0.0,0.0,0.0,0.0,0.0,0.0,65.8827301926392,116.87002048033173,160.28815929219707,232.53486698775816,290.70000535994404,346.6657333333334,391.1667071318609,444.9682095088743,506.5254741011015,546.4161798453756,558.4612473131045,579.4402827407976,684.6903574627634,741.9132798721256,771.442966252896,838.1226592483144,783.26238746018,579.2082833333332,0.0,676.4694185644992,745.5530100366283,0.0,0.0,0.0,0.0,0.0,0.0,0.0,719.2615333333333,733.88,0.0,0.0,651.9280921710221,720.40215,0.0,0.0,705.4290500000001,711.8510166666666,765.2416666666666,774.4622333333333,684.7114,552.2516666666667,562.4373333333333,584.9899666666665,565.7433333333333,572.3878500000001,579.3600666666666,563.66,574.9395999999999,592.3376666666666,573.5416666666666,566.5332500000001,596.7182333333334,613.595,602.47745
2025-04-28,587.0660333333334,1441.0533333333333,1462.8954500000002,1461.4806666666668,599.8866666666668,863.3002934156367,1453.9654666666665,1467.1750000000002,598.86865,1417.0185000000001,1420.075,596.3867666666665,602.4247833333333,1451.5083333333334,1462.7242166666665,632.7341166666666,614.9000000000001,629.3528833333335,640.12865,640.2683333333333,649.4943333333333,620.8753666666665,1436.3733333333334,1472.5895166666667,657.0989666666667,617.2616666666667,614.8249333333334,642.0337000000001,660.4383333333334,648.2088120506733,650.0209293040612,669.742664397609,608.6873842609235,1464.648491012781,7.759000152418594e-05,0.0,0.0,0.0,0.0,0.0,0.0,0.0,0.0,0.0,0.0,0.0,0.0,0.0,0.0,0.0,0.0,0.0,0.0,0.0,0.0,0.0,0.0,0.0,0.0,0.0,0.0,0.0,0.0,0.0,0.0,36.98977298918796,853.577351586032,899.01510495536,906.5536234567907,884.0998640319633,875.9168333333334,848.8998695020632,575.2367351851852,560.8889145833334,579.9680450617282,596.5036654706788,92.18322711172635,0.0,0.0,0.0,0.0,0.0,0.0,0.0,0.0,0.0,0.0,0.0,0.0,239.50688462987648,268.90497940524074,288.2448335289009,925.4769570734536,409.6905331186683,429.74518875725244,465.8580231121432,514.4150539834826,546.9975144251251,587.2721022468228,638.6355503064725,650.0708833333333,687.1517629439787,705.2724802039768,745.8078369821893,820.2135831985602,741.8201268113496,611.0558833333333,5.729129570904206,0.0,706.2845901278589,0.0,764.5999588776707,0.0,0.0,0.0,0.0,0.0,0.0,737.1200000000001,760.6642833333333,0.0,0.0,747.4812333333333,0.0,732.3316666666666,769.8744500000001,777.49875,759.6833333333334,783.0109333333334,705.2691,560.3383333333334,557.2592333333333,579.1382333333333,581.5350000000001,619.5824,635.3269166666666,596.6383333333333,585.3955666666667,565.3279833333333,560.75,580.1389666666666,592.7779833333334,566.7066666666667,585.2481333333334
2025-04-29,1425.1245333333334,593.92,621.7732833333336,1454.3498,1423.2783333333332,1434.6531,616.5093803644701,600.1700000000002,604.5794833333333,623.78,628.125,630.7026,611.1622333333333,591.5816666666667,1440.5337333333332,1469.0808666666667,1464.9083333333333,595.2742000000002,593.6279166666667,623.95,657.4122166666667,641.92565,622.6383333333333,616.2552,640.8033833333334,631.2650000000001,587.43795,602.9571333333334,1494.0749999999998,650.5987103187949,621.6256078361243,615.8534638414718,1403.013065399124,1444.5737675385742,1.5458755079541813e-05,0.0,0.0,0.0,0.0,0.0,0.0,0.0,0.0,0.0,0.0,0.0,0.0,0.0,0.0,0.0,0.0,0.0,0.0,0.0,0.0,0.0,0.0,0.0,0.0,0.0,0.0,0.0,0.0,0.0,0.0,0.0,0.0,0.0,0.0,0.0,0.0,0.0,0.0,0.0,0.0,0.0,0.0,0.0,0.0,0.0,0.0,0.0,0.0,0.0,0.0,0.0,0.0,0.0,0.0,196.72423090590462,424.7756601253217,293.8478846199828,290.82541698688976,323.873967806328,366.92196136575126,394.09349791754073,439.07978780804956,497.88376214208836,555.1525159853804,593.490975976126,614.2537952883621,656.399259918621,692.7697478867814,786.9846184370672,845.9874705339331,754.0942709263006,598.9978166666666,591.2881867217706,683.620220640031,181.38547368594698,0.0,0.0,0.0,0.0,0.0,0.0,760.5196833333332,0.0,0.0,0.0,737.9839833333332,699.255,0.0,0.0,732.9383333333333,758.5762833333333,773.2600166666667,774.3033333333333,814.1270166666666,720.8388,555.9599999999999,561.1579499999999,594.3180500000001,581.3016666666667,579.5024666666667,582.03915,570.3449999999999,593.7852833333334,597.0927,588.9833333333332,560.6147666666667,596.9836833333334,636.6583333333334,631.2628833333333
2025-04-30,622.0709333333333,628.8083333333334,621.5372166666667,620.4392833333334,639.6133333333333,624.4215999999999,591.6486333333334,588.2049999999999,602.5785666666667,635.2990333333333,638.9516666666666,1460.5985333333333,614.3060833333333,597.3733333333332,1410.5136833333336,1426.5424333333333,626.0483333333333,617.0997333333333,613.5393666666666,1455.44,647.2563833333334,637.6953666666667,629.06,1464.1154833333335,1490.7773000000002,641.3516666666666,597.1050333333333,598.2323999999999,633.4316666666666,643.9435988181219,623.4343427754183,615.3781936348636,1433.8809889814152,1462.4920625454229,0.0,0.0,0.0,0.0,0.0,0.0,0.0,0.0,0.0,0.0,0.0,0.0,0.0,0.0,0.0,0.0,0.0,0.0,0.0,0.0,0.0,0.0,0.0,0.0,0.0,0.0,0.0,0.0,0.0,0.0,0.0,0.0,0.0,0.0,0.0,0.0,0.0,0.0,504.6464209876542,561.7160395283444,126.72986757192956,503.65696823638257,0.0,0.0,0.0,0.0,0.0,0.0,0.0,0.0,0.0,0.0,0.0,0.0,0.0,32.66899153023326,82.66634481160179,130.20725714817593,149.05851675076383,207.93425826394423,308.4750656018656,331.98185119804737,389.77267332399833,429.65972632016053,475.15747455837015,547.6876295992251,625.6997293965704,679.9727720224506,707.6670554650832,758.8962681707828,831.8734211249014,755.6016502202186,582.5793278620062,602.432096897963,689.7698220421594,0.0,0.0,0.0,0.0,705.7327666666667,738.3104833333333,0.0,713.5916,734.7072,112.25742534500091,0.0,0.0,0.0,0.0,0.0,0.0,753.6530499999999,761.43515,752.2183333333335,803.2647,735.66335,564.32,539.75415,557.3660833333333,555.1850000000002,568.4539,590.2797833333335,585.15,581.2782333333334,573.3435000000001,583.1399999999999,564.8287999999999,1321.2652756769594,605.2883333333334,5.94255960814419e-05
2025-05-01,580.4543,571.18,622.2203833333333,624.0282666666667,576.245,1439.0160500000002,629.5760833333334,603.31,1013.4084874111384,615.8928000000001,643.135,639.28095,1458.8919500000002,622.8100000000001,612.93945,1455.3005833333334,1454.505,595.2447333333333,594.48685,626.6899999999999,650.8180166666666,632.2303833333334,612.8783333333332,602.7626666666667,615.5694666666665,605.4916666666667,1423.4685,1432.95545,1460.2783333333334,603.9684744457679,602.7388939305042,632.3235945424044,1419.2282283286243,1436.4309723130132,0.0,0.0,0.0,0.0,0.0,0.0,0.0,0.0,0.0,0.0,0.0,295.57974234733183,0.0,0.0,0.0,0.0,0.0,0.0,0.0,0.0,0.0,0.0,0.0,0.0,0.0,0.0,0.0,0.0,0.0,0.0,0.0,0.0,0.0,0.0,0.0,0.0,0.0,302.9221309159668,0.0,0.0,0.0,253.8592509459544,0.0,0.0,0.0,0.0,0.0,0.0,0.0,0.0,0.0,0.0,0.0,0.0,0.0,164.57980795859729,195.64124260038454,233.5460407170916,296.62053100202536,354.80207591247233,399.1309697264826,410.66928523737045,472.3903331974507,520.7640248333681,549.198629397148,596.2854713335872,646.6526000000001,696.7963472239944,732.646176922301,774.0206833970917,856.9844127879321,787.2208287764006,621.3026711280193,659.0356336971911,726.3274663558982,776.6965690021555,0.0,0.0,0.0,0.0,0.0,0.0,759.2748333333332,0.0,0.0,0.0,92.49247953431802,773.3433333333334,0.0,0.0,731.815,764.4175833333333,772.0438999999999,777.8366666666668,818.05005,716.12655,521.8399999999999,526.40995,1408.2065714487258,0.0,419.3034247931989,580.7345333333334,575.7633333333333,574.0543333333334,571.3998666666666,590.9616666666667,593.5695666666666,532.4814166666665,444.2966666666666,419.7476
2025-05-02,1249.16275,429.78,459.4915666666667,471.06995,425.6166666666667,1248.45975,447.3311,466.4933333333334,426.57633333333337,421.4425833333334,444.02500000000003,447.4663166666666,452.6247166666667,454.86833333333334,439.0021333333333,1182.2878220967827,1274.8483333333334,437.2243666666668,439.82463333333334,0.00010728321359465554,0.0,459.73786666666655,456.10833333333335,488.8945166666667,0.0,0.0,459.91405,458.5805500000001,471.8583333333335,453.9218449625341,460.3648646530873,468.35929495615073,1285.5724426040172,1229.736240269474,0.0,0.0,0.0,0.0,0.0,0.0,0.0,0.0,0.0,0.0,0.0,0.0,0.0,0.0,0.0,0.0,0.0,0.0,0.0,0.0,0.0,0.0,0.0,0.0,0.0,0.0,0.0,0.0,0.0,0.0,0.0,0.0,0.0,0.0,0.0,0.0,0.0,0.0,0.0,0.0,0.0,0.0,0.0,0.0,0.0,0.0,0.0,0.0,0.0,0.0,0.0,0.0,0.0,0.0,0.0,0.0,0.0,0.0,0.0,0.0,0.0,17.473570694979117,96.46793027522563,89.48267761966707,151.39796943558883,181.3049425520506,148.72720154090177,169.73551920439456,244.787729057062,295.8338340757582,335.00261110020335,375.6405387238851,392.5051237810219,0.0,0.0,0.0,0.0,0.0,0.0,0.0,0.0,0.0,0.0,0.0,0.0,0.0,0.0,0.0,0.0,0.0,0.0,481.15468333333337,463.6024166666669,479.1883333333332,510.14641666666665,306.2815766102523,389.5633333333332,413.14915,425.8528833333334,381.82499999999993,1252.2621833333333,459.05966666666666,443.0116666666667,423.7600166666667,423.19901666666664,648.2670938977319,457.19509999999997,0.0,0.0,410.8919666666667
2025-05-03,1009.6545098998588,450.65999999999997,1286.0148666666669,1301.5753333333334,460.5783333333333,458.76215,454.37901666666664,440.77000000000004,432.7101,0.0,0.0,0.00045148111462367524,426.3196666666667,447.56666666666666,472.03139999999996,475.4618666666667,452.13,0.0,453.38884999999993,457.7200000000001,459.80911666666674,450.8559166666667,1056.6606995884772,416.1457333333333,454.5684666666666,0.0,460.69415000000004,427.0068666666666,460.12000000000006,1235.112834478613,468.53919901057606,407.339609998982,1264.4619311448619,1249.70194486916,0.0,0.0,0.0,0.0,0.0,0.0,0.0,0.0,0.0,0.0,0.0,0.0,0.0,0.0,0.0,0.0,0.0,0.0,0.0,0.0,0.0,0.0,0.0,0.0,0.0,0.0,0.0,0.0,0.0,0.0,0.0,0.0,0.0,0.0,0.0,0.0,0.0,0.0,0.0,0.0,0.0,0.0,0.0,0.0,0.0,0.0,0.0,0.0,0.0,0.0,0.0,0.0,0.0,0.0,0.0,0.0,0.0,0.0,0.0,0.0,0.0,0.0,0.0,62.93670661904173,129.77239193132522,98.92801467875671,50.31135597311231,84.16372470332749,159.4733937379425,193.0440210792581,266.1808142500696,316.4413286175008,334.80445000000003,0.0,0.0,0.0,0.0,0.0,0.0,0.0,0.0,0.0,0.0,0.0,0.0,0.0,0.0,0.0,0.0,0.0,0.0,484.20581666666675,463.8947833333334,477.3516666666665,494.32181666666673,361.32118449844825,438.76666666666665,382.70225,1245.2349833333335,458.7466666666667,470.9480833333334,1280.0341,1276.3616666666667,424.2118,0.0,22.481666666666513,427.12065,507.8639,0.0,0.0
2025-05-04,1413.7467833333335,1467.83,649.6085666666668,611.2377666666666,568.755,1438.8728333333333,1447.8305833333334,1404.3183333333336,1412.6007333333334,1420.7185666666667,1404.6799999999998,1421.5031833333333,609.5611666666666,609.0533333333333,600.9577166666668,604.6597,607.935,1361.7323012345678,593.7860333333333,615.9516666666667,672.3514166666668,689.4996333333333,648.1916666666666,601.9834833333334,614.8565666666666,644.0533333333332,611.0234166666667,597.2398666666666,624.0033333333334,630.3201741884681,1443.6436180274322,580.6902567948778,509.25590496676875,1394.7769758693994,0.0,0.0,0.0,0.0,0.0,0.0,0.0,0.0,0.0,0.0,0.0,0.0,0.0,0.0,0.0,0.0,0.0,0.0,0.0,0.0,0.0,0.0,0.0,0.0,0.0,0.0,0.0,0.0,0.0,0.0,0.0,0.0,0.0,0.0,0.0,0.0,0.0,0.0,0.0,0.0,0.0,0.0,0.0,0.0,0.0,0.0,0.0,0.0,0.0,0.0,0.0,0.0,0.0,0.0,0.0,50.404447213995354,98.95883654610486,127.38869106824143,192.5789836212124,241.76943469889477,284.3927781045684,354.1036912591852,410.55495033622924,459.72240601198496,524.5758259739903,588.9081095293168,663.5304087751236,681.9009523085235,735.9320768509931,831.9320946872355,805.3767007781621,716.4006918793053,632.62,666.7788737621178,0.0,104.8341864654476,725.4067101989866,0.0,0.0,0.0,0.0,0.0,779.9902333333332,832.6482833333334,0.0,0.0,752.0973166666666,0.0,0.0,0.0,765.2299999999999,791.1993833333335,762.8277666666668,764.2483333333333,794.0733333333333,705.0775333333332,555.4733333333334,561.4595833333334,610.28405,592.115,1298.7497367445535,573.5408666666666,577.665,610.5975500000001,613.1173833333332,0.00025192830050581945,546.9109833333333,596.5527666666667,658.5766666666667,613.6936833333333
2025-05-05,596.2613333333334,607.6733333333333,621.9332833333334,615.1850833333334,1443.2366666666667,1479.1592333333333,628.23415,582.6983333333332,597.7750333333333,661.3079166666668,665.6233333333334,587.3883166666667,573.5854,1448.1683333333335,1184.8076833333334,1451.5804166666667,1482.9916666666668,607.0395166666666,609.3934333333334,635.7466666666667,617.6818666666667,1442.8187333333335,1460.7783333333334,1474.3386500000001,1470.1704333333332,1483.4499999999998,634.6592,607.2348833333333,598.88,1459.161276376511,625.8255848310553,588.0369857396491,546.3942913525192,1438.8185905698444,702.9998,0.0,0.0,0.0,0.0,0.0,19.63976807866586,0.0,0.0,0.0,0.0,395.68826818616867,0.0,0.0,0.0,0.0,0.0,0.0,0.0,0.0,0.0,0.0,0.0,0.0,0.0,0.0,0.0,0.0,0.0,0.0,0.0,519.7925265337568,505.18074933062644,0.0,0.0,0.0,0.0,318.86554208972166,239.42827603058106,0.0,449.58968894570376,553.1189380060922,0.0,0.0,0.0,0.0,0.0,0.0,0.0,0.0,0.0,0.0,0.0,0.0,0.0,57.34913501138317,83.81255710925154,95.3438418829935,168.6746464947554,203.06823335522222,245.841412461613,338.53323047059575,398.84032467006523,452.65450539227305,547.0965910844722,623.7935029898522,689.6334758268871,696.9793753161186,741.4845936987331,844.569107892504,865.5608395886932,781.8038663325626,644.9734886848112,662.6972556195835,0.0,230.84393198179174,730.0308857696995,750.6629978095807,0.0,0.0,0.0,0.0,0.0,0.0,0.0,0.0,753.2944666666668,756.5116666666668,0.0,0.0,879.8183333333334,819.6459499999999,763.7112666666666,761.1383333333333,811.9278833333333,755.52805,605.8283333333333,596.1761000000001,616.5676333333334,584.51,586.55285,595.64285,574.5983333333334,567.9184666666667,584.6456166666667,609.7833333333333,558.4123000000001,567.6530833333334,612.7483333333332,600.8147333333334
2025-05-06,587.03345,602.3233333333335,606.9648333333334,582.1267166666667,569.405,1437.2329666666665,672.7814788490912,608.3299999999998,595.4950666666666,1452.0755833333333,625.2616666666668,0.0004970707707343536,600.4722333333333,1415.3316666666667,1444.2752333333333,633.1777666666666,620.5083333333333,1424.05855,586.9727333333333,597.7216666666667,608.7478833333333,1468.3902333333335,645.6816666666667,0.0,618.1367333333332,640.8799999999999,632.3881166666666,627.3689,627.9433333333333,1453.9552264496133,1448.7531095094273,1433.6760792674079,1391.0585684870414,1414.4415187131337,0.0,0.0,0.0,0.0,0.0,0.0,0.0,0.0,0.0,2.100508162889412,218.94498024599932,300.44157502764335,0.0,0.0,0.0,0.0,0.0,0.0,0.0,0.0,0.0,0.0,0.0,0.0,0.0,0.0,0.0,0.0,0.0,0.0,0.0,550.1335346747252,585.0028388412214,588.9584989603536,497.53706546609317,0.0,67.63290442968565,415.4415635502919,0.0,0.0,225.2708740065284,364.56752240930984,0.0,0.0,0.0,0.0,0.0,0.0,0.0,0.0,0.0,0.0,0.0,0.0,0.0,130.40774275576334,118.99909437539054,157.1020418272759,211.6668432280643,242.46222902074317,277.1982742186092,334.8320097533841,399.69081915756647,469.1755189487229,493.7508529125453,509.5041398940375,560.7546333333332,622.7187518207612,662.7666837421123,708.0132577452787,800.078019880876,732.0603853443941,596.7106666666666,634.9004245888113,722.4770428771071,742.6280023233926,797.0949782403671,693.6336016491896,0.0,0.0,0.0,0.0,0.0,0.0,0.0,794.6399666666666,0.0,0.0,0.0,0.0,767.4516666666666,803.0663166666666,787.1432166666666,740.9066666666665,786.2079333333334,734.0687666666666,570.58,578.7253166666666,1448.736414589982,602.4566666666667,614.1934999999999,606.8210166666667,469.0926566821145,0.0,578.1202333333333,594.4766666666667,630.8302000000001,599.6423666666667,580.953333333333,615.8095333333333
2025-05-07,1451.0841666666668,1198.0394637860084,1444.625716666667,593.63755,564.8433333333334,595.5268166666667,625.95695,619.6783333333334,614.3272333333333,1456.4575333333335,1435.375,605.4651833333332,624.2273666666666,649.0166666666667,649.8907333333333,626.9628666666665,1425.3166666666666,1433.6699666666668,621.0624500000001,585.9383333333333,1437.8833666666667,1481.28505,647.1966666666667,1430.3255166666668,596.9536,653.7166666666667,641.8674333333335,612.3841,607.3816666666667,612.9035853380406,619.8167439985225,1435.0052336692356,1407.893919878588,1436.0585984411582,0.0,0.0,0.0,0.0,0.0,0.0,0.0,0.0,0.0,0.0,0.0,0.00010566117879307058,0.0,0.0,0.0,0.0,0.0,0.0,0.0,0.0,0.0,0.0,0.0,0.0,0.0,0.0,0.0,0.0,0.0,0.0,0.0,0.0,0.0,0.0,0.0,0.0,548.7094000000002,522.4621573334477,489.29815748718556,198.4874436156348,0.0,511.99917248254735,0.0,0.0,0.0,0.0,0.0,0.0,0.0,0.0,0.0,0.0,0.0,0.0,0.0,171.5020492195339,208.7959492907912,236.37031990493767,458.21811412936745,314.90540196035727,356.1995440684193,424.1182521015164,474.53629684761825,518.7668678756137,621.5343586165534,651.379810223203,667.7647472756072,702.2470173863055,771.7138590477939,865.635607867594,898.5552719515989,791.0542964107415,630.44865,629.4994725508266,719.6142385351627,757.2744571619096,789.9385408582224,570.7786506032917,0.0,0.0,0.0,0.0,0.0,0.0,0.0,0.0,0.0,0.0,783.8914,0.0,849.9733333333331,851.9956,834.3275333333332,819.8066666666667,789.5596833333334,716.6852,580.7216666666666,644.6077,633.2969499999999,588.2783333333332,590.1546333333333,596.6947166666666,583.2483333333333,1421.6636528491929,583.3274500000001,601.0533333333333,629.4081500000001,641.3805,633.9421715254872,0.0
2025-05-08,601.5582333333333,375.7124531495961,640.8568166666668,626.8389166666666,1437.0183333333334,598.6178166666667,1427.3261499999999,1410.1600000000003,1425.2002666666667,1450.39135,1437.6550000000002,624.5670333333334,641.6204833333333,626.2083333333334,610.5381,1429.1541,1425.1416666666669,1457.7545666666667,662.45315,637.47,637.7880166666666,1497.5556713254077,666.5733333333334,632.81075,624.6810166666668,661.0266666666666,663.40655,605.3916999999999,561.2666666666668,1460.1814240536437,660.6605589952536,595.294535017886,519.9313877176214,1384.0304819300814,650.1854833333334,0.0,0.0,0.0,0.0,0.0,0.0,0.0,0.0,0.0,0.0,0.0,0.0,0.0,0.0,0.0,0.0,0.0,0.0,0.0,0.0,0.0,0.0,0.0,0.0,0.0,0.0,0.0,0.0,0.0,0.0,539.7125758753339,0.0,0.0,721.1984156235857,0.0,0.0,680.3929382568821,651.076657518543,99.55637244992869,0.0,617.4387030870988,0.0,0.0,0.0,0.0,0.0,0.0,0.0,0.0,0.0,0.0,0.0,0.0,200.51011666666705,172.05060531331435,540.319189396541,229.94389750277332,220.5188360584715,246.13749478831824,278.09799999999984,304.39980787721504,349.9036255045678,419.3649673820813,499.7497664664158,550.535419356989,612.0919000000001,681.284370469701,736.1218888546312,836.8158245011252,865.6072193362253,806.1137037813085,707.0666666666667,745.6844421299543,0.0,0.0,0.0,30.817555094498175,814.7733333333332,32.26963333333333,39.85339999999974,11.28999999999985,496.4659512028073,47.73071666666658,10.95000000000016,791.9511333333335,807.3722833333334,884.025,930.2359333333334,109.90591366131787,926.7933333333332,877.1819166666667,855.8743000000001,878.1683333333334,857.22055,785.2198833333334,706.1083333333333,706.2887000000001,681.9783666666666,673.1083333333332,691.9664999999999,718.1312166666668,690.1733333333334,633.5960833333332,639.1053833333333,687.9133333333333,692.4277500000002,573.5443666666666,482.3033333333333,445.26818333333335
2025-05-09,455.75725,456.62000000000006,438.7872666666667,434.79579999999993,433.00166666666667,426.61405,453.19154999999995,0.0,463.15468333333325,454.6984166666666,441.7433333333334,449.55145,1288.5306666666668,438.28000000000003,0.0,450.4550784776412,476.725,1282.7039833333333,440.61471666666665,454.74500000000006,478.2055166666666,487.51523333333324,468.26333333333326,469.82661666666667,0.0,518.6166666666666,501.0423,471.34373333333326,0.0,0.0,504.6532139583815,475.1067623975038,417.52914764387725,1188.3253567132206,0.0,0.0,0.0,0.0,0.0,0.0,0.0,0.0,0.0,0.0,0.0,0.0,0.0,0.0,0.0,0.0,0.0,0.0,0.0,0.0,0.0,0.0,0.0,0.0,0.0,0.0,0.0,0.0,0.0,0.0,0.0,0.0,0.0,0.0,0.0,0.0,0.0,0.0,0.0,0.0,0.0,0.0,0.0,0.0,0.0,0.0,0.0,0.0,0.0,0.0,0.0,0.0,0.0,0.0,0.0,0.0,0.0,0.0,0.0,0.0,0.0,12.620775422802012,57.84774321013185,97.31563451435613,207.92965550008495,191.91096983536,117.60681322694512,163.76776845127046,245.42532002966504,274.4101440589969,262.8008792714101,378.236105603262,411.6381500000001,455.6866861546664,0.0,0.0,549.5463310581426,0.0,0.0,0.0,0.0,0.0,0.0,0.0,0.0,0.0,0.0,0.0,0.0,0.0,668.3599999999999,627.9541499999999,565.69065,555.95,596.2882999999999,599.3814500000001,521.8183333333334,603.7586180037597,1379.8161166666669,544.1633333333334,0.0,481.8942833333333,1351.4983333333334,505.24173333333323,0.0,3.558362135436255e-05,1105.146309893605,521.2655166666666,0.0003233195134636128,434.94380000000007
2025-05-10,425.9378833333334,447.27500000000003,1313.2030166666668,484.27196666666674,430.6616666666668,451.00951666666657,501.6132166666667,511.2616666666666,0.0,469.4992833333334,464.235,159.32348145004056,426.55493333333334,433.41333333333336,433.2979833333332,0.0,428.955,1276.091386898982,447.6786333333334,0.0,0.0,483.2787333333332,487.2749999999999,468.7405333333333,467.83791666666673,494.7433333333333,0.0,447.03029999999995,1319.9150000000002,481.01548960486355,463.52041887987383,440.1184571608555,421.8654741535286,368.779890444719,0.0,0.0,0.0,0.0,0.0,0.0,0.0,0.0,0.0,0.0,0.0,0.0,0.0,0.0,0.0,0.0,0.0,0.0,0.0,0.0,0.0,0.0,0.0,0.0,0.0,0.0,0.0,0.0,0.0,0.0,0.0,0.0,0.0,0.0,0.0,0.0,0.0,0.0,0.0,0.0,0.0,0.0,0.0,0.0,0.0,0.0,0.0,0.0,0.0,0.0,0.0,0.0,0.0,0.0,0.0,0.0,0.0,0.0,0.0,0.0,0.0,0.0,30.261656949908343,2.045536689000926,95.1660420143763,116.33316361971225,30.80394999999993,92.67930532740348,195.93658704781183,306.02124275458993,327.52756248509456,346.4342445592042,361.7051833333334,406.2216228849488,525.5611889401997,206.10156934607994,0.0,0.0,0.0,0.0,0.0,0.0,0.0,0.0,0.0,0.0,0.0,0.0,0.0,0.0,609.1383333333332,620.8264666666665,632.6968333333333,655.505,642.4478666666666,614.5595666666667,536.1916666666667,463.44266666666675,1318.9469666666666,1369.7633280266373,498.46158333333324,1301.09095,1295.9816666666668,1314.7286,1331.5369333333333,1323.1583333333333,438.92423333333335,1349.7869166666665,1467.5866666666666,618.9610833333334
2025-05-11,889.7225918820941,651.0133333333333,0.0,0.000225396093390884,634.3133333333334,639.9697166666666,641.8402333333333,609.0,584.4802166666666,610.1585166666667,623.645,587.1608666666666,580.1610166666667,609.9283333333333,595.8118166666666,604.3271166666667,627.3316666666667,651.3895833333333,653.1062666666667,612.9783333333334,1441.3105833333334,1439.4037166666667,597.3966666666666,650.1955166666668,654.7245666666666,622.8916666666665,614.3969833333333,598.121,607.0299999999999,657.6660140171667,657.6345939141626,582.1445464120288,550.0291465235972,1403.637469838573,601.1066500000001,0.0,0.0,0.0,0.0,0.0,0.0,0.0,0.0,0.0,0.0,224.65095616812755,0.0,0.0,0.0,0.0,0.0,0.0,0.0,0.0,0.0,0.0,0.0,0.0,0.0,0.0,0.0,0.0,0.0,0.0,0.0,0.0,0.0,0.0,0.0,0.0,160.34108748955623,551.9376812913558,463.78478322181263,237.22816497405472,0.0,452.9206405701676,0.0,0.0,0.0,0.0,0.0,0.0,0.0,0.0,0.0,0.0,0.0,0.0,1.1969758588747936e-06,170.8080788698503,559.3824605114572,218.6715330436533,253.17563851496868,302.80278259343174,358.88415542558835,393.62052877842757,452.98626815859666,511.69727227985993,564.5360278175242,584.5239460854577,618.2504166666669,676.1134181931109,736.5887546301431,814.0226366462115,839.0594359365592,763.9738957138566,637.3996166666667,674.1275958957218,726.07795992773,728.7383005837493,834.80626010072,936.038295372493,37.5566666666665,29.984949999999913,17.374766666666687,0.0,0.0,14.152050000000031,494.3428666666661,23.060333333333347,0.0,0.0,864.0619166666667,55.107366666666735,885.9283333333333,869.7104,884.3525666666667,912.8833333333334,861.1178666666667,799.7538833333334,731.72,694.8779000000001,667.5903166666667,659.0833333333334,669.1054833333333,655.4163166666666,621.7416666666667,643.5446833333334,653.8516166666666,624.4116666666665,619.9483666666666,630.8141333333333,617.9749999999999,639.58385
2025-05-12,672.1226,651.5366666666667,604.8317000000001,615.2289833333333,639.3566666666667,1418.63165,1394.8850333333335,1428.8133333333333,604.1046499999999,599.7225333333334,597.335,648.4427166666666,661.0791166666667,625.76,603.5772333333334,1432.30265,1432.1616666666669,1429.9623666666666,614.1034666666666,611.2933333333334,614.7353833333333,636.4485333333333,646.8766666666666,844.2366081023799,616.5424166666666,618.1733333333334,622.0657166666667,636.9724500000001,0.00013510910615665515,0.0,644.4602119761219,632.0574317720061,557.0903026313349,1391.1212457891693,0.0,0.0,0.0,0.0,0.0,0.0,0.0,0.0,0.0,0.0,0.0,0.0,0.0,0.0,0.0,0.0,0.0,0.0,0.0,0.0,0.0,0.0,0.0,0.0,0.0,0.0,0.0,0.0,0.0,0.0,0.0,0.0,711.4155239138255,41.081467927775066,0.0,732.105510671738,698.3662333333336,686.7946519419987,0.0,112.02496492590166,612.1299640575472,622.6436557953557,0.0,0.0,0.0,0.0,0.0,0.0,0.0,0.0,0.0,0.0,0.0,0.0,1.3035223858537393e-05,89.7202007167599,213.2565520382734,196.33016169113068,232.50839333717806,270.70764441423273,325.1944447453467,390.5328480469268,461.5390130056452,495.4624254491719,623.2711346827305,657.8943764264926,591.3920833333334,668.9234650262416,748.5227972934148,833.0674649901783,935.0811780101361,814.6284728050553,569.1760666666668,670.1833085695266,807.5641776020618,800.1993629214282,0.5271301334620375,483.52781194672656,28.61333333333323,0.0,815.6190999999999,846.065,2.7381666666666433,0.0,0.0,866.7977833333334,35.78803333333326,0.0,0.0,2.896000000000072,864.5883333333333,892.05685,876.8196833333335,838.8433333333332,838.3271833333334,777.4809,647.0616666666667,676.9555333333334,679.0625833333334,642.5533333333333,668.0025499999999,658.5543333333334,624.6483333333333,627.8363666666667,657.4310833333334,674.0849999999999,636.9279166666666,628.15645,618.5866666666666,591.3096666666667
2025-05-13,1430.3377666666668,615.5883333333333,668.7900666666667,672.3419499999999,666.9276955800135,1453.6374333333333,626.1486166666666,623.1066666666668,1440.0169666666666,607.4095666666667,1453.1383333333333,1452.3870166666666,1456.2961166666666,644.3816666666667,635.7874166666666,611.34955,594.705,1470.8275666666668,658.7875333333333,623.77,609.6230666666667,624.76185,1470.5616666666667,663.9111,679.6974500000001,693.7316666666667,668.16615,628.6645,640.4266666666667,644.2926878509259,648.6892781556904,601.1491028250279,1360.711016156109,1379.8274856530784,621.9864833333334,0.0,0.0,0.0,0.0,0.0,0.0,8.398406976084516e-06,0.0,0.0,0.0,0.0,0.0,0.0,0.0,0.0,0.0,0.0,0.0,0.0,0.0,0.0,0.0,0.0,0.0,0.0,0.0,0.0,0.0,0.0,0.0,0.0,56.87643864986566,0.0,0.0,0.0,0.0,0.0,605.3466154320987,568.6117395833336,0.0,528.6513138665608,0.0,0.0,0.0,0.0,0.0,0.0,0.0,0.0,0.0,0.0,0.0,0.0,0.0,112.82427484419281,152.82159687297246,162.19378371676294,246.153474755351,314.6982032995186,282.3242666666664,336.45346641410606,416.9533505194666,423.6413878585241,543.7529352059137,636.6446783162176,655.3552999999999,695.4655868263372,710.932039701395,794.7217479630666,870.9983900710885,792.9582056740855,609.2185166666666,620.9412496528889,734.8216944109877,802.2022240988035,39.21716909348049,22.291940604135107,0.0,4.986949999999865,45.56216666666671,505.0914499999998,0.0,0.0,23.418333333333294,841.1242333333334,812.8354999999999,0.0,867.1205166666667,40.535349999999994,856.4133333333332,842.3560333333335,865.6469833333334,892.1533333333332,859.54465,817.9997666666667,739.8083333333334,685.2927166666667,676.5119666666667,704.6549999999999,713.4313666666666,694.6161333333333,669.6366666666668,625.7213666666668,615.8853666666668,624.9216666666665,595.1401999999999,615.9061666666666,647.7683333333332,597.2229
2025-05-14,1431.4100166666667,638.2483333333334,677.6855666666668,666.8716666666667,631.5116666666667,608.6593833333333,605.2526,609.3033333333333,624.0129499999999,628.31215,612.1600000000001,592.9474333333333,1438.6396,1478.94,631.7076833333333,625.1894,634.575,638.9694166666667,625.1189666666667,871.2074937587566,1448.9391833333334,1463.5021333333334,610.1316666666667,633.9630666666667,1476.8156166666668,1476.9133333333334,1464.3319000000001,610.9082999999999,635.6966666666668,653.4945916895481,668.267995258406,626.2865617633828,567.9028980635939,1430.4027713894861,9.069040193903585e-05,0.0,0.0,0.0,0.0,0.0,0.0,0.0,0.0,0.0,0.0,7.73492388361774e-06,0.0,0.0,0.0,0.0,0.0,0.0,0.0,0.0,0.0,0.0,0.0,0.0,0.0,0.0,0.0,0.0,0.0,0.0,0.0,0.0,0.0,0.0,0.0,223.24950684799808,686.5071166666669,696.0856247694505,0.0,0.0,0.0,246.1439525953715,0.0,0.0,0.0,0.0,0.0,0.0,0.0,0.0,0.0,0.0,0.0,0.0,0.0,8.654619885913576,36.611081426013584,83.9116548967304,165.54830469830188,243.93072852296336,282.4280608503824,376.87718885554216,452.22092530029715,554.0147977014761,646.0669575773168,647.3496627780432,647.498390363976,726.8183270100626,822.0691440880579,895.2534997416482,954.2131726989595,858.4598193375022,700.086734304135,739.653982386176,781.6135555440642,763.3122631246323,801.0806007282022,825.6729335918376,833.295,0.0,12.173649999999839,25.033333333333417,0.0,0.0,0.0,496.82752159511875,13.746883333333244,43.78500000000008,8.698800000000006,0.0,847.4183333333333,863.3727333333335,898.6338833333335,877.9466666666667,842.2119166666668,786.2176166666667,673.5083333333333,671.1849166666667,672.0762166666667,659.5799999999998,648.4756333333332,655.9778666666667,681.3166666666666,656.0654833333333,630.8767333333334,600.0866666666667,581.8213666666667,624.3332,661.9633333333333,610.8392166666667
2025-05-15,627.79835,675.0700000000002,637.7228166666666,1439.2799,1451.09,616.14765,1440.4063333333334,1439.45,1436.9365333333335,1154.6955760142562,590.2233333333334,600.3712333333334,614.3281000000001,630.6216666666667,635.9963499999999,620.6021999999999,604.3916666666668,637.1929,645.3376833333333,1438.1550000000002,1440.99795,625.8515166666665,638.4833333333333,1438.4018,596.0480166666669,601.8233333333334,585.7102,611.8490333333333,674.525,681.3217546396625,658.5536508286951,595.982829825988,1362.7640664998808,1389.7947616173838,7.636888546974128e-05,0.0,0.0,0.0,0.0,0.0,0.0,0.0,0.0,0.0,0.0,169.24129137028092,0.0,0.0,0.0,0.0,0.0,0.0,0.0,0.0,0.0,0.0,0.0,0.0,0.0,0.0,0.0,0.0,0.0,0.0,0.0,0.0,0.0,0.0,0.0,0.0,0.0,502.5384665796337,0.0,0.0,438.7037416183823,442.956358630825,0.0,0.0,0.0,0.0,0.0,0.0,0.0,0.0,0.0,0.0,0.0,0.0,0.0,120.65379022310344,253.20281759145507,208.74095658314832,308.60154618908894,396.59787121364377,433.2663402154616,502.0947974179518,503.9446496643068,517.9640764732396,584.9479980315393,638.104540857981,704.2237173481029,764.0837480582009,761.8924226073472,777.5299610233999,940.083120585324,926.2868195548022,738.2189977961984,719.6470529004523,0.0,752.9621348183819,816.9383538573388,0.0,0.0,5.4402333333332535,862.6690666666665,834.04,0.0,830.7356666666666,280.24049506378776,89.10784999999987,74.74256666666656,23.493333333333226,0.0,0.0,835.3733333333332,842.6127666666667,840.7639166666665,864.7016666666668,891.9809833333333,858.0731333333333,683.0083333333334,629.45665,1466.9972578539919,668.0899999999998,690.85345,591.0893813049331,628.7800000000001,621.4871666666668,0.0,610.8483333333334,661.8586999999999,611.1221333333333,489.5033333333333,448.3698333333333
2025-05-16,446.45415,433.1033333333334,479.4473000000001,506.2608333333332,0.0,0.0,0.0,448.86999999999995,445.25631666666663,460.2239,452.55000000000007,1264.9807049621834,1267.3791,473.65833333333336,481.69264999999996,485.6350499999999,486.3033333333333,475.70665,459.65286666666674,433.0033333333334,437.67376666666667,471.80496666666653,507.8883333333334,476.66225,479.12223333333344,497.86833333333334,130.04334660529406,444.5617833333333,461.01,453.4136177394915,0.0,0.0,0.0,1150.825333438669,0.0,0.0,0.0,0.0,0.0,0.0,0.0,0.0,0.0,0.0,0.0,0.0,0.0,0.0,0.0,0.0,0.0,0.0,0.0,0.0,0.0,0.0,0.0,0.0,0.0,0.0,0.0,0.0,0.0,0.0,0.0,0.0,0.0,0.0,0.0,0.0,0.0,0.0,0.0,0.0,0.0,0.0,0.0,0.0,0.0,0.0,0.0,0.0,0.0,0.0,0.0,0.0,0.0,0.0,0.0,0.0,0.0,0.0,0.0,0.0,0.0,0.0,0.0,55.87357194769368,104.74315313573845,115.16101603404786,132.6726057811964,174.39623244028445,234.0369873132152,286.65362149911584,291.65191944216576,315.5112793636979,369.9123253968253,19.81644331488792,0.0,491.5872720550572,0.0,0.0,0.0,0.0,0.0,0.0,0.0,0.0,0.0,0.0,0.0,0.0,0.0,0.0,609.4149999999998,579.6142833333334,571.3239999999998,600.1066666666666,593.2010166666666,563.8491166666668,465.3033333333334,466.6696333333334,473.8320666666667,455.61833333333317,459.71430000000004,467.89466666666664,454.7200000000001,477.27430000000004,469.01623333333333,427.7216666666667,399.82695000000007,412.1518,423.06999999999994,405.10416666666663
2025-05-17,1240.5631,444.06,0.0,0.0,410.5883333333333,1267.4969166666667,458.95373333333333,456.3966666666667,418.5715333333333,438.9219,471.32000000000005,0.0,417.0802166666667,470.90166666666664,0.0,440.1393833333333,459.2033333333333,486.1616833333333,490.9014833333333,451.3733333333334,0.0,415.07979174475156,492.8883333333335,494.8930166666667,478.65849999999995,456.7866666666666,1155.7281044249319,468.6158666666667,0.0,455.6909212607175,1291.3570275432098,463.1067162668506,0.0,1191.7339341835186,0.0,0.0,0.0,0.0,0.0,0.0,0.0,0.0,0.0,0.0,0.0,0.0,0.0,0.0,0.0,0.0,0.0,0.0,0.0,0.0,0.0,0.0,0.0,0.0,0.0,0.0,0.0,0.0,0.0,0.0,0.0,0.0,0.0,0.0,0.0,0.0,0.0,0.0,0.0,0.0,0.0,0.0,0.0,0.0,0.0,0.0,0.0,0.0,0.0,0.0,0.0,0.0,0.0,0.0,0.0,0.0,0.0,0.0,0.0,0.0,0.0,0.0,0.0,80.99982534199478,203.42663967808392,198.29995043472246,96.80428998788193,110.69077607718754,182.94924147632372,229.46281908663218,277.0565852220118,317.1774634494875,350.88748333333325,0.0,0.0,0.0,0.0,0.0,0.0,0.0,535.0177333333334,0.0,0.0,0.0,0.0,0.0,0.0,0.0,0.0,0.0,555.0182917444516,587.0015,605.1578666666667,623.3883333333333,605.0141333333333,565.95715,497.54833333333335,479.4191166666667,1359.7383024369842,938.7273456790122,501.3748166666667,500.8231333333333,528.6183333333333,510.28651666666667,512.5120833333333,492.91333333333336,0.0,469.98483333333326,624.635,0.0
2025-05-18,1415.8607333333334,1442.7416666666668,607.2399166666668,612.5389666666666,1462.79,608.9670333333333,613.5352,644.8166666666667,1465.0572,609.9074,614.9200000000001,643.2675166666667,633.7196333333333,1462.365,1473.9991,1456.5785,897.3403057864116,613.0497833333334,642.3659333333333,634.1199999999999,618.1607,637.1502166666664,646.6066666666667,615.7035666666666,625.6830333333332,657.58,653.9907666666667,636.1820333333333,649.1800000000001,676.3020011113656,1477.0157091119254,574.6437571304539,1344.5687181964186,1373.8147445510526,633.6052833333333,0.0,0.0,0.0,0.0,0.0,0.0,0.0,0.0,0.0,0.0,214.1679212920381,0.0,0.0,0.0,0.0,0.0,0.0,0.0,0.0,0.0,0.0,0.0,0.0,0.0,0.0,0.0,0.0,0.0,0.0,0.0,0.0,0.0,0.0,0.0,0.0,736.8078166666668,696.9290097547263,44.564500974917536,0.0,641.7676222222219,644.8030147762349,0.0,0.0,0.0,0.0,0.0,0.0,0.0,0.0,0.0,0.0,0.0,0.0,0.0,86.98681199300461,201.17288621980805,182.28755910727307,227.8844911270752,280.93420224430656,323.2663587301587,354.52787086307353,369.35114333081094,400.8308528171831,487.1052715211285,546.0955179290929,622.8001013333788,710.6515302682399,778.8970510778694,821.1754249716518,897.3720770178214,810.7094649560536,642.2941166666667,694.2505933904315,779.180642380366,816.7212479316435,44.11004282968895,42.09798266066389,0.0,841.09945,904.0775666666665,909.9599999999999,0.0,0.0,10.864999999999895,0.0,347.8010868279205,25.038333333333412,0.0,0.0,836.96,824.55025,847.26845,841.7049999999999,844.0136666666666,766.2035833333333,625.4033333333332,581.0683333333333,639.10755,679.3166666666666,625.8803666666668,1440.5009333333333,1487.5532661837851,0.0,652.0105833333333,649.4,660.0889833333333,0.0,634.4331877244673,610.5089166666667
2025-05-19,1438.6127833333335,1447.1616666666669,614.6950666666667,612.0089,632.7716666666666,619.9651500000001,595.40145,610.6633333333333,1491.4273,662.0193,601.9250000000001,595.6048833333333,1448.22635,1199.8469287550322,616.2501666666666,616.549,659.6983333333333,659.2533666666666,626.9027,598.1450000000001,1422.7152500000002,617.9810166666667,628.8433333333332,628.6688833333333,1471.1982,647.2033333333334,622.3512166666667,619.2171500000001,646.4266666666667,638.5086412353138,1442.219584915967,1408.8502371331074,1331.03194486419,1385.990402471593,688.7726166666666,0.0,0.0,0.0,0.0,0.0,0.0,0.0,0.0,0.0,0.0,0.0,0.0,0.0,0.0,0.0,0.0,0.0,0.0,0.0,0.0,0.0,0.0,0.0,0.0,0.0,0.0,0.0,0.0,0.0,0.0,0.0,0.0,0.0,0.0,0.0,0.0,0.0,0.0,0.0,0.0,0.0,0.0,0.0,0.0,0.0,0.0,0.0,0.0,0.0,0.0,0.0,0.0,0.0,0.0,0.0,72.74846238613532,119.88844605286874,191.51898603173936,256.5751505406653,311.262964459498,392.78306711280607,420.6522839277965,438.2304510497779,524.9282976915115,567.1339803818782,638.5843666666667,703.5585864162186,763.0222727437691,792.6308655597627,869.6338810383153,791.7245900796727,624.7968666666666,647.4395920868661,762.1786718340113,829.9978132331763,0.0,317.02899502160705,811.34,21.356116666666594,43.156383333333224,20.125,0.0,0.0,0.0,825.0488499999999,1.9997333333334382,0.0,789.4864333333334,0.0,879.4716666666666,848.5067333333334,817.7238833333334,776.8466666666666,816.4343333333333,774.2959833333334,651.9183333333333,650.0521000000001,656.2112000000001,642.9433333333334,610.5900166666668,1455.4650147622365,655.2950000000001,0.0,605.8644166666667,625.31,625.9659666666668,610.6873833333334,541.5227955092253,574.0630166666667
2025-05-20,1422.4130333333333,1429.311666666667,1437.2539333333334,1443.4749833333335,634.4966666666667,616.0299333333334,592.3703,599.9283333333333,605.3454333333334,1451.6966000000002,628.2633333333333,79.63093582825869,594.0714833333333,614.8216666666667,623.2303499999999,0.0,601.3733333333333,1434.8083666666666,1438.7162,1446.9316666666668,614.7057666666667,613.8859666666667,594.0383333333333,1456.1314833333333,1497.5308166666666,1505.0480007912456,618.4977166666667,611.33985,643.2866666666667,633.4019073230202,600.7290804707015,576.6007570042286,1354.709260047733,1418.8470680953099,707.54685,0.0,0.0,0.0,0.0,0.0,0.0,0.0,0.0,0.0,0.0,0.0,0.0,0.0,0.0,0.0,0.0,0.0,0.0,0.0,0.0,0.0,0.0,0.0,0.0,0.0,0.0,0.0,0.0,0.0,0.0,148.88907585136326,0.0,0.0,0.0,0.0,0.0,0.0,0.0,367.80574899846806,507.4970784042946,530.465153054587,0.0,0.0,0.0,0.0,0.0,0.0,0.0,0.0,0.0,1.0392582787233096e-05,0.0,0.0,0.0,108.60659499652274,201.50062121952496,143.4234703335452,185.2659702951778,229.3946933554381,282.34694185586204,368.2779187749952,427.8127101197016,460.7106567816428,514.700359501925,551.0285913478726,625.2460333333333,655.3090416464037,727.5333706921955,815.3831966314649,904.8575226823496,837.4744110969766,657.7944499999999,633.7369054151674,710.6097995030668,789.3791142944084,0.0,0.0,824.3716666666667,872.2882666666667,36.82774999999981,0.0,376.3686643110867,850.3547333333335,16.378333333333217,0.0,1.283433333333278,40.499999999999886,6.938833333333264,0.0,856.2966666666666,872.4645666666667,844.6167166666668,845.3016666666667,819.9623166666668,754.9799500000001,609.3083333333333,591.5443166666666,1444.50875,632.08,594.8381833333335,649.4780000000001,648.5500000000001,629.1086166666666,0.0,629.6916666666666,621.6155166666667,598.9476,600.6,583.2743
2025-05-21,583.4627166666667,603.7216666666666,605.2266666666667,591.1074333333333,593.6916666666667,579.1635000000001,579.1706666666666,600.4216666666666,618.0809333333334,1452.915,1452.9033333333332,616.5073833333333,611.0926333333334,629.2733333333333,1453.76385,1438.6278000000002,1228.5195606241068,616.9350499999999,617.7702166666666,0.0,645.32785,678.3755,681.1300000000001,627.9445999999999,605.6633166666667,618.4449999999999,1460.5138333333334,1480.2418333333335,657.9150000000001,626.1860669602742,0.00023279997393494767,582.6300649979289,1350.843270756316,1382.9468123318875,649.0640666666666,0.0,0.0,0.0,0.0,0.0,0.0,0.0,0.0,0.0,0.0,5.4510656752881914e-05,0.0,0.0,0.0,0.0,0.0,0.0,0.0,0.0,0.0,0.0,0.0,0.0,0.0,0.0,0.0,0.0,0.0,0.0,0.0,0.0,18.82376009093565,0.0,0.0,550.4576522186351,536.0901666666668,492.83134853036483,0.0,0.0,0.0,0.0,0.0,0.0,0.0,0.0,0.0,0.0,0.0,0.0,0.0,0.0,0.0,0.0,0.0,527.8123708738353,226.72514972050567,250.04496765321244,332.9556542853435,389.8653184836244,394.17114682539693,413.8441317090027,460.0982528836324,455.2201125899554,501.27533014652886,511.00475580903634,607.8888166666667,728.5111352913417,796.0951647521404,820.1917742731125,894.8951535108181,812.7271875316416,630.6427166666666,673.3152061045515,749.5224571990374,778.1174483976366,0.0,0.0,0.0,460.1799618821373,0.0,764.7599999999999,782.0753166666668,834.5755166666669,22.41833333333318,11.090366666666569,0.0,30.588333333333367,27.99091666666652,0.0,812.9033333333332,846.0842666666666,859.22465,871.6316666666667,854.0198333333333,769.2101833333334,645.1950000000002,659.4898166666668,646.07435,611.02,651.9908833333335,672.43955,621.7083333333335,652.0688333333333,639.8023999999999,584.1883333333334,634.2200333333333,671.7972666666667,650.23,603.5634333333334
2025-05-22,1425.8303833333334,613.4633333333333,600.4336,602.0737833333334,1422.351666666667,577.8808000000001,581.7442833333333,596.42,597.4517333333334,1448.4544666666666,1484.835,635.3758666666666,599.7131666666667,1443.2683333333334,1466.38635,1478.9207499999998,1482.7616666666668,1463.0782,617.5064666666666,615.8883333333333,616.4330666666667,623.8243833333331,619.5833333333335,585.7068333333333,0.0004968458977033758,0.0,633.2305833333334,627.0511666666667,630.4083333333333,615.9499341159612,1443.3899106878575,1419.7567893365162,806.3593332478561,1355.7674206819597,0.0,0.0,0.0,0.0,0.0,0.0,0.0,0.0,0.0,0.0,0.0,0.0,0.0,0.0,0.0,0.0,0.0,0.0,0.0,0.0,0.0,0.0,0.0,0.0,0.0,0.0,0.0,0.0,0.0,0.0,0.0,0.0,0.0,0.0,0.0,0.0,0.0,0.0,0.0,0.0,0.0,0.0,0.0,0.0,0.0,0.0,0.0,0.0,0.0,0.0,0.0,0.0,0.0,0.0,0.0,218.5251325402511,151.35654182189387,206.75901732220143,254.188448340631,287.1329822495488,344.1008478887751,427.83241502301917,497.9938883374806,608.4190969571318,638.4500852460069,622.5126704790227,639.21465449652,680.7732739778551,751.4307088750236,861.9760144937555,871.9112590570436,765.5874074222608,638.0693166666666,653.8277346467336,709.5929892885858,744.276723076974,788.4381442341236,0.0,2.744999999999777,0.0,0.0,0.0,814.2163833333334,0.0,0.0,826.1228333333336,119.33879623914675,0.0,0.0,0.0,868.7816666666665,884.9078333333333,879.1833166666667,874.7766666666666,857.3627833333334,772.4123000000002,650.8083333333335,669.5986500000001,680.9575833333333,664.0,632.2521666666668,602.9836,576.95,600.1841166666668,632.4788833333332,1347.9527572016461,651.45555,0.0,481.3966666666666,443.2020333333333
2025-05-23,461.25578333333334,493.2083333333333,474.78336666666655,456.091,434.1183333333334,429.23026666666664,332.19928975225486,464.5849999999999,476.1992833333334,450.4422333333334,439.90333333333336,459.3368666666667,458.44035,448.65000000000003,455.2825666666666,0.0,434.4500000000001,452.6090833333334,444.9277666666666,424.95166666666665,1266.9691666666668,472.8953999999999,0.0,0.0,0.0,463.6366666666666,465.56389999999993,476.02670000000006,479.7183333333333,489.93593164424055,473.0070461159936,437.0716970381628,851.94092595185,1157.3468946818143,0.0,0.0,0.0,0.0,0.0,0.0,0.0,0.0,0.0,0.0,0.0,0.0,0.0,0.0,0.0,0.0,0.0,0.0,0.0,0.0,0.0,0.0,0.0,0.0,0.0,0.0,0.0,0.0,0.0,0.0,0.0,0.0,0.0,0.0,0.0,0.0,0.0,0.0,0.0,0.0,0.0,0.0,0.0,0.0,0.0,0.0,0.0,0.0,0.0,0.0,0.0,0.0,0.0,0.0,0.0,0.0,0.0,0.0,0.0,0.0,0.0,0.0,39.4470451427552,119.53162395136172,154.57047060216274,47.780275732111534,77.02187287730177,150.85398514439044,147.53462504943298,194.18666666666672,267.2090042766671,278.54096129306987,277.1323166666666,396.54402119072296,0.0,0.0,0.0,0.0,0.0,0.0,0.0,0.0,0.0,0.0,0.0,65.22945030820802,0.0,0.0,0.0,0.0,564.7600000000001,625.5258,643.6334333333333,612.395,614.6960166666667,568.8106166666666,486.5616666666668,482.4863666666668,1312.7400140235916,478.4683333333333,460.72740000000005,479.99438333333336,512.7383333333333,0.0,477.9456166666667,455.98166666666674,364.3244298551104,530.58465,472.41666666666663,456.583
2025-05-24,0.0,455.8533333333334,748.884041309379,1250.82725,1238.3566666666666,448.43846666666656,462.0348333333334,459.21166666666664,475.2559833333333,454.7965833333334,0.0,0.0,0.0,0.0,446.5511833333332,458.09759999999994,463.54833333333335,444.22765,451.7880166666667,498.6033333333333,516.4438499999999,0.0,470.7716666666666,468.3439666666667,0.002051544929059815,465.8716666666666,449.0257500000001,456.4564333333332,478.5316666666667,491.8009167985237,454.32399406128417,412.56216792221153,529.3187800461061,1167.9552212198146,0.0,0.0,0.0,0.0,0.0,0.0,0.0,0.0,0.0,0.0,0.0,0.0,0.0,0.0,0.0,0.0,0.0,0.0,0.0,0.0,0.0,0.0,0.0,0.0,0.0,0.0,0.0,0.0,0.0,0.0,0.0,0.0,0.0,0.0,0.0,0.0,0.0,0.0,0.0,0.0,0.0,0.0,0.0,0.0,0.0,0.0,0.0,0.0,0.0,0.0,0.0,0.0,0.0,0.0,0.0,0.0,0.0,0.0,0.0,0.0,0.0,0.0,0.0,59.09350535212661,158.54462746340357,129.70697817490372,86.80732170745597,82.92217535014385,125.12774240978075,211.63378728153003,243.61603278812856,281.73526979738284,305.6621291295684,413.08762540573605,0.0,0.0,0.0,0.0,0.0,0.0,0.0,0.0,0.0,0.0,0.0,280.5401170769053,0.0,0.0,0.0,0.0,579.5416666666666,572.2139333333333,577.2753166666666,584.3833333333332,565.9230666666667,524.9202499999999,495.96500000000015,514.1511500000001,1322.13605,1301.3333333333335,1331.71845,1370.6874333333335,1359.5633333333335,1303.8243000000002,1289.7647166666668,1307.07,1295.8695166666669,1363.8829,646.1066666666666,618.4245999999999
2025-05-25,595.9145333333333,636.1300000000001,642.9112333333333,631.6707666666667,603.4499999999999,595.1246333333332,593.8130666666667,621.7183333333332,649.6779166666666,635.5724833333334,610.9316666666666,627.8354166666667,652.69435,667.8616666666667,614.5551166666665,609.6836999999999,650.405,641.2976499999999,585.4567099230958,0.0,656.2184166666667,1509.9234333333334,1495.4250000000002,628.4210666666667,639.8146833333333,657.1766666666666,0.0,623.4477166666667,644.4933333333333,635.6505998120605,596.8142292922288,574.0596495286442,520.7201351115134,1385.9378808385518,631.4821666666667,0.0,0.0,0.0,0.0,0.0,0.0,0.0,0.0,0.0,0.0,0.000626455525292613,0.0,0.0,0.0,0.0,0.0,0.0,0.0,0.0,0.0,0.0,0.0,0.0,0.0,0.0,0.0,0.0,0.0,0.0,0.0,0.0,0.0,0.0,0.0,539.2336881786061,0.0,0.0,0.0,0.0,0.0,0.0,0.0,0.0,0.0,0.0,0.0,0.0,0.0,0.0,0.0,0.0,0.0,0.0,0.0,0.0,28.425188704532843,157.7691681398701,241.08643292659292,244.93228441637848,247.4224499999999,372.5551244268331,439.220998427391,422.0832302499515,480.39657694780317,561.2196167545217,646.0318,655.9620044869583,647.9184166666666,718.1118183201769,829.4797600984928,755.6433999999999,594.5041666666665,635.348746626585,728.3354511499241,761.0521032715728,808.3624222002866,804.5695312532446,757.2650000000001,0.0,0.0,325.6464833333347,0.0,0.0,0.0,0.0,0.0,70.31833333333327,29.928683333333424,0.0,813.5600000000001,864.2972833333332,872.7886166666666,833.1650000000001,861.0371666666666,755.3799333333333,611.6016666666667,667.6069833333333,1456.30645382101,644.8366666666667,0.005016475423624743,599.3111833333334,604.8933333333335,658.72095,658.6794500000001,603.4383333333333,609.6626166666667,629.9336,641.2433333333332,623.5835333333333
2025-05-26,611.8930333333334,624.5533333333334,619.6064666666666,615.3774666666667,599.8583333333332,598.7574166666667,586.3793333333333,66.12286269236594,613.7854333333333,634.2412166666666,1459.0749999999998,1443.30855,615.7279333333333,637.1816666666667,597.6687166666667,594.1160166666667,637.2916666666665,645.9926999999999,628.1543666666666,619.8733333333333,613.6961,616.1491166666666,626.8083333333334,628.5808666666667,626.5021833333333,1447.2783333333332,1455.0600333333334,1448.9462166666667,592.1466666666666,597.1436283756631,594.8849658183217,1403.88323066174,1339.6471292531917,1356.3270955132753,0.0,0.0,0.0,0.0,0.0,0.0,0.0,0.0,0.0,0.0,0.0,3.117031144483917e-05,0.0,0.0,0.0,0.0,0.0,0.0,0.0,0.0,0.0,0.0,0.0,0.0,0.0,0.0,0.0,0.0,0.0,0.0,0.0,859.8449335654365,874.9833403277372,0.0,168.49980436014005,631.1595417009817,579.1151666666669,632.2755816710242,626.8514404312498,578.7668880194008,601.0952214136745,641.0618685673236,651.7084333333336,0.0,0.0,0.0,0.0,0.0,0.0,0.0,0.0,0.0,0.0,0.0,0.0,110.5684761412898,254.33387300050427,194.63221540368147,239.14584868079191,292.89091867478623,363.76441666666676,418.8200022574624,479.67731809160705,546.6151905062633,559.3458475339976,586.0308533171185,649.2505666666667,691.5211530283793,709.264179626774,779.3544356321902,858.6958119639592,797.2678269578448,673.7065833333331,686.8772112459733,707.002615483761,706.7987960605124,753.8402992772426,808.5570908584,0.0,0.12993333333326973,0.0,0.0,381.7497828592551,0.0,0.0,803.9513999999999,45.721083333333354,107.78999999999996,18.33436666666671,0.0,836.6866666666666,813.9125666666666,843.9623500000001,877.1166666666666,856.9601333333333,728.9040166666667,623.1516666666666,647.7984333333334,664.0919333333333,623.3183333333334,624.9675666666668,615.5507166666666,567.6016666666668,1429.2785000000001,642.5652833333334,0.0,629.7311166666666,633.6207333333333,635.3933333333332,575.9443833333335
2025-05-27,608.5973833333334,629.0600000000001,604.3262333333333,611.7290666666667,1449.2083333333335,623.80835,613.4069333333333,596.6133333333332,592.2220333333333,1430.2952,1439.6366666666668,1440.12295,1447.8837,1471.5500000000002,935.9494580580284,616.0786833333334,626.51,606.2999166666667,1426.6408999999999,616.7833333333333,626.2816166666667,627.2473166666666,628.1883333333335,623.22145,630.5687333333333,624.7633333333334,587.4331000000001,592.4634500000001,630.1483333333333,629.7387451404953,585.7743933123927,533.5372305080871,1346.2726325446438,1374.716168614492,3.7086079789137113e-05,0.0,0.0,0.0,0.0,0.0,0.0,0.0,0.0,0.0,0.0,0.0,0.0,0.0,0.0,0.0,0.0,0.0,0.0,0.0,0.0,0.0,0.0,0.0,0.0,0.0,0.0,0.0,0.0,0.0,0.0,0.0,80.19212229035384,0.0,0.0,0.0,441.05665,480.06532364454677,66.05827809221654,0.0,0.0,0.0,0.0,0.0,0.0,0.0,0.0,0.0,0.0,0.0,0.0,0.0,0.0,0.0,0.0,0.7407974717265233,68.7904025224326,127.28718476606434,291.9360040996197,335.21033575001627,326.2338977265506,377.4824242882891,415.11073977766307,486.62088304444234,520.5541486923934,534.4481671587557,564.4556166666666,644.682390728439,677.6611514657357,734.8014405574506,829.8327507328678,760.9961148123546,609.0458333333332,647.8630900145704,728.1153018079808,762.0397224947659,795.6164690880358,842.5014096687147,36.07833333333315,0.0,0.0,29.56333333333339,434.6037382509031,819.9625666666668,0.0,6.118266666666727,16.799183333333303,0.0,0.0,3.833216666666658,861.0033333333333,784.5087499999998,780.3670333333333,836.3183333333333,885.3120833333332,786.5222666666666,637.2383333333335,655.2160333333334,664.5838833333332,602.2050000000002,644.2119166666668,688.2889666666667,640.25,602.6766833333332,614.8982833333334,636.2316666666667,653.8684,642.0441833333333,611.0949999999999,596.90175
2025-05-28,580.7232166666666,568.0533333333333,1449.0588,632.1290333333334,1418.1783333333333,1427.9557166666668,1441.4238666666665,592.8583333333333,597.7856,1438.8238000000001,1456.835,603.3822166666666,592.2307166666667,621.3483333333335,625.1388166666666,654.2452333333333,682.1299999999999,623.8287166666667,592.7779833333334,611.7633333333332,884.4421583322172,623.1751999999999,653.355,610.1933166666666,593.3585,618.2816666666666,647.3193166666666,654.7272833333333,634.125,1444.6177406851414,1430.7193594299397,1415.104731741237,1377.9534129551707,1394.7004241092807,642.2643666666663,0.0,0.0,0.0,0.0,0.0,0.0,0.0,0.0,0.0,0.0,2.9330479549116717e-05,0.0,0.0,0.0,0.0,0.0,0.0,0.0,0.0,0.0,0.0,0.0,0.0,0.0,0.0,0.0,0.0,0.0,0.0,0.0,0.0,0.0,0.0,0.0,0.0,113.54173743309781,622.0543122840425,311.8009539831812,0.0,0.0,499.3924781172608,0.0,0.0,0.0,0.0,0.0,0.0,0.0,0.0,0.0,0.0,0.0,0.0,0.0,0.0,46.27019875807184,113.68464449392513,236.5543467935904,299.1465009183937,264.44899999999996,358.15194074261365,437.9770353825244,458.4600800663221,517.3771525629262,582.7673245917886,609.609502308308,687.2789694291155,714.0245588540008,753.0711466157612,815.8311319988339,753.1208138476561,624.7492666666666,642.7785299463029,0.0,345.9228015819534,0.0,0.0,786.3133333333332,781.2947999999999,813.7492,21.19166666666672,16.952699999999936,0.0,0.0,0.0,814.8618166666666,821.5316666666668,0.0,46.82893333333345,893.3299999999998,880.4524166666666,848.485,812.0983333333332,870.34845,780.2167499999999,586.8433333333332,574.2715166666667,1474.9295563820742,663.535,630.0404500000001,0.0,662.9533333333334,620.0044833333334,618.4074666666668,631.0797264811229,690.3230666666666,679.9764666666667,636.9183333333333,591.8109333333333
2025-05-29,1414.8464666666669,1422.335,1418.1389,588.4859833333334,603.4616666666667,630.1622666666666,622.7938666666668,596.7633333333333,608.6420999999999,1441.8909833333332,1440.0733333333333,625.3721333333334,623.7461666666667,612.2066666666667,611.8339833333333,610.2724499999999,1440.385,634.7842666666668,634.5153333333334,603.1683333333333,1028.8120285617335,1470.7758,643.4516666666667,628.2799000000001,613.7254166666667,609.45,640.1862,629.3267999999999,568.6966666666666,1414.8164990654564,1412.2332157919836,547.9184648228489,517.3915363288608,1369.3959204811438,600.7537499999999,0.0,0.0,0.0,0.0,0.0,0.0,0.0,0.0,0.0,0.0,353.31914260465896,0.0,0.0,0.0,0.0,0.0,0.0,0.0,0.0,0.0,0.0,0.0,0.0,0.0,0.0,0.0,0.0,0.0,0.0,1.0068642591756782e-05,881.475968700193,22.850161556658577,0.0,802.6993997265209,679.9051362408212,566.0104833333334,657.9654138090345,0.0,0.0,0.0,0.0,0.0,0.0,0.0,0.0,0.0,0.0,0.0,0.0,0.0,0.0,0.0,0.0,0.0,0.0,49.946767889716625,94.83632022769461,165.87468388961486,258.0188113485127,314.33411666666666,365.122918260784,406.7609050597039,442.6664242944239,481.18991814059984,555.3319779983505,636.4280637757482,673.7503176728212,700.6507455271988,805.6792047761594,833.0403718374394,737.9431308512611,645.1429499999999,708.5761372308447,0.0,821.2965909318158,782.6437568631467,0.0,0.0,0.0,0.0,0.0,0.0,0.0,821.0066666666668,109.31866001191429,820.3514333333333,885.8949999999999,0.0,0.0,850.1466666666666,835.1551666666666,787.0182499999999,746.9016666666666,782.6547,742.4057666666668,641.0300000000001,639.7459166666666,661.473,677.145,663.4112500000001,647.5977666666666,600.2333333333333,587.4564333333334,606.2684833333333,604.8533333333335,617.4436166666666,559.5337833333333,454.59333333333325,431.2977
2025-05-30,459.0141666666667,495.3733333333334,465.0298333333332,453.79105,470.5249999999999,481.85110000000003,0.0,431.6566666666666,1249.5488666666665,425.8703666666666,459.0933333333333,447.91158333333334,455.64743333333337,0.0,0.0,451.0357833333332,466.735,476.7636333333335,1328.2248262673324,489.97666666666663,480.71648333333343,465.56573333333324,464.23500000000007,0.0,95.27203166429243,474.9883333333333,466.6175999999999,475.20760000000007,487.83,474.31570700047473,977.3462793762967,405.5314379617717,371.0099887102432,1144.5919162652099,0.0,0.0,0.0,0.0,0.0,0.0,0.0,0.0,0.0,0.0,0.0,0.0,0.0,0.0,0.0,0.0,0.0,0.0,0.0,0.0,0.0,0.0,0.0,0.0,0.0,0.0,0.0,0.0,0.0,0.0,0.0,0.0,0.0,0.0,0.0,0.0,0.0,0.0,0.0,0.0,0.0,0.0,0.0,0.0,0.0,0.0,0.0,0.0,0.0,0.0,0.0,0.0,0.0,0.0,0.0,0.0,0.0,0.0,0.0,0.0,0.0,42.53740859756658,71.39689097196651,104.4903839686865,118.24685260651404,101.27721097493651,86.60036666666662,129.19376936874647,154.74531560438237,200.85251238567167,265.6534214712567,333.5198451051832,399.8447666666666,430.3385963661693,0.0,35.431591387061985,0.0,0.0,0.0,0.0,0.0,0.0,0.0,0.0,0.0,0.0,0.0,0.0,0.0,0.0,599.3733333333333,586.7800000000001,539.2378666666666,514.5433333333333,593.5380166666666,541.8032666666668,427.3416666666667,1343.9582666666665,524.0346833333333,442.5533333333333,855.8540419905521,0.0,0.0,459.23441666666673,448.50184999999993,434.8433333333333,428.6206166666666,433.42678333333333,449.035,461.30085
2025-05-31,459.9347,474.5933333333333,462.08943333333326,450.7680166666667,454.01833333333326,473.8852666666666,457.76268333333337,430.7466666666666,0.0,455.97041666666667,462.08333333333337,0.0,467.4461833333333,486.76666666666665,476.95919999999995,464.2535333333332,310.5982538918473,450.89648333333344,452.1029833333334,439.4316666666667,459.9387666666667,481.6285166666667,508.6766666666668,481.56483333333335,453.19948333333326,460.8016666666666,1315.3352,487.4081333333334,475.76166666666666,468.86770851744814,426.26962773492505,387.23889832617914,360.34706146546534,1149.5023772103877,290.32939999999996,0.0,0.0,0.0,0.0,0.0,0.0,0.0,0.0,0.0,0.0,0.0,0.0,0.0,0.0,0.0,0.0,0.0,0.0,0.0,0.0,0.0,0.0,0.0,0.0,0.0,0.0,0.0,0.0,0.0,0.0,0.0,0.0,0.0,0.0,0.0,0.0,0.0,0.0,0.0,0.0,0.0,0.0,0.0,0.0,0.0,0.0,0.0,0.0,0.0,0.0,0.0,0.0,0.0,0.0,0.0,0.0,0.0,0.0,0.0,0.0,0.0,0.0,45.08884352436144,98.98039363275973,66.01883260110833,25.399967950138603,68.63094105201378,160.38815690483864,311.7604398014234,289.5635059755987,289.2564066702304,351.9729166666667,0.0,0.0,279.9196812623046,0.0,0.0,0.0,0.0,0.0,0.0,0.0,0.0,0.0,0.0,0.0,0.0,0.0,0.0,598.665,591.2703666666667,598.4978666666666,625.0216666666665,624.00355,526.86535,434.59666666666675,1289.4622333333332,1316.65985,476.075,1325.5686833333334,503.8097666666666,471.0233333333335,1286.2514896313237,1309.21715,1301.0733333333333,1313.4735666666668,1353.5356666666667,1416.0833333333333,614.3229333333334
2025-06-01,621.6574333333334,625.7399999999999,611.5446,1432.5448333333334,585.3333333333334,613.40045,628.2889666666666,0.0,0.0,590.2383333333332,604.8066666666666,599.7859333333333,592.0788833333334,1441.3216666666667,1452.8379333333332,627.0545666666667,611.3583333333333,619.4734333333334,620.9896000000001,1436.6116666666667,629.6459166666667,639.2657,644.7233333333334,642.8647166666667,631.1927666666667,620.5933333333332,622.8679000000001,635.7637333333334,0.0,151.1387030379165,1435.2806928420093,1378.9616176706613,512.1520581331971,544.7136978997229,631.0216333333335,0.0,0.0,0.0,0.0,0.0,0.0,0.0,0.00012241627928233356,229.85180568662997,163.0350733724589,944.1052364551431,0.0,0.0,0.0,0.0,0.0,0.0,0.0,0.0,0.0,0.0,0.0,0.0,0.0,0.0,0.0,0.0,0.0,0.0,0.0,1052.5676895910635,1063.6835410570034,1021.8516416666668,988.3927013367085,923.727720325129,844.3156166666668,812.1540199976434,839.4006709876539,982.4164861060692,916.7643475308641,859.8881746141977,23.295816666666838,0.0,0.0,0.0,0.0,0.0,0.0,0.0,0.0,0.0,0.0,0.0,1.728998780947677e-05,629.27598876706,103.65731697061426,172.52730952341926,214.41663885495552,301.8152956935371,391.5257021202236,468.0569086078053,508.3948030107838,565.0442971037153,577.7425633290404,631.3420345350355,729.646910361472,734.3160444188825,734.3744923079942,877.751177987037,918.4101006885958,794.5518946542893,629.0488301999474,637.9061133059844,733.1002428017158,790.4359422297229,815.4182648926808,0.0,0.0,0.0,796.7443,804.9600000000002,841.6620166666668,312.8574200728258,0.0,0.0,0.0,0.0,0.0,41.09121666666647,60.91166666666675,849.5715666666667,801.6851499999999,835.47,892.16885,787.1003833333334,613.8400000000001,1443.5131333333334,1481.6622666666667,577.4810333333335,0.0,0.0,621.1033333333334,624.1725999999999,603.8706499999998,552.2733333333334,595.6834833333332,605.6449833333334,582.7399999999999,575.5472166666667
2025-06-02,1445.8927666666668,644.62,582.0888833333333,1425.3687666666665,1433.5033333333336,583.7287333333333,1431.0509666666667,1472.4700000000003,636.3483666666666,615.1547,623.5616666666666,627.4436833333333,596.4258333333335,1409.8383333333331,583.2413999999999,1463.12365,1484.3899999999999,620.27375,1450.8406666666665,625.8833333333334,613.3589000000001,613.06155,611.0849999999999,595.5709166666667,611.0319833333333,1321.6133333333332,631.7680666666668,630.8725666666668,648.0250000000001,1507.5960481130837,628.2200097780353,569.6574766446623,1360.0431631004421,1396.648247405436,663.45505,0.0,0.0,0.0,0.0,0.0,0.0,0.0,0.0,0.0,0.0,368.60024041511895,0.0,0.0,0.0,0.0,0.0,0.0,0.0,0.0,0.0,0.0,0.0,0.0,0.0,0.0,0.0,0.0,0.0,0.0,0.0,0.0,0.0,0.0,572.1822344763281,568.8486277035994,486.10830123824144,550.025779796098,660.7533017748962,706.4629207034699,708.9000782411497,757.8487792007437,843.8289000000002,0.0,0.0,9.798211638667453e-05,0.0,0.0,0.0,0.0,0.0,0.0,0.0,0.0,6.787108748085302e-05,1117.1098086009347,1159.100308645162,375.0022467246009,476.21785318911293,502.86616616131175,527.3271500000002,570.6339138534066,593.5411960608935,645.9797306523092,682.9275485442753,713.1004430010959,753.2420562614363,774.4373379079067,828.9439942962483,904.0276437879153,919.4622862320929,797.8411689984378,644.2145499999999,648.9966428695258,734.3009927694409,794.1661595184021,830.4567318578655,846.2316726870642,32.25,1.318899999999985,0.0,0.0,0.0,0.0,0.0,349.71638333333146,0.0,0.0,781.5004195343859,0.0,816.3066666666667,847.7420999999998,847.7811333333334,828.645,887.7509833333332,791.0239666666669,613.9816666666667,625.0864333333333,649.2478833333332,624.1716666666666,645.1353333333332,672.1484833333333,659.7183333333334,595.3453000000001,1315.7795098765428,1456.3133333333335,613.8212833333334,597.3090833333333,0.0,0.0
2025-06-03,645.1545666666666,1460.371666666667,1441.9826333333335,685.5340115105842,1425.5216666666668,1432.4256333333333,1443.1964333333333,1457.5633333333335,1461.4398166666667,606.4484833333333,582.4083333333333,1435.7014166666668,648.8254833333333,648.1316666666667,1473.0271333333335,1484.5029333333334,672.91,624.38485,631.0828833333333,679.0716666666666,656.16345,643.3251166666665,652.5066666666667,611.25915,614.0124833333333,666.9916666666667,652.1154999999999,634.3949166666666,625.145,634.0453915333313,1433.801085607297,571.8157777806665,519.3626016355115,1392.743534877045,689.7082333333332,0.0,0.0,0.0,0.0,0.005510476939580652,427.3734166666667,406.3719977346763,397.12739047565975,374.3187446269685,287.62481869673513,567.2350956274042,0.0,0.0,0.0,0.0,0.0,0.0,0.0,0.0,0.0,0.0,0.0,0.0,0.0,0.0,0.0,0.0,0.0,0.0,0.0,846.6077881177745,797.2354719836407,756.6789520253346,773.3304790421167,763.411205170967,680.9311666666667,683.3439952222867,573.1567030864202,0.0,254.3453785062942,558.9660309027778,0.0,0.0,0.0,0.0,0.0,0.0,0.0,0.0,0.0,0.0,0.0,0.0,0.0,203.24971428756692,534.8487004181386,293.6001170790895,305.1875931395075,394.664888774504,423.69989999999996,499.19472241817414,539.883042307927,537.6697655510673,567.2329975855076,599.8035369630503,638.6362833333332,691.0834688297596,735.2395537843713,794.488649781867,836.454081069977,763.2381551769298,663.7844666666666,673.7939172904471,705.769030721103,726.0465583961865,799.3148766867315,811.99412512389,819.875,6.534766666666542,18.569183333333285,0.0,18.533866666666654,25.49025000000006,529.405,25.792733333333445,27.886266666666643,30.048333333333403,6.551916666666443,0.5449602556058153,840.4316666666666,825.39675,846.5166833333333,885.3583333333335,868.8038666666666,768.2766,628.1566666666668,1481.6922833333333,762.4347162551439,0.0,642.42785,641.2712333333334,666.3433333333334,616.2411666666667,596.9923666666666,660.645,703.8203833333333,674.1020833333334,673.7283333333335,650.9553000000001
2025-06-04,1351.5463833333333,1539.7816666666668,1531.23475,682.9233166666666,691.7683333333333,663.7182666666666,1483.9813666666669,644.1133333333332,611.9099000000001,625.3965333333334,1472.1666666666665,652.5127333333334,615.0293333333334,625.2366666666667,607.1951666666668,1461.1634166666668,1502.81,663.9944,624.1267666666666,637.0683333333333,1504.6210166666667,657.88125,607.7033333333333,1434.5893333333333,1445.6525000000001,1457.2966666666666,637.0134499999999,633.8272833333334,616.8816666666667,626.7392123030785,603.7944650460861,564.4831691189487,1319.383289008793,1362.2816572442998,667.2020166666667,0.0,0.0,0.0,0.0,0.0,0.0,0.0,6.43049609720947e-05,0.0,0.0,326.1215526907323,0.0,0.0,0.0,0.0,0.0,0.0,0.0,0.0,0.0,0.0,0.0,0.0,0.0,0.0,0.0,0.0,0.0,0.0,0.0,702.7614002063652,0.0,0.0,706.6096750900892,698.9200133576286,0.0,0.0,829.2545796296298,928.9432302083334,954.1322845679014,936.1255251543206,947.9789166666666,0.0,0.0,6.03737586573061e-05,0.0,0.0,0.0,0.0,0.0,0.0,0.0,0.0,4.3451462175880806e-05,1107.5283674816774,1186.9151521174012,1221.3021159530676,626.0648908808316,512.0434555189972,536.4161524830592,596.0970507013312,639.4832368597953,659.7624219581405,663.7703108299465,728.1640809327487,827.6244666666666,795.3658507779624,800.0920729688559,897.7264807850815,915.2438632810129,803.0054421412992,679.52525,626.1498252513127,718.4011903367,793.1415232109053,802.519209057239,830.4206336201693,0.0,0.0,0.0,860.495,37.21938333333321,30.01974999999993,5.778333333333308,37.41009999999994,16.338683333333393,0.0,420.52213260987116,0.0,879.7299999999999,906.11425,885.2692333333334,859.0316666666668,867.2157000000001,805.6033000000001,718.5483333333333,724.9002,663.4394500000001,658.3333333333333,1488.5455833333335,655.7360333333334,595.6616666666667,669.7704166666666,770.0224166666666,670.6566666666668,647.1074833333332,670.1377166666667,727.14,36.77471666666668
2025-06-05,693.5872333333333,1521.615,693.03975,682.1411999999999,693.49,1502.3878333333334,1510.4312166666668,1501.7833333333333,640.9046833333333,637.87845,1510.1233333333334,641.8722333333334,654.275,671.7199999999999,648.0758333333333,663.0293833333334,666.7433333333333,644.75155,1459.2501,1479.9933333333333,623.3964500000001,613.0717500000001,632.6033333333335,1454.5333333333333,1480.5806499999999,683.7483333333334,639.0145000000001,634.9339833333333,656.1016666666667,647.9690790816974,1445.9165627320417,1244.0904034336208,521.9207041877708,1384.1607710805142,679.7347333333333,0.0,0.0,0.0,0.0,496.49282828488873,0.0,0.0,0.0,0.0,288.98908145544686,368.5665721934397,0.0,0.0,0.0,0.0,0.0,0.0,0.0,0.0,0.0,0.0,0.0,0.0,0.0,0.0,0.0,0.0,0.0,0.0,0.0,634.1553967492181,827.7120958017703,805.9193886618082,808.6625936269353,803.657851972251,740.9424000000001,760.7342994365994,729.3156956790124,796.4509114583333,790.3863240740743,733.7008571759256,731.4802833333334,0.0,0.0,0.0,0.0,0.0,0.0,0.0,0.0,0.0,0.0,0.0,0.0,1295.9605730626204,1315.7008797489716,448.187834042388,547.1252712868452,464.5725186538061,554.0100323857969,538.2580400270612,539.8948772368609,627.8843956419546,653.2584906232604,655.0954327942959,702.2121377094231,726.807069041864,703.6821760669249,801.4979809411124,889.2672189253097,827.0601072377267,634.7022499999999,694.8510404638075,798.200187644244,520.6094072110598,27.357194839598037,12.190151211491298,794.1433333333333,874.4795000000001,131.6105666666665,59.37833333333333,842.1068333333334,869.9074666666667,51.044999999999845,12.574166666666656,54.86794999999995,88.17166666666662,1.1409333333333507,0.0,890.0300000000001,915.8564,893.9141666666666,878.4299999999998,882.8145833333334,780.1052666666668,670.8316666666667,719.7242666666667,698.4750333333334,660.97,602.64905,1431.7157041571704,653.0566666666666,715.3613333333334,0.0014907993585211443,676.6816666666666,691.8885833333334,620.6440333333334,525.2149999999999,491.3732999999999
2025-06-06,1334.6712333333335,1346.0183333333334,1368.95525,507.2209999999999,493.84499999999997,502.98661666666663,506.53358333333335,491.14833333333337,1070.225650909039,500.2868333333333,528.2833333333333,529.1457333333333,524.42165,0.0,0.0,481.6576166666667,490.7516666666666,0.0015874303445571059,485.98458333333315,538.0016666666666,0.0,0.0,461.57,1279.2606,1270.9257579547877,471.24500000000006,454.20095,480.4495,500.02500000000003,484.8124168395817,435.5498871559686,403.65006270069716,384.0028552944276,1195.3011719450888,0.0,0.0,0.0,0.0,0.0,0.0,0.0,0.0,0.0,0.0,0.0,0.0,0.0,0.0,0.0,0.0,0.0,0.0,0.0,0.0,0.0,0.0,0.0,0.0,0.0,0.0,0.0,0.0,0.0,0.0,0.0,0.0,0.0,0.0,0.0,0.0,0.0,0.0,0.0,0.0,0.0,0.0,0.0,0.0,0.0,0.0,0.0,0.0,0.0,0.0,0.0,0.0,0.0,0.0,0.0,42.287572581720895,54.955150245401775,42.522181363612276,157.21191279795505,182.88742843029445,203.40234727804147,234.23382334196862,257.04337139934506,294.8195718503815,368.3127321405992,344.53630718844363,280.04527234962944,230.8818128842455,273.07430729292827,350.6245775260425,402.644323909572,395.9556903525968,408.3093852820131,441.9850915135835,0.0,388.45974105156034,0.0,593.549626200102,0.0,0.0,0.0,0.0,0.0,0.0,0.0,0.0,0.0,0.0,0.0,0.0,0.0,600.4929166666666,598.3479333333336,630.16,604.9178666666666,565.8776833333334,607.6616666666666,594.9278666666667,1364.998038336067,529.175,553.3351333333333,0.0,527.7533333333333,544.6530000000001,564.7198666666666,460.45,509.38849999999996,533.9003333333333,378.8063922811192,550.3621833333333
2025-06-07,500.0356166666666,1278.0333333333333,1363.15995,582.5311333333334,0.0,523.171,1347.6493666666665,1370.615,1361.36435,536.1872333333333,0.0,490.4589500000001,497.4211166666666,492.82166666666666,508.7887666666666,514.6540833333333,0.0,0.0,0.0008121182474951638,508.74499999999995,990.9774671802675,477.6792833333333,518.27,533.30445,0.0,482.3433333333333,1305.0896,485.19343333333325,0.0,521.8972146804491,471.7971925947237,398.8620526523615,1197.7923068263653,1172.404881519797,0.0,0.0,0.0,0.0,0.0,0.0,0.0,0.0,0.0,0.0,0.0,0.0,0.0,0.0,0.0,0.0,0.0,0.0,0.0,0.0,0.0,0.0,0.0,0.0,0.0,0.0,0.0,0.0,0.0,0.0,0.0,0.0,0.0,0.0,0.0,0.0,0.0,0.0,0.0,0.0,0.0,0.0,0.0,0.0,0.0,0.0,0.0,0.0,0.0,0.0,0.0,0.0,0.0,0.0,0.0,0.0,0.0,0.0,100.33846592384646,163.11093754868807,156.8842784807369,155.2782740622688,168.7415073661453,210.75806790374241,287.0904293466433,234.90812576828608,112.46774999999991,160.52387419587308,203.18525535454557,212.89363577683142,282.52636064987644,359.0882856624212,456.8481500000002,0.0,429.51209602295353,565.5472347431623,544.2071196532685,0.0,0.0,0.0,0.0,0.0,0.0,0.0,0.0,0.0,0.0,0.0,0.0,0.0,620.1866666666667,631.82475,666.5133333333333,638.5733333333333,598.0806833333334,552.1020833333333,518.2483333333332,1339.4377833333335,1354.3811833333334,510.21833333333336,1314.8971166666668,1302.30425,1377.8666666666668,1428.3083945386481,578.8910999999999,514.7383333333333,1348.6370499999998,1465.5235333333333,814.4083333333333,0.0
2025-06-08,0.0,784.0516666666666,0.0,784.5182999999998,784.5216666666665,761.9534166666667,748.7230000000001,763.4183333333333,712.3672166666666,730.3647166666667,804.28,753.94065,725.0196166666667,741.7333333333333,687.5054,680.3076166666667,1546.13,694.1942166666666,680.75465,669.785,654.8324666666666,1478.7379,1489.145,660.9719666666667,659.2423333333334,665.0416666666666,643.1093666666667,652.2008508230452,1458.0416666666665,640.288871882526,611.9361931264953,1408.4030888912148,1357.659013385954,1389.8277746294484,666.3853333333332,0.0,0.0,0.0,526.1175918080796,503.36192883791216,334.8526134813102,0.0,399.6044082373306,341.2432179950172,222.2394693848927,253.32525392905814,0.0,0.0,0.0,0.0,0.0,0.0,0.0,0.0,0.0,0.0,0.0,0.0,0.0,0.0,0.0,0.0,0.0,0.0,0.0,0.0,0.0,0.0,0.0,0.0,11.099716666666723,0.0,0.0,414.7277808180008,0.0,0.0,0.0,0.0,0.0,0.0,0.0,0.0,0.0,0.0,0.0,0.0,0.0,0.0,6.633349886442375e-05,1253.6490206458777,805.892263855098,492.0012747133992,523.4432390384461,555.5242439062253,519.7884587873551,578.4674526677913,647.609332063857,661.7473343804352,739.8446234209455,825.4354503791658,895.4927333333336,858.4079485078107,901.3692494013308,970.6065157334283,1058.2567553858398,970.9178313248395,761.3490999999999,742.5282378273552,812.4877798005543,891.7369753234057,973.3026706539518,1003.5264023144005,161.4033333333332,167.5771000000001,192.82153333333338,156.56000000000006,108.03791666666666,93.53973333333329,985.25,177.3282999999999,189.65234999999996,739.8083333333334,141.60498333333328,112.59941666666657,1009.7666666666668,1017.9934833333333,1005.6963833333333,1009.8683333333332,999.4858666666667,914.6671333333334,840.0849999999999,837.3932166666668,820.7898500000001,778.9616666666666,768.4051333333334,753.8643666666667,715.7516666666668,1646.57161892177,860.0464833333333,192.016186173366,832.9910500000001,778.6946333333333,795.005,801.4314333333332
2025-06-09,795.5176499999999,765.9183333333333,753.4472666666666,760.8941333333332,767.2883333333333,774.0166833333333,755.0321166666666,754.2949999999998,751.7058999999999,748.72835,757.9716666666666,753.5139833333334,736.4795166666667,704.525,681.1645833333333,1509.1615666666667,671.525,681.3900666666666,686.79075,676.0383333333333,662.1952,628.8149333333332,1442.0983333333334,649.9234333333334,672.6846333333333,678.4733333333332,1507.9342166666668,1493.38975,1465.4700000000003,1473.4387697786065,1461.3781970362254,1097.4053284024258,489.5353582424515,1368.0224446272907,697.6062999999999,0.0,0.0,0.0,0.0,0.0,0.0,0.0,0.0,7.245789436183259e-05,302.4032409035096,380.26567612809015,0.0,0.0,0.0,0.0,0.0,0.0,0.0,0.0,0.0,0.0,0.0,0.0,0.0,0.0,0.0,0.0,0.0,0.0,0.0,854.7734779706778,862.3985254054986,841.2408897556953,808.8787223456786,819.8064926311724,761.4987666666667,766.488092256606,760.2411233810177,826.0222648666095,460.92946603419887,836.0180873146757,28.31373333333329,62.33332985406901,7.335320291869958e-05,119.88990454784357,177.45537011552722,218.87524899299194,165.90463333333344,0.0,68.84200425147398,288.485180169699,0.0,0.0,348.26932066904783,1302.582056335648,518.624317646322,558.9011524904574,610.1694293614386,655.2234859711812,661.9098459727261,702.0946636403835,775.4573144057672,803.5565672968019,918.2499999925237,965.3578469542438,961.2230528318998,950.6999558143555,965.3137679896904,1056.3184090721154,1120.052442099895,1019.6683899848284,832.7432086968487,834.3590518813305,898.2152877423127,947.2337149895869,93.15678244426829,109.6078152351414,85.03999999999996,100.7938999999999,1015.7686333333334,687.3149999999999,88.0275999999999,912.9929000000001,979.9516666666667,149.38768333333326,155.46645,158.84833333333324,99.68226666666669,70.39951666666673,965.6816666666667,1005.8925666666665,1021.46875,1010.42,954.6285333333333,887.0508666666667,870.6899999999999,858.2083166666666,803.6919333333333,761.0466666666666,803.2871666666667,811.9051166666666,752.2166666666667,841.15945,853.2859333333333,776.9166666666667,803.1766,769.7945500000001,782.825,792.3618166666665
2025-06-10,793.9731999999999,786.8466666666666,747.0539166666665,742.9541666666665,757.1949999999999,749.9592499999999,756.6068,794.9133333333332,754.4005833333332,738.981,764.6983333333333,714.4682166666668,705.9391833333333,728.8583333333333,1514.7330000000002,677.58595,716.3016666666666,682.7865833333332,658.8470000000001,678.9,678.8974833333334,1330.2229503957874,639.0366666666666,693.5190166666665,670.5451833333333,1453.1166666666668,1471.2124333333334,1473.9569666666666,1440.0516666666667,1473.993418605115,1480.115326092443,602.4085518129185,492.87155524377556,1372.2047031678403,693.0465333333332,0.0,0.0,0.0,0.0,0.0,0.0,0.0,0.0,0.0,253.71464814126853,332.5539360321684,0.0,0.0,0.0,0.0,0.0,0.0,0.0,0.0,0.0,0.0,0.0,0.0,0.0,0.0,0.0,0.0,0.0,0.0,0.0,755.5210569830234,795.1461352820421,0.0,818.65412345679,832.1042709876546,787.3637397257754,778.8945788464857,861.0759406601188,934.2154138167597,854.3646228395065,887.142982021605,919.71055,84.06917192994035,0.0,89.60924724188112,117.54357761617979,90.15876779486135,0.0,0.0,0.0,0.0,0.0,0.0,0.0,1276.5062494136764,1301.7984726685115,1366.7903946544734,638.5643306193202,650.0215582229774,642.3732999999999,665.878359728103,727.9213364626667,747.0936077872058,802.0540648646484,863.3784015337726,905.6269166666666,938.0566145418625,960.2343562794294,1050.8707804117676,1118.3341910248773,997.078405516625,814.5073666666667,798.4892958863776,864.530312008437,903.4502371817046,925.9878268720563,980.7487277302888,150.2066666666667,153.39948333333348,147.0517666666666,641.6966666666666,179.39653333333342,163.03698333333318,89.33833333333348,929.8489166666666,148.25549999999998,211.99666666666656,118.48953333333338,80.00995,951.1116666666666,977.4818333333333,986.2828166666667,1012.6999999999999,1003.69655,933.9436000000001,871.1233333333332,831.2003333333334,790.5432000000001,755.525,730.7586500000001,772.2771,1624.691441427799,840.2971,828.7580999999998,94.8866991101496,784.5313666666666,784.9690833333334,815.9933333333333,782.2429166666665
2025-06-11,776.6669833333333,795.5583333333333,811.1426499999999,764.3488166666667,749.4033333333333,814.2555499999999,827.3409833333333,787.9649999999999,739.8728833333332,742.1746,782.2500000000001,786.2567,756.8106666666667,707.1866666666666,637.0422,1447.8542166666666,1500.8899999999999,1517.3335333333332,674.9043833333332,0.0,687.4431333333333,677.4997833333333,1491.725,689.4835,754.8298932796498,1502.3166666666668,1480.5768833333334,1516.2712166666665,1546.2900000000002,1512.255685160079,649.6432796699689,645.7163845430564,547.4057992851018,1390.426658164882,688.7268333333334,0.0,0.0,0.0,0.0,0.0,355.4306320253127,0.0,417.09404984266763,359.62553723097886,282.0587735497602,379.13822849835424,0.0,0.0,0.0,0.0,0.0,0.0,0.0,0.0,0.0,0.0,0.0,0.0,0.0,0.0,0.0,0.0,0.0,0.0,0.0,727.2998279387112,948.5498949999859,804.0211598591537,903.9121952911762,914.0179814417085,637.1474333333334,564.6976403601832,796.7302707807804,960.9003479787093,962.2683941919406,996.1396415851389,574.776077353077,5.724487351699281e-06,284.7614401226193,355.4672348453947,0.0,0.0,0.0,0.0,418.8767338092347,467.5874947782838,0.0,0.0,433.1313654837271,1306.2027935076017,1379.287850583869,1485.2970462833068,625.5642250024213,610.7434230909032,1100.5167338186138,680.6174669005161,752.5687982850275,755.8438779694163,805.9314125761643,878.1862107390909,938.7242317703804,928.9673614962876,938.7205239669674,1042.2186505211794,1146.9510757847595,1008.545029312544,776.8728336805253,817.222077243705,869.8904751100606,864.5720473809513,908.4151187185237,969.5490382569462,94.45999999999992,126.38255000000004,100.55713333333335,49.288333333333185,954.3575666666668,646.613806085616,89.87166666666656,95.44988333333333,152.38225,165.17499999999995,137.07920000000001,111.70584999999994,940.9833333333332,983.6600833333333,1016.6851833333334,1019.3533333333332,969.3138833333333,870.8160333333333,801.0266666666666,1601.6707434653279,1597.5859333333333,789.23,294.6592092930852,784.6868166666666,790.9616666666667,22.55921666666677,868.4411666666665,781.8016666666667,775.7491666666666,773.9354166666667,792.3800000000001,777.0445333333332
2025-06-12,777.4624666666666,764.6483333333333,767.0336833333332,744.5972333333333,722.8399999999999,738.01335,767.78205,788.15,1589.7151833333332,1580.5030333333334,772.2200000000001,739.6492500000002,723.8707666666667,707.0333333333333,683.0161833333333,687.99575,724.8816666666667,737.1159666666666,703.2182166666665,664.8333333333333,642.1951666666666,1491.4751500000002,1504.2266666666667,683.7910787321109,997.374821969052,1467.4997868200653,623.478390552176,648.5910992161097,1507.6858833333335,1523.6060907050887,663.3013760584668,609.1445654767597,1382.473651964436,1400.1319351234754,658.4040333333332,0.0,0.0,0.0,0.0,0.0,0.0,0.0005315229613529482,0.0,0.0,253.44063208024437,828.2540114897188,0.0,0.0,0.0,0.0,0.0,0.0,0.0,0.0,0.0,0.0,0.0,0.0,0.0,0.0,0.0,0.0,0.0,0.0,0.0,804.3059035661041,811.7266665162218,825.690731792669,876.1386984201844,884.179691936334,810.8116666666668,741.3579872320515,807.4334246493255,873.5316259432907,915.1552878009004,795.9474575922471,109.96100000000001,160.11503999989895,175.98877232461962,153.08901188648258,194.96348264530127,213.86580962546748,241.00474999999972,282.78041191832256,331.56659197514637,0.0003003295233599695,0.0,0.0,377.7324,1286.406610196264,753.0119474394976,522.2844244822107,620.9172184553167,695.581938427208,668.0860166666668,661.0718623328805,706.5089343384598,797.2148111383019,860.1182355248684,911.2907948129946,934.7950169045388,915.0509576206548,938.958377390474,1008.7810437646946,1118.148780187506,1000.184215012671,806.4273228158838,823.5948109061279,890.3652731765596,584.7926799356485,68.58902623586573,976.4133074359253,993.7358333333334,163.8306303070798,126.1206510893586,79.39105873164624,71.46133295208665,87.1191701354901,962.7833333333333,1026.4170166666668,142.55068333333327,132.43999999999983,120.23816666666676,116.49564999999996,947.4733333333332,930.1120999999999,942.1077,987.2349999999999,973.7902499999999,909.1242166666666,835.5799999999999,798.0903166666667,781.1332833333333,777.0333333333333,812.6346,788.3486833333332,759.4200000000001,783.1392500000002,808.1090499999999,797.1600000000001,847.0189499999999,771.0146500000001,642.2366666666668,588.7416
2025-06-13,0.0,0.0,0.0,608.6219666666667,300.47312142305884,0.0,605.0411666666666,552.7149999999999,546.6007333333334,593.8333166666666,640.8916666666668,583.7091166666669,523.30025,478.77333333333326,469.69030000000004,1341.2209166666667,550.7266666666666,0.0,341.72962462994155,506.2833333333334,514.4156333333333,488.1319666666667,481.41,515.1601514802658,497.71874177388764,465.90253299343533,463.86487058481225,1327.8002166605884,487.89731666666665,462.25588039643566,447.0191014177648,643.8432624064752,1234.934720373347,1160.1256645502178,0.0,0.0,0.0,0.0,0.0,0.0,0.0,0.0,0.0,0.0,0.0,0.0,0.0,0.0,0.0,0.0,0.0,0.0,0.0,0.0,0.0,0.0,0.0,0.0,0.0,0.0,0.0,0.0,0.0,0.0,0.0,0.0,0.0,0.0,0.0,0.0,0.0,0.0,0.0,0.0,0.0,0.0,0.0,0.0,0.0,0.0,0.0,0.0,0.0,0.0,0.0,0.0,0.0,0.0,0.0,102.8968549397083,99.11878787011597,133.431434231381,152.25458618335438,182.82836257845656,187.84271666666666,225.31840847737692,265.2802546621514,308.76709551783745,410.1444272545969,455.52320188200036,403.19148333333334,351.6128903898978,378.48896053088845,436.55485405968125,458.931044584893,496.2238349001308,497.7274666666666,538.5557689822996,0.0,622.5957736054934,656.3969674732815,0.0,0.0,0.0,0.0,0.0,0.0,646.2846991679488,0.0,0.0,0.0,0.0,0.0,0.0,678.5133333333332,739.5480833333334,743.3279166666669,712.565,686.2279999999998,657.3363333333334,651.2266666666667,655.5211333333334,644.3283666666666,602.625,566.0396000000001,562.4263,640.3783333333333,668.3923000000001,663.1386166666666,631.2933333333334,654.3050999999999,600.7861666666668,574.5316666666668,589.3838
2025-06-14,620.3448333333333,616.2433333333333,603.7486833333332,0.0,603.1928697334885,600.1285333333334,580.8194166666667,0.0,0.0,597.3303000000001,627.2183333333334,577.8517833333334,530.5661166666666,498.59666666666664,0.0,496.5348,1314.415,506.22290000000004,0.0,0.0,536.1240833333333,521.1642666666667,487.26500000000004,526.226982004404,696.8615231197787,472.48235282378135,470.58066260596314,1310.788647059057,1299.4411,462.69372440619276,449.19449881757413,1246.3586623586657,419.104503119833,1225.8630301580222,0.0,0.0,0.0,0.0,0.0,0.0,0.0,0.0,0.0,0.0,0.0,0.0,0.0,0.0,0.0,0.0,0.0,0.0,0.0,0.0,0.0,0.0,0.0,0.0,0.0,0.0,0.0,0.0,0.0,0.0,0.0,0.0,0.0,0.0,0.0,0.0,0.0,0.0,0.0,0.0,0.0,0.0,0.0,0.0,0.0,0.0,0.0,0.0,0.0,0.0,0.0,0.0,0.0,0.0,0.0,0.0,44.23299571404243,137.5510127284997,120.78383796702838,171.55725678281374,211.61321666666697,292.5525042893375,299.3427939947692,270.39116179151097,326.9960701463171,357.4051082432314,317.65763412979055,340.955614699405,400.213204096067,433.38229371946227,482.9483625296981,520.5059963932742,518.6060499999999,549.3344841927916,590.0632292067127,651.3847592506963,0.0,0.0,0.0,0.0,0.0,0.0,0.0,212.56651662301317,683.7583333333333,0.0,0.0,0.0,0.0,0.0,638.1166666666667,656.4510833333333,699.6407,731.295,682.4239999999999,640.2479666666666,660.91,636.6039166666667,1426.2472500000001,599.9683333333334,592.0818833333333,1438.2152166666665,677.000878294591,579.883,620.8644666666667,644.17,0.00015524804802779084,661.8736666666667,786.4466666666667,0.0
2025-06-15,778.99345,790.9266666666666,758.4344333333332,736.5386333333332,786.4733333333331,742.3129833333334,704.1062166666667,667.9483333333334,1528.4853500000002,745.7244666666668,457.96958007759144,664.7809500000001,665.8832166666666,717.665,685.5143833333333,661.4990166666666,697.2116666666666,676.5800166666666,650.7390666666668,662.8383333333334,652.8030333333334,634.2886166666666,1475.9,1533.3189829258743,682.9097061035382,631.6770064729518,601.8780029478169,1442.8483164812228,1449.59485,1419.1948798815517,596.3172016287652,1414.6146676311707,1363.3249803803558,1385.0607046961795,636.4514833333334,0.0,0.0,0.0,0.0,0.0,29.203392286750272,350.3331354859996,0.0,0.0,227.03832758191834,348.7673265402577,0.0,0.0,0.0,0.0,0.0,0.0,0.0,0.0,0.0,0.0,0.0,0.0,0.0,0.0,0.0,0.0,0.0,0.0,0.0,74.36262050112327,929.6483547180311,867.9501937161981,859.4922240540433,865.8421145770743,851.161666666667,854.3238871099811,846.6615831575575,931.5625060894278,863.5454688433733,893.8335373127417,931.1887890149603,0.0,0.0,3.0569539694683954,182.15761864508923,173.7017481592485,0.0,234.6400989340931,0.0,0.0,0.0,0.0,425.6598565473273,1306.330113568892,1366.7467589742698,682.6250198758912,548.2350970699171,566.6624788205028,617.4807413163306,642.4085238700872,688.6936431081834,717.4660557678475,715.3119175113442,764.4324139867731,813.95715,834.7619906505302,883.4431802230869,1004.2399706028134,1073.376824904949,980.2284762315,786.8085037812384,754.3046964214407,825.9449286972364,872.4987719267641,917.5717041953434,958.0992866393574,946.9118666666667,117.98671619724803,141.7176972393786,123.90312797995841,84.32304824641471,76.8515975080877,639.4550416828858,130.5301833333333,102.57285000000002,73.18666666666661,45.072316666666666,93.85439999999994,1003.5550000000001,974.6493833333333,955.1066833333333,960.8766666666667,999.1817499999999,919.8369833333334,766.2333333333332,768.7512166666667,787.9299,808.8566666666668,736.1811,729.7265,776.1599999999999,799.5777166666667,820.5999499999999,782.875,805.3438166666666,784.5604000000001,777.4350000000002,751.4058333333334
2025-06-16,738.7949333333333,1571.5716666666667,1322.8161287811035,768.6701166666667,0.0,769.8251833333334,756.0858833333333,704.5983333333332,715.4350666666667,721.6072333333333,710.505,698.0015833333333,675.8153833333332,646.0116666666665,635.6627,669.2093833333333,1546.7233333333334,648.6060333333334,1480.3212,703.4833333333333,670.1029333333335,678.2645666666666,734.9583333333334,704.2335981747327,1477.8849937887744,1492.9626304834544,678.5188005405114,657.4760149477374,611.6897333333334,1435.904803595296,1459.162807629782,1427.3695861028236,1390.486071315443,1425.510843830837,700.4886500000001,0.0,0.0,0.0,0.0,0.0,0.0,367.96773527828856,0.0003364301894634991,300.03748432425823,225.92856002819263,1152.3217738585067,0.0,0.0,0.0,0.0,0.0,0.0,0.0,0.0,0.0,0.0,0.0,0.0,0.0,0.0,0.0,0.0,0.0,0.0,0.0,15.788133309110435,402.59048239616203,826.0665593989066,909.4716714289915,15.389780472786697,862.4765166666668,909.0938663244516,834.4209524401646,885.3129769391489,897.2414530933105,911.7579652325105,128.06190000000004,202.46252832843686,265.8222527237393,268.7405021602774,360.70156628397945,0.0,0.0007253985671379685,291.0656924456413,295.746253543094,0.00011498656266439866,0.0,0.0,469.289122809044,1118.5510572609405,1340.1230688790893,606.0729154986783,566.8094130058697,627.0376655151807,645.5424999999999,625.6385429454215,687.1095275957183,770.9371347230103,770.7363061339664,800.5613845374739,838.7129333333334,864.2424030873976,896.1142090125352,989.8096312751383,1066.6250581419845,976.7162359352582,754.1354166666665,753.5241507861797,827.5137475687317,852.8814839877468,913.3242831246397,983.6924313628526,117.2683973535394,83.25278470320006,90.63645878148623,965.8558755015225,637.2110591477567,90.74245650623357,101.31166666666672,91.39536666666663,115.44670000000008,173.70833333333326,97.73013333333301,84.6286666666665,960.1566666666666,896.86965,912.27145,976.2199999999999,957.9686833333333,848.3144000000001,742.9116666666666,931.2111218107,1591.7609333333335,751.06,708.3836166666666,731.3698833333334,772.1866666666666,759.9711333333335,784.2654333333332,795.0816666666666,848.5139833333333,0.0,773.89,786.7654833333333
2025-06-17,778.0408166666667,730.7216666666667,1582.8554166666668,735.4360999999999,712.705,764.4812666666667,753.86315,678.7349999999999,713.2848666666666,765.3613000000001,758.9916666666667,688.0045666666666,1509.29325,722.1483333333333,582.2197643515508,654.7873,1471.6633333333334,1484.5835,657.8967,646.4366666666667,1492.39095,1506.5719,655.9266666666667,627.7004483019664,614.1730348515923,640.9232111705165,646.9250146881407,672.3684266950173,679.8692,610.7848632136051,1430.095394789988,1424.0042117893997,1370.7567286132235,1398.4698940983344,657.2080166666667,0.0,0.0,0.0,0.0,0.0,0.0,0.0,0.00022735718397811808,303.60870669642225,239.406845069729,381.09257045784,0.0,0.0,0.0,0.0,0.0,0.0,0.0,0.0,0.0,0.0,0.0,0.0,0.0,0.0,0.0,0.0,0.0,0.0,75.5586666666668,841.181680419009,855.6774284253435,884.6302229766837,73.47313662151987,672.2222445727557,852.4064357571618,887.6092797148233,905.1375324290163,1064.2252429133682,1048.5747116694924,1100.3895863737353,636.5630008813241,291.62158604862157,301.90402528489255,365.6004223260628,443.9988859707104,444.7675376828879,406.98733333333325,454.38704522434205,0.0,0.0,414.8903467310365,0.0,0.0,1256.3435456153857,1296.1497499933575,654.6123178732954,525.0229141854492,597.6077608665738,681.6713166666665,709.1719841673158,687.2152867213681,691.6896267830716,741.9521159577573,783.974507186975,772.4559333333333,816.9472535709648,872.5310461586732,938.8102042038012,1026.4814370032,960.2849606625202,737.2891833333333,737.834035221781,826.8967746219632,892.9531188718796,630.8757131994467,122.59644494665804,70.22211138451712,138.62306540223904,115.99627067782887,66.79525963441813,920.2893927463219,109.40996382118851,92.60212918305524,81.5542999999999,977.6721499999999,1012.5749999999999,107.78150000000016,96.72694999999999,1000.3583333333332,961.2945,937.6549,942.5199999999999,956.3685166666667,895.3244833333333,822.1183333333333,785.0487,737.8865833333334,728.9833333333333,752.8935333333333,778.2861166666667,758.3633333333332,1578.4923833333332,834.3909166666667,102.72333333333336,757.5515666666666,764.1432666666667,774.9016666666666,763.15355
2025-06-18,768.7698666666668,782.95,779.7056666666666,722.7292833333333,721.4133333333333,718.3994166666666,778.1042333333334,761.3933333333333,671.8134814389533,0.0,734.1,759.3520166666666,702.0947166666666,649.3050000000001,1493.39055,650.7860833333334,647.025,616.4463166666666,622.8613666666666,1465.6333333333332,1478.7362833333332,1486.9053666666669,1464.3295966933217,1478.7828189529223,636.7996324161328,633.8387560190121,1479.2072373805574,1491.7345669868341,645.3517333333334,638.5700167402724,603.2625195083705,1391.035153867591,1313.4183793873876,1362.6702141633805,645.8754499999999,0.0,0.0,0.0,0.0,0.0,350.4868080951008,0.0,315.7730904767733,271.36807151698366,198.4588196448085,273.1490838773882,0.0,0.0,0.0,0.0,0.0,0.0,0.0,0.0,0.0,0.0,0.0,0.0,0.0,0.0,0.0,0.0,0.0,0.0,0.0,793.8155890010052,960.8315874247326,937.3891822034074,1002.1611391998031,980.1961167894509,914.9445666666666,1003.8709662987202,899.938346296296,826.1882286216663,1000.1752338484964,214.2518247080268,187.2348333333333,0.0,0.0,170.11623301273391,0.0,0.0003516521473159173,0.0,0.0,0.0,0.0,0.0,0.0,243.35312081222244,1212.6634313112634,1260.6041543434944,568.9225430868314,543.3409321449824,590.3848549223317,613.8828166666666,646.4690020792424,676.2891787577582,747.0663533987712,759.862068336446,806.3795510234798,863.9693333333335,941.3141179267595,991.3338436963004,998.5845492919259,1020.7873745941826,922.4916893175201,769.1955333333334,766.4871845359203,840.4118852585485,864.9759053974773,41.97443144677902,920.2317937806324,952.6548166666665,95.72804534061493,98.52094141633836,93.30179587099497,74.12842116087393,74.3706045577336,53.43166666666673,921.2248166666666,590.8312093333335,71.61999999999978,105.3068833333333,111.98755000000006,912.6133333333333,924.5293666666666,974.2041833333334,981.8016666666667,972.9352166666667,870.59785,749.375,758.6025833333333,1603.9272333333333,802.6533333333334,785.6481166666666,746.5774333333333,696.5083333333333,714.9070166666667,769.1941333333333,780.745,743.3961666666668,725.8834166666666,756.58,40.99585000000002
2025-06-19,742.5186833333335,772.9933333333333,816.9374833333334,730.6154166666665,664.6416666666665,703.1718999999999,729.2642833333335,674.845,676.3952333333334,1533.7516833333334,874.0227558572237,670.4447333333334,675.44445,710.2133333333334,652.1945666666667,634.7149666666667,714.9916666666666,678.8348166666668,671.9323333333333,706.2316666666667,692.99335,678.8683166666666,654.3600000000001,651.3676787499709,1463.3133237666882,1455.4292202498427,1452.1076867483346,617.2163826387433,600.7067166666667,1420.5258724772045,1420.5262464138182,1382.48815244368,1324.3780109142197,1390.7890137490604,695.5164499999998,0.0,0.0,0.0,0.0,0.0,0.0,0.00038254332145015724,349.0858055293235,352.85643868525744,248.3082862178032,297.90384022865317,0.0,0.0,0.0,0.0,0.0,0.0,0.0,0.0,0.0,0.0,0.0,0.0,0.0,0.0,0.0,0.0,0.0,0.0,0.0,0.0,667.538233158593,686.3787417790114,808.9071266763592,5.148621210272722,480.0516572345963,770.4235925925927,707.1841475308643,695.2068874999998,736.8449591571384,792.0044198854958,761.8553,0.0,0.0,96.30622432521079,0.0,0.0,0.0,0.0,0.0,0.0,0.0,0.0,0.0,1118.77511345104,1276.403789581449,433.67537027437936,507.65559003231226,560.5148872350135,608.961681574285,703.9343666655543,685.1001900789341,641.8569222692568,696.5521374998976,757.2629036009181,760.7634166666667,764.1211184540638,824.2329081337441,897.9689468277566,950.3040468235939,839.9233778274692,695.3600166666664,733.7350920073744,823.5184809344562,863.3247582644582,876.7622432025929,586.6185112530734,109.81021666666652,97.9108531942959,98.75221949610602,109.30954978317288,61.24551159990483,902.4120724907111,108.60833333333346,102.80630000000008,82.62609999999995,925.0583333333333,94.23518333333334,113.84874999999988,963.6366666666667,927.9136833333333,951.5754333333334,983.3066666666667,941.2333666666666,848.3478166666667,723.6133333333333,709.8168333333333,1588.1042707818929,845.4029504099472,737.8978666666666,712.0292499999999,730.86,689.9144500000001,0.00017683460940940652,778.1250000000001,824.34245,711.1920333333333,537.3783333333333,522.6562999999999
2025-06-20,586.1097833333333,0.0,563.2098666666666,517.0164,542.1616666666666,1350.2242833333335,518.9534333333336,533.7933333333333,551.7177666666668,551.0892333333335,528.5699999999999,532.1546166666666,496.2354333333333,481.92,190.09841975710077,516.3854666666666,530.5416666666666,515.2556833333334,0.0,0.0,485.07341666666673,501.60066666666665,473.92500000000007,458.3577416898373,1308.5820638146272,1322.2493826224063,476.11794483643223,0.0,0.0,458.35718162922376,418.17025110448463,401.4960625640501,392.0577012868723,1181.0742168389947,0.0,0.0,0.0,0.0,0.0,0.0,0.0,0.0,0.0,0.0,0.0,0.0,0.0,0.0,0.0,0.0,0.0,0.0,0.0,0.0,0.0,0.0,0.0,0.0,0.0,0.0,0.0,0.0,0.0,0.0,0.0,0.0,0.0,0.0,0.0,0.0,0.0,0.0,0.0,0.0,0.0,0.0,0.0,0.0,0.0,0.0,0.0,0.0,0.0,0.0,0.0,0.0,0.0,0.0,0.0,0.0,0.0,18.26106301957202,34.918475297457235,105.34669212032657,171.81544386288374,222.01426291452162,238.7292074169818,317.92523038531044,359.1535865982354,384.23874590662365,345.5250355317481,356.03430162820194,419.42038247486806,499.50117727578794,536.8140854696362,508.92724340779057,478.91578333333325,499.3567709963072,553.3153547683478,592.3431776339764,517.1138554023083,0.0,0.0,0.0,0.0,0.0,0.0,0.0,0.0,0.0,0.0,0.0,0.0,0.0,726.5066666666668,644.8843,638.4830833333333,665.19,653.2489666666667,601.8377666666667,544.1350000000001,586.3280333333335,1329.3900608015915,583.5483333333334,0.004798193711882272,574.0489833333334,550.025,538.3126833333333,570.7940333333333,638.63,577.8334833333333,540.5778666666666,612.9833333333335,595.6100166666668
2025-06-21,589.4386999999999,0.0,0.0,569.9664499999999,1249.487860975718,572.4776,571.9395333333332,512.74,530.2764166666667,517.3245333333334,464.195,548.9850999999999,0.0,0.0,511.1936666666667,508.5722333333333,497.4383333333332,1313.7706166666667,490.96776666666676,0.0002829652964806809,515.2758833333334,524.2999833333332,501.25666666666666,458.69718508428116,461.30499868784415,489.5065317025606,465.9383825608732,455.2204965608674,455.98741666666666,636.5400336107338,418.80527964081614,439.09027379910646,1268.8418075387892,1208.6244971158965,0.0,0.0,0.0,0.0,0.0,0.0,0.0,0.0,0.0,0.0,0.0,0.0,0.0,0.0,0.0,0.0,0.0,0.0,0.0,0.0,0.0,0.0,0.0,0.0,0.0,0.0,0.0,0.0,0.0,0.0,0.0,0.0,0.0,0.0,0.0,0.0,0.0,0.0,0.0,0.0,0.0,0.0,0.0,0.0,0.0,0.0,0.0,0.0,0.0,0.0,0.0,0.0,0.0,0.0,0.0,0.0,0.0,0.0,2.7079945373898227,119.73949151823228,123.7184856451745,197.35384545771387,186.67040270634175,226.4004251381267,310.7917052128446,326.9350538179247,250.29048333333333,265.1088504034921,316.4895494129113,362.4994878225813,413.8933869967682,469.73889329446126,458.6592500000001,494.1207423360516,0.0,584.1547363638294,414.7488520637113,0.0,672.2391999999998,0.0,0.0,0.0,0.0,0.0,0.0,0.0,0.0,0.0,0.0,0.0,713.2866666666667,649.1960666666666,635.8281666666667,630.1533333333334,618.7330166666668,619.3374666666667,588.3466666666668,590.5250166666667,1426.0037499999999,691.4924691358024,629.8358333333333,669.98235,0.0,560.6979333333334,517.3345166666666,1423.3850000000002,1435.9465,639.7936500000001,0.0,0.0
2025-06-22,726.7114333333333,723.5400000000001,703.8316166666667,677.9393666666666,693.715,663.9961333333334,1246.908537620125,681.6666666666667,689.6601833333334,678.9203333333332,687.0699999999999,666.5872999999999,663.7830333333334,696.5816666666667,660.7480499999999,610.4964,1459.4099999999999,1470.2258333333334,650.1601666666667,661.3216666666666,0.0002630092842446303,651.2105499999999,628.5799999999999,659.1716750672758,656.7500870512748,1475.4670870658501,1434.1121407692162,1433.9947089342836,1458.94125,1444.5198564077496,574.6694124430911,525.5699835103649,1331.826082678076,1357.2788875166002,609.0545500000001,0.0,0.0,0.0,0.0,0.0,0.0,0.0,140.55893814339876,201.95420295321918,0.0,241.18786298688968,0.0,0.0,0.0,0.0,0.0,0.0,0.0,0.0,0.0,0.0,0.0,0.0,0.0,0.0,0.0,0.0,0.0,0.0,0.0,0.0,785.4999102840205,15.122325579955486,53.917751244073656,50.24144225113241,797.5423833333335,795.4623412001658,812.3019923838434,797.757460416667,863.4942071810353,913.127592978395,592.8528701502889,18.63987013864198,0.0,0.0,0.0,0.0,0.0,0.0,0.0,0.0,0.0,0.0,326.8813941799265,1243.7920515595558,1295.385574222366,1337.8892948355165,625.971092521881,452.25074351278454,458.9082615629827,504.2655506767652,554.6832917369833,618.5029191347869,642.5223129131264,700.3732715631108,765.7858529235516,790.1723154503109,827.5217694863568,921.2352757733383,974.785827515835,904.3001031331347,694.6978833333333,673.5093014163213,761.9767364650162,850.6770892345012,919.8932352247355,85.15871573537027,47.09874999999977,23.41907554323268,48.937807450530386,625.833270089467,921.190567614154,96.9677035586966,66.61833333333323,65.67666666666673,76.47241666666662,949.7083333333333,61.03791666666666,55.75246666666658,913.3533333333335,899.0822999999999,934.8566500000001,997.1666666666667,981.5054333333334,875.4231666666668,716.1716666666666,727.7374000000001,748.1341166666665,726.5716666666666,754.0611333333334,768.3007500000001,750.0516666666666,727.8007333333334,722.5828833333334,704.9849999999999,735.7223499999999,749.0353833333334,740.5600000000001,722.4354000000001
2025-06-23,756.7661166666666,782.715,726.5833833333334,700.3384833333333,1554.1583333333333,768.9607166666666,770.1780166666667,709.8633333333332,683.8183333333333,659.3007,677.555,1546.3568333333333,1526.6966166666668,1325.1467508500891,1509.7317833333332,666.0235833333334,656.0866666666667,1480.0372333333335,635.5418666666666,612.1683333333333,1489.6782,646.00005,585.2833333333333,662.1409837350783,668.4300733384805,625.3467002529133,613.9163975419109,617.5635038605765,613.5780000000001,624.8810859973019,1435.7095821476257,1388.9773360422,1383.6305101599921,1432.6736422216795,689.1107999999999,0.0,0.0,0.0,0.0,177.15388927501775,0.0,349.55569543432733,311.0124103840875,251.03303134327365,185.91319096866528,292.67815485536164,0.0,0.0,0.0,0.0,0.0,0.0,0.0,0.0,0.0,0.0,0.0,0.0,0.0,0.0,0.0,0.0,0.0,0.0,0.0,710.6679426228692,668.6880253881853,656.1655217874224,682.0758190829364,606.3108380814448,0.0,536.8108622627431,0.0,0.0,582.0887796351957,0.0,0.0,0.0,0.0,71.89094067479664,199.13439705559222,240.53399528844034,0.0,0.0,0.0,0.0,230.72361305236927,0.0,0.0,362.90469299140676,1212.2218767663983,1265.2186515614328,426.7767988477077,434.83920672944134,464.7593999999999,548.1396051014925,596.6223723055209,655.9613189044048,724.4788291199279,790.8194587988439,847.4866268567681,920.0524544875269,951.3097933836116,977.0706802298844,1007.2465084373164,931.4159864291715,790.8356166666667,747.2375597928701,800.4583922465606,861.7272096651886,889.2366824310798,559.4177275605118,49.27954291485537,70.37985879553014,109.02584932895684,110.58259200294287,35.601638370475484,34.40544633083209,94.19499999999994,102.38243333333321,71.5390666666666,902.1266666666664,912.4875666666667,92.66926666666666,942.9449999999999,936.8764666666667,968.7382166666666,977.585,910.98615,824.6421166666668,705.2233333333332,653.7206333333334,651.2136333333333,690.0333333333333,1572.225978366869,767.5617833333334,91.38005802283621,714.29665,682.88465,667.1933333333333,708.22295,727.3855666666667,721.2183333333334,707.8078500000001
2025-06-24,731.0546833333333,743.6800000000001,708.00895,742.2520499999999,771.0483333333333,696.68985,698.84725,689.2416666666667,624.9376833333333,1460.7745166666666,709.9633333333333,655.7738833333334,649.8944333333334,700.1700000000001,656.6068833333334,1490.1011333333333,719.765,162.59779846225618,636.9999333333334,1496.6816666666668,665.1020833333332,657.2543833333333,1470.8946082818566,651.5988583010459,1464.3229238014283,1448.9594431589805,1429.4082336529918,1449.7354563200438,1500.8257166666667,660.7224879476267,608.0754199785537,1369.5169081122267,1345.5345200256975,1381.6448550034338,636.2525499999999,0.0,0.0,0.0,487.3642027329608,451.47768954112286,399.8523166666665,384.3099934655313,358.868965303127,302.5945328666889,300.6576393399978,1219.425134608896,0.0,0.0,0.0,0.0,0.0,0.0,0.0,0.0,0.0,0.0,0.0,0.0,0.0,0.0,0.0,0.0,0.0,0.0,0.0,926.3367304398136,922.8441578445126,950.2251725001576,466.3552180095651,963.2185098765434,903.9347333333335,874.9284035372355,830.4771506172837,842.2505630222659,851.0861071161594,892.8122976080248,29.298833333333278,0.0,0.0,0.0,0.0,0.0,0.0,22.880470398820307,0.0,0.0,0.0,0.0,381.58161357479696,1286.2148805013753,1381.5447012517166,1445.6942023350866,597.0766493774495,767.6637764993965,645.599052887803,712.076999810909,721.735127184825,809.1645043639503,796.4782002440759,816.6202899378268,893.7394166666666,905.8249728946835,890.30326763157,960.9700742177932,1039.106738184928,943.7849034156702,766.2424833333332,745.8270923452257,833.3957254271108,917.013333438735,889.8162869564128,547.8477720696801,900.2456666666666,876.3376117647217,82.59559567929261,132.9020343470014,75.96052425466803,57.83703037405189,80.37,56.84933333333322,74.98913333333337,133.2650000000001,109.5983500000001,79.36793333333321,916.5816666666668,926.5511166666666,959.3107333333334,982.1133333333333,928.2423333333334,856.3268666666668,752.2016666666668,749.1758333333332,1580.7008333333333,732.8549999999998,757.6700166666666,743.2962166666665,739.4666666666666,756.81365,784.1747166666667,750.8216666666666,39.94443333333345,715.9628166666666,706.61,697.6520666666667
2025-06-25,717.0508166666666,743.7433333333333,669.1747166666667,1483.6206166666666,1523.7116666666666,1542.4533166666665,739.8969999999999,696.5416666666667,665.4879000000001,715.4740333333334,734.8183333333333,675.6012833333333,632.6075166666666,667.0933333333334,692.2674833333333,681.5569666666667,661.41,1264.0137987784958,615.2043,633.9116666666666,1463.91565,1463.3192333333334,617.365,612.59039853125,620.1994396969671,1473.7647345660355,1486.5550119548075,1489.7739408090015,647.0516166666666,622.8995699769217,595.3856244342518,579.0601069197456,1361.8162502952555,1361.283569953091,619.2053166666667,0.0108088086961298,0.0,0.0,0.0,493.9228115735459,437.7501666666667,0.0,360.174125748544,317.56440155203586,270.65371578702934,940.4003827634151,461.655316666667,0.0,0.0,0.0,0.0,0.0,0.0,0.0,0.0,0.0,0.0,0.0,0.0,0.0,0.0,0.0,0.0,0.0,0.0023557532568929673,997.0857245148516,961.0377371372603,173.66317667189696,990.6560711795588,941.7050720202116,851.2918500000001,795.9368558088494,835.222545388649,225.9604375261833,760.4935393317871,759.1858542727567,14.17213333333325,0.0,0.0,0.0,0.0,0.0,0.0,0.0,0.0,0.0,0.0,0.0,4.781910149631585e-05,337.7211968265608,1259.6819209793723,1239.1506622211755,446.02691208429474,470.03165186852425,476.6675869275566,570.4764642652667,614.8865947082866,620.9753241469298,661.879184902811,714.5641505993897,754.6610681244812,764.0165988665158,818.5825287774505,825.4153980242336,936.1084784107779,867.5106879463868,714.9780166666667,718.7811768038855,784.3200742772094,835.6732135904817,865.7517832389965,39.539083441020125,39.31869999999992,51.4482776175372,75.26975049781743,84.62826500336678,30.840663058142468,59.6591188277838,110.69333333333316,86.53341666666654,79.1226333333334,952.2749999999999,580.6678833333331,865.7007,880.9633333333334,899.3891333333335,937.0890499999999,981.8916666666667,954.773,860.5364333333333,699.0816666666667,717.2348333333333,744.8219833333334,741.5149999999999,755.21095,751.2403666666667,753.7983333333333,709.9176833333333,717.1885166666666,729.0266666666666,712.6096333333332,722.7826333333334,726.27,743.7818833333332
2025-06-26,721.0808333333332,695.375,708.43765,730.3297333333333,709.6033333333334,693.4124833333334,728.7221999999999,700.0933333333332,656.1244333333333,655.1344666666668,701.38,705.6468833333333,687.0916333333333,681.7099999999999,1515.57355,1510.2857166666668,684.685,655.5432000000001,1484.4629166666668,1475.8316666666667,1453.77815,1451.6043833333333,1458.97,1437.1893408467397,1446.1337320762334,643.1218278198365,638.4833094406074,655.2511357197827,674.9758666666667,629.5784893327433,580.6996471316975,610.1543240002007,1397.2829279478728,1424.8560159454228,691.5577666666666,0.0,0.0,0.0,0.0,0.0,471.37451666666675,428.5349324647273,401.62354169823766,374.91429007612135,316.81358480130746,1159.977286608835,495.46232265837915,0.0,0.0,0.0,0.0,0.0,0.0,0.0,0.0,0.0,0.0,0.0,0.0,0.0,0.0,0.0,0.0,0.0,0.0,776.8145239359101,743.292289131792,699.741216231559,634.7857466557385,598.2878257961631,539.8391,480.3880557172131,534.4985257289867,589.2913297078005,0.0,183.78413758467312,0.0,48.0545274066601,83.57073368935971,93.23904696632826,111.41600714253298,82.43172038803425,67.29195000000004,1.5181443785650117e-05,1.1549247744824243e-05,0.0,0.0,0.0,191.5110177814987,226.09183568816763,223.36365920182334,286.98224284689104,985.5266204325069,363.7784043954292,449.16251666666653,515.0174615196553,567.2863612431696,645.2625822051431,721.4972741444267,775.6206965657203,818.2622166666669,877.8656037850697,890.0568848569669,929.7327894172516,1061.8146324274026,931.8587512361155,683.3011166666666,722.7061873831398,863.2103819015724,899.3226254076241,558.4625327358671,849.9130969781384,42.55614999999989,94.59899865686032,156.49370587259523,167.02571172583566,52.38635185664259,38.72527748009304,93.84666666666669,66.77944999999988,37.51208333333341,912.2216666666667,897.0356666666665,115.61075000000005,987.8750000000001,932.3191333333334,902.1711333333334,938.3149999999999,939.1144333333334,858.5957333333332,703.0150000000001,675.84325,707.3587,703.4583333333335,690.5524833333333,695.4446666666666,749.2466666666667,741.1316833333333,729.0831333333333,690.89,661.9058166666666,661.2843333333334,617.7316666666667,569.5628666666667
2025-06-27,519.7722333333331,1342.4283333333333,1354.035816666667,527.2582833333332,499.5883333333334,559.5459666666668,618.1075666666666,564.2149999999999,0.0,0.0,0.0011091535847509053,502.7973666666667,501.15596666666664,474.2683333333333,486.86674999999997,479.8560666666667,651.45248904505,474.45079999999996,485.5443000000001,484.67333333333323,0.0,0.0,485.16666666666663,488.3388357305544,483.51405878221897,477.13008743149754,457.9332714494897,451.84324215033314,446.8508166666668,995.6232635796121,1240.4346181279045,1256.6363692853797,397.69301945507584,1168.229374451919,0.0,0.0,0.0,0.0,0.0,0.0,0.0,0.0,0.0,0.0,0.0,0.0,0.0,0.0,0.0,0.0,0.0,0.0,0.0,0.0,0.0,0.0,0.0,0.0,0.0,0.0,0.0,0.0,0.0,0.0,0.0,0.0,0.0,0.0,0.0,0.0,0.0,0.0,0.0,0.0,0.0,0.0,0.0,0.0,0.0,0.0,0.0,0.0,0.0,0.0,0.0,0.0,0.0,0.0,0.0,0.0,0.0,0.0,0.0,39.31616589856492,15.066842910772607,83.67656658501164,88.03048766057202,161.42568378568006,258.396118973434,289.5236317774991,258.86191803296913,243.55424185363768,284.719404130996,364.7383273926348,400.6411524978282,397.81362852633856,453.2823333333332,0.0,0.0,519.8182575633538,527.3122839632473,408.14805686842783,0.0,0.0,0.0,0.0,0.0,0.0,0.0,0.0,0.0,0.0,0.0,0.0,703.5266666666666,666.9043666666666,648.4810333333334,668.03,669.1368833333335,643.4172500000001,567.6983333333335,541.6892666666668,537.9276833333333,551.9833333333332,550.6558333333332,574.8587833333333,611.795,546.5810833333333,548.5737166666667,593.6216666666667,609.8614666666666,580.4121,574.2166666666666,551.2248833333333
2025-06-28,585.8753666666667,617.5566666666666,0.0,507.1800333333333,531.2133333333334,522.5074666666667,572.2623833333334,578.0666666666666,568.7968333333333,549.0472500000001,250.092124724654,0.0,525.4761166666667,499.88,490.9783166666666,495.06381666666664,527.6233333333332,1345.4779166666667,517.2758333333334,523.2,275.27516666666656,0.0,491.165,507.7858660540838,485.78036048633857,469.1916861785557,650.4540987522327,465.7206482361714,486.6358666666667,444.3984214909942,1232.1420391160784,376.28365574151655,360.55910163470105,1149.6754207827044,0.0,0.0,0.0,0.0,0.0,0.0,0.0,0.0,0.0,0.0,0.0,0.0,0.0,0.0,0.0,0.0,0.0,0.0,0.0,0.0,0.0,0.0,0.0,0.0,0.0,0.0,0.0,0.0,0.0,0.0,0.0,0.0,0.0,0.0,0.0,0.0,0.0,0.0,0.0,0.0,0.0,0.0,0.0,0.0,0.0,0.0,0.0,0.0,0.0,0.0,0.0,0.0,0.0,0.0,0.0,0.0,0.0,30.620725141152434,81.5113174563038,133.71646618640602,128.4488814206229,172.05316893466863,193.36579476570353,250.60502040837548,264.33584252648524,236.27693382922843,221.10030000000023,265.5868687154831,332.8215686717014,392.40240749175007,448.1045192207682,440.6529145568651,432.8651166666666,436.6525757666792,433.15513829866114,0.0,0.0,611.9482889563138,0.0,0.0,0.0,0.0,0.0,0.0,0.0,0.0,0.0,0.0,0.0,0.0,569.9516666666667,570.6353666666666,623.2385333333333,680.7333333333332,655.9610333333335,619.3466333333334,567.5949999999999,563.9791666666666,580.6836666666667,592.655,587.3302333333332,584.7150166666668,655.759497295348,530.26605,519.8985833333334,530.5716666666666,548.4483,1409.8328333333334,641.415,7.096628686113109e-05
2025-06-29,783.9356333333333,0.0,673.0693,709.2957833333332,1579.7033333333334,748.4391,0.0,0.0,700.6939000000001,696.3892666666667,1050.994140745876,1508.9485,645.5247333333334,631.3883333333333,1528.3103,699.0971833333332,672.835,630.5383166666668,623.2290166666666,1467.3433333333332,1482.2730999999999,627.0247833333333,583.1566666666666,1488.1241174297706,1486.269664147796,585.1139993666598,583.1327984305395,614.2969214590441,1465.56115,1433.2041078365037,1410.4237834431178,1393.9965393139219,1353.8804694694668,1391.055072563775,665.8639000000001,0.0,0.0,0.0,0.0,0.0,0.0,428.63196203462394,406.55773790503383,0.00015255544491310502,247.56004162520094,1193.3171794285706,0.0,0.0,0.0,0.0,0.0,0.0,0.0,0.0,0.0,0.0,0.0,0.0,0.0,0.0,0.0,0.0,0.0,0.0,0.0,685.706336695694,696.4963753274556,0.0,206.7569337665112,0.0,0.0,748.8680513009755,908.3362393313658,1015.5993715800131,929.7762753665842,934.6158892746911,994.9597000000002,119.76246728279182,0.0,0.0,0.0,0.0,27.656866666666474,0.0,0.0,0.0,0.0,0.0,0.0,271.2603789081181,770.6409568168152,360.9421721163926,439.82067945649567,420.72986716086336,392.7306472261072,1333.7497592166733,548.0269116826439,612.4858776266184,619.1486466227616,671.1759755322944,756.4545286527764,818.0989463118024,869.181056755318,970.1248057855726,965.5550556105646,826.8462916795822,615.9700666666668,634.5149506161553,702.3992685831493,752.0634532493957,811.7447958830253,872.2091251762683,55.0219166666667,581.7739000317669,913.3017685368006,103.04397609347734,74.48062209919556,96.1187326423809,95.3399999999998,62.5632833333334,30.15849999999989,51.68333333333328,75.6339333333334,106.28330000000005,944.2933333333335,929.3334333333333,911.7488499999998,921.6716666666666,949.2031833333334,868.4953,679.2283333333335,671.4185,697.9632333333334,705.6316666666667,744.5978666666667,758.6203333333334,729.565,1560.497498752758,706.8967499999999,695.7016666666666,738.974,755.5693333333332,29.663454343599142,672.9101666666668
2025-06-30,1563.1416166666668,1581.6083333333336,677.1317,666.7214833333333,681.3883333333333,1496.7858166666665,1512.2980333333333,1499.15,1520.8172,691.7540833333334,649.1016666666666,581.4787333333335,1457.7875333333334,1536.275,644.99445,610.4739666666666,677.615,659.1495666666668,663.55435,681.3783333333332,639.5633833333333,641.9984833333333,662.8216666666667,632.1987159217795,642.0833793533974,1501.1433101415605,612.074937734118,616.6932948705742,668.1214500000002,589.608089089546,560.6007849955831,658.2854680538823,1330.9398871453768,1359.1449326858115,672.4550499999999,0.0,0.0,0.0,0.0,0.0,0.00012288518507830304,416.9267025633439,390.5628940766767,373.4432012806446,315.34303548649996,388.5036021056809,0.0,0.0,0.0,0.0,0.0,0.0,0.0,0.0,0.0,0.0,0.0,0.0,0.0,0.0,0.0,0.0,0.0,0.0,0.0,450.32971729845485,762.9026395287044,824.4671499038287,818.3479840197703,804.3314501697665,755.8467999999999,744.6336160247538,803.0267720474153,851.756003356498,807.4719320987657,854.5876771548509,132.4994333333333,0.0,0.00021008473686379148,0.0,0.0,0.0,0.0,0.0,0.0,0.0,0.0,0.0,0.0,1204.3291790215667,435.7684655958607,482.5944763139714,1057.9804485792397,453.6160295089393,500.4143708115148,621.0325008919388,689.9014890275109,736.9501074669298,736.0025353581415,731.3874641820387,750.9147833333332,798.0005877536491,849.703965830287,928.4313480953316,962.1767937860925,839.4184208807063,674.3134333333337,691.0188509617109,769.8329568601571,842.582341153416,869.9237136827993,856.64538288349,18.7664166666666,865.2196139871864,598.3319130664042,81.24880715093798,44.44836047161459,62.572117016773745,110.58358761886495,63.617866666666714,45.58963333333327,79.34833333333336,87.73771666666642,100.77658333333318,938.2716666666666,908.7774833333334,915.3303,954.2933333333332,945.8059666666668,836.71945,721.1933333333334,724.4884333333332,742.91355,709.9433333333333,709.9858833333334,721.2702,714.6733333333334,1536.2681889771138,716.0441333333332,41.691729595204556,693.42355,701.0538999999999,700.1683333333333,693.6008166666666
2025-07-01,697.5489833333332,691.4000000000001,683.3105333333334,706.9989499999999,701.4533333333333,1534.5692666666669,753.3169166666665,728.4333333333334,715.5982499999999,722.5809333333334,761.265,0.00016279566764734732,639.6945499999999,637.6216666666667,636.4912499999999,1483.18135,1521.1683333333335,1020.9072564936532,1480.9044166666667,1513.3899999999999,618.9247666666668,598.8554333333333,1445.9616666666666,592.8013724944628,1430.8737614970958,1460.8575170508752,1482.0011288593428,653.1489373154794,652.6299666666665,626.806322426658,1427.568060242626,545.4424502085282,1299.7558375739563,1349.101471377922,646.5389166666666,0.0,0.0,543.3366578547307,498.97220655904556,0.0,9.601018638250025e-05,339.74674400677793,308.2115373410835,286.94083552553633,201.13694805412968,1098.7903432414998,0.0,0.0,0.0,0.0,0.0,0.0,0.0,0.0,0.0,0.0,0.0,0.0,0.0,0.0,0.0,0.0,0.0,0.0,0.0,770.2545562097439,781.7926887945324,770.2255432311882,752.0405103395773,0.0,0.0,116.26446208861842,670.3278047634648,654.5851031249996,561.4438092592592,557.8114688986782,609.6125500000002,0.0,0.0,0.0,0.0,0.0,0.0,0.0,0.0,0.0,0.0,0.0,0.00013938962572979108,1142.74449953049,1176.800365674706,641.3836620330039,1236.6371486146884,415.6159875625028,414.1330363867037,498.13543270545824,562.9934668759331,597.5865521068873,594.5044204702353,606.5892312712454,673.4806833333336,734.2994875030356,801.9435839802161,902.5198359758642,939.3684834266764,847.1236670073695,707.934016666667,705.0177354116797,730.3097458644377,773.9182024366366,813.6026473782657,850.1002908258187,79.75828333333322,82.11487119321237,94.4483189012733,104.62299922395323,60.9606960081004,32.59816094874395,14.653333333333194,590.8009499999998,80.90974999999992,75.94500000000005,940.0884666666666,139.33345000000008,952.4866666666666,956.42365,951.0594500000001,933.6216666666666,906.562,817.8858499999999,706.4133333333333,724.9546166666665,725.8731166666666,674.855,706.4671,736.6028333333334,730.6916666666667,695.0521666666667,739.6432500000001,773.7016666666666,687.25505,692.8129,788.4599999999999,721.8796833333333
2025-07-02,734.8540666666668,724.5833333333334,689.9630333333333,710.0917999999999,724.8199999999999,715.2824333333334,1348.6655333333335,679.9949999999999,713.8050333333332,716.5293500000001,672.115,684.5711166666666,1491.0039333333334,1477.48,1500.8792166666667,689.8934833333334,693.9466666666666,657.34365,1485.7786833333334,1486.24,622.2566833333334,620.7528666666666,1480.2816666666668,642.7666941846272,654.869112872289,671.1940794972442,648.1527089680272,1460.0772899923825,1483.8013166666667,617.1220756268078,1407.982910597691,1373.6524941649889,1328.7431505249297,1356.4881115505043,638.18715,0.0,0.0,0.0,0.0,0.0,0.0,272.84303043375,0.002310728882065405,0.0,160.73252604507604,246.65637396036686,0.0,0.0,0.0,0.0,0.0,0.0,0.0,0.0,0.0,0.0,0.0,0.0,0.0,0.0,0.0,0.0,0.0,0.0,0.0,0.0,0.0,0.0,0.0,0.0,0.0,603.6819785152309,568.104049825193,576.4735447916662,617.7776758238049,713.1874134040141,736.0176166666666,0.0,0.0,0.0,0.0,0.0,0.0,0.0,0.0,0.0,2.6757099065299883e-06,0.0,0.0,946.8044290113166,885.5822829955838,341.64271115702456,424.1722757060703,501.8513489065441,546.1308499999998,578.2754973657758,613.6591101706691,685.7122997576713,726.1386602263901,716.4848733413287,714.1876333333332,746.6103973329841,823.4750822019319,928.2343467238435,957.4785878997158,823.3782503501378,690.7100499999999,731.4557912966326,833.3615007193233,848.852524875403,575.7416291517762,898.4279718149821,113.66305,73.75742948337609,62.734016666666435,74.33847105216148,36.501046223014214,58.67303918657353,948.54,140.29340000000002,83.10376666666673,85.99333333333323,895.5162499999998,53.215716666666594,926.2633333333333,917.1401833333333,911.5601833333334,925.7133333333334,954.7112500000001,915.2174333333332,788.48,731.3410833333334,715.6688499999999,692.0066666666665,740.5975999999999,757.14415,755.115,700.7969666666665,691.7761333333333,714.0649999999998,757.5318333333333,746.8361333333334,756.2383333333333,805.3389666666666
2025-07-03,803.5238333333333,747.7166666666667,739.8751999999998,709.3314833333334,717.8050000000002,726.0936166666668,734.6651833333333,698.8199999999999,753.33625,753.71415,710.24,1519.6687499999998,666.7031666666667,1499.27,1503.44515,689.1115833333332,682.4383333333333,662.7792333333333,1492.6132666666667,676.41,1460.33275,614.1780666666666,673.6700000000001,1492.1264500000002,657.2818166666667,687.6069811428921,665.881963453304,1313.2237017638286,1479.7745333333332,1445.824244801251,1434.6230075587564,1407.8766304274327,1351.4386023947486,1359.7561217991642,643.1500500000002,0.0,0.0,0.0,472.6072754555294,0.0,0.0,0.0,0.0,205.06437035824237,304.6723454315466,405.3083052183997,0.0,0.0,0.0,0.0,0.0,0.0,0.0,0.0,0.0,0.0,0.0,0.0,0.0,0.0,0.0,0.0,0.0,0.0,0.0,756.3798679012349,854.4966018087687,921.6008980740972,933.194976594985,878.2712431667213,820.8423500000004,792.7750708167664,681.6181246913583,645.5739500000002,642.9793460699244,627.3522617848391,0.0,0.0,0.0,0.0,0.0,57.84580002768707,0.0,0.0,0.0,0.0,0.0,0.0,0.0,1187.1460860455663,1296.4818873263448,560.1629106878919,477.8979389051483,1274.9731871283618,559.31485,588.0233468418031,567.6485621408517,585.7540079670684,667.4466939761097,738.4028378093251,797.3672166666668,856.8985483935162,859.5126579350876,876.9030948136069,948.0698682360646,882.7485590097438,717.6517333333333,722.152366888819,849.9413989258125,879.6964994569146,863.5430948793306,863.3876134796755,598.9047440115012,136.19834472049,139.327941682149,81.73430668824358,968.2266666666668,106.79254797383612,79.73833333333323,71.92823333333331,56.86685,69.80999999999995,65.64026666666666,61.82645000000002,924.41,954.4473666666668,972.8163,998.6366666666669,1002.6343833333334,876.0157166666668,745.0816666666667,723.8398666666668,772.9290833333333,801.4433333333333,773.0105000000001,726.9450333333333,773.5349999999999,787.5295833333334,760.7434666666667,695.4116666666667,793.5372666666667,731.6665333333333,638.91,664.9571166666667
2025-07-04,679.8916166666667,556.1617170156528,581.1133499999999,569.8255333333334,544.9383333333333,532.0327,549.5995,575.4133333333332,558.7328,541.0015,582.5049999999999,610.4034666666666,603.7225166666665,570.8766666666668,546.0184,503.09216666666657,497.18666666666667,548.5598,534.8358166666667,501.14500000000004,523.5424999999999,588.1987000000001,587.44,522.6011333333335,1331.02915,1068.3072076667775,0.0,0.0,565.835,481.5794906864818,575.9693063401928,1249.2746070441235,416.23393057081273,1207.360515429219,0.0,0.0,0.0,0.0,0.0,0.0,0.0,0.0,0.0,0.0,0.0,0.0,0.0,0.0,0.0,0.0,0.0,0.0,0.0,0.0,0.0,0.0,0.0,0.0,0.0,0.0,0.0,0.0,0.0,0.0,0.0,0.0,0.0,0.0,0.0,0.0,0.0,0.0,0.0,0.0,0.0,0.0,0.0,0.0,0.0,0.0,0.0,0.0,0.0,0.0,0.0,0.0,0.0,0.0,0.0,0.0,0.0,0.0,0.0,0.0,0.0,59.80309074139802,147.91757626230344,127.05652286651082,213.08640882233493,248.640834698685,238.11556666666655,212.77306650571228,225.43304813125098,251.39705862450353,327.5916108876596,425.6320578970775,441.32101666666654,450.4108562597362,0.0,608.1210586347547,404.1319033306551,641.5950877181763,0.0,0.0,0.0,0.0,0.0,0.0,0.0,0.0,0.0,0.0,0.0,0.0,664.08,634.6792666666668,651.5439499999999,744.9766666666666,727.6915166666665,616.32155,566.7016666666666,589.0562166666667,620.3037000000002,579.9216666666666,619.2430166666666,604.7944333333334,580.1183333333333,624.2519166666668,647.3987333333333,592.155,598.3649333333333,594.5280166666668,605.595,589.47705
2025-07-05,1326.1665639638436,602.8499999999999,585.693,602.8756999999999,633.9650000000001,609.7994499999999,0.0,588.5500000000003,594.2470500000001,582.49975,598.4166666666667,603.5073500000001,601.1505000000001,582.2266666666666,577.7370333333333,523.8675166666667,472.84666666666664,1395.9372833333334,577.45855,550.1616666666666,1265.037600617284,598.8898833333333,592.1400000000001,571.0519166666668,546.5957333333333,519.1733333333334,548.6884,0.0,0.0,485.4938074353951,1269.3107781132053,454.3212542815964,433.26231665274736,1241.8921343589714,382.0236664898316,0.0,0.0,0.0,0.0,0.0,0.0,0.0,0.0,0.0,0.0,0.0,0.0,0.0,0.0,0.0,0.0,0.0,0.0,0.0,0.0,0.0,0.0,0.0,0.0,0.0,0.0,0.0,0.0,0.0,0.0,0.0,0.0,0.0,0.0,0.0,0.0,0.0,0.0,0.0,0.0,0.0,0.0,0.0,0.0,0.0,0.0,0.0,0.0,0.0,0.0,0.0,0.0,0.0,0.0,0.0,0.0,0.0,0.0,11.713805374869827,76.74508333333374,97.67189427127575,141.7615371348399,214.1701058576665,299.3320595292696,287.9886353588486,244.65934999999996,240.25399600520416,311.26761767914525,388.80153805003835,401.86187383349016,391.42023173820155,420.5975666666674,491.5382011676426,550.8475375793568,583.3263858873138,667.2989757300061,674.6210780852514,193.0322140371183,0.0,0.0,0.0,0.0,0.0,0.0,0.0,0.0,0.0,0.0,0.0,0.0,743.2424333333333,707.8725666666666,659.5666666666668,700.0868500000001,680.71085,634.6266666666667,637.1136666666666,672.1041833333334,605.0183333333351,596.1804500000001,628.4982666666667,646.0183333333334,571.6987166666665,601.6946499999999,692.4699999999999,590.0336833333333,812.7238847833781,1639.6216666666667,0.000468825463713074
2025-07-06,818.1924499999999,826.4983333333333,794.8158000000001,764.17335,739.1750000000002,1563.97665,771.4033166666666,791.205,746.4326666666667,1594.4152666666666,814.7116666666666,756.7193333333333,750.3108166666666,797.9683333333334,802.6904666666667,742.4275833333334,704.7900000000001,1549.9542666666666,698.99825,682.95,1520.3477333333335,1545.4747833333336,1563.2783333333334,740.9001333333334,780.3472666666665,737.2465960326155,1202.9446376446056,1519.84215,1529.8616666666667,671.1938820066539,645.0654830897951,1429.4222118532302,1401.4135606240345,1434.2161707789965,652.4991666666667,0.0,0.0,0.0,0.0,0.0,0.00010278007869146677,336.99383392220244,309.96754374008196,0.0,213.22429878573962,280.60983002504213,0.0,0.0,0.0,0.0,0.0,0.0,0.0,0.0,0.0,0.0,0.0,0.0,0.0,0.0,0.0,0.0,0.0,0.0,0.0,794.9173623093305,806.961294267907,784.2521846672665,833.3333333333334,0.0,0.0,713.327013689499,713.0700677841307,793.2633435523877,781.7186787781376,855.2923785593089,453.0394831387377,1.0694768221242157e-05,162.2472041362796,166.72056892312162,225.74076897347754,264.6642952349812,299.2518333333335,0.0,0.0,0.0,0.0,0.0,261.0223487308498,1354.3654883262266,1368.3835701355615,559.5046742488386,598.5323964001522,596.9981443907182,588.8249404994467,690.3329651810524,771.9977907528684,787.7844241191656,830.638542993014,833.5571809399728,886.0263999029015,911.7748264370045,944.8143698866659,956.6254788614253,990.8030062559478,884.467690347095,686.6157333333334,742.104303574546,848.6853595860828,929.4330933960987,991.2631083313117,964.3761631574182,954.9433333333334,124.99249999999995,103.16444999999999,79.33999999999992,636.6591999999999,160.52898333333326,189.33833333333337,153.19661666666673,140.92860000000007,175.40999999999997,140.22926666666672,137.8203166666666,979.6166666666667,994.9403,976.99865,990.0366666666667,1037.27965,983.8225833333332,797.9983333333333,729.0899166666668,907.3951993827163,778.4283333333334,802.4198666666667,747.5677666666667,684.515,1609.364415020576,810.5787333333333,0.0,766.5818999999999,761.0218166666667,774.4583333333334,801.7688333333332
2025-07-07,794.7244833333332,783.9333333333333,744.9470833333335,1428.0161833333334,782.2166666666667,721.1613333333332,1542.7101666666667,1583.2516666666668,783.0513833333332,746.7499666666666,725.2683333333333,761.1426166666666,1611.8594666666668,1575.28,651.7014666666665,688.5562666666667,753.6516666666668,1579.9033333333334,700.8894166666666,694.665,688.0905166666666,740.9528166666668,756.3549999999999,710.4071166666668,1527.9956499999998,711.7216666666668,739.4180833333332,741.8790000000001,1507.8616666666667,1492.0767756155851,1491.0132182941525,1434.4562304882297,1367.367476387862,1395.1988736002127,664.7602000000002,0.0,0.0,0.0,0.0,0.0,0.0,0.0,0.0,0.0,0.0,0.00018486291835984048,0.0,0.0,0.0,0.0,0.0,0.0,0.0,0.0,0.0,0.0,0.0,0.0,0.0,0.0,0.0,0.0,0.0,0.0,0.0,648.3103139224196,716.4588743902128,0.0,714.5259989789139,676.9359931232576,616.5638333333336,0.0,573.7261800334969,150.4140250209203,0.0,0.0,6.8206000000002405,34.875252133682125,29.365672870761728,32.705105391890356,95.27022942334611,114.34397730220735,153.48591666666687,0.0,0.0,0.0,0.0,0.0,0.0,1149.6497699641418,1217.0842767003442,467.5649001897425,530.4148337385911,550.4240915994222,559.34795,612.3960201687008,653.3768501533999,640.3411047858417,728.9187131802963,789.295891241798,852.1241666666667,886.0736482900198,939.2764290095661,978.2240891648084,1059.5455666961366,969.335055823545,796.0700650177205,830.3722954071418,858.3027951887057,824.5007383730463,873.0936874396541,953.0664005409576,157.45912952131664,98.80408194894619,86.2606447980802,682.6333333333333,161.02529024709577,144.18653941765376,90.40166666666664,946.9114,125.3885499999999,171.49166666666667,174.9983666666667,155.76833333333332,974.7166666666666,975.1450833333333,994.3579833333333,986.4766666666666,1001.6493500000001,910.2787666666668,762.145,804.2802666666668,1034.0437343621402,839.7633333333333,822.21955,828.2099000000001,826.9816666666666,1607.73225,750.9309166666666,784.2383333333332,777.71425,840.0056666666666,943.6416666666667,112.18143333333319
2025-07-08,932.1443833333333,950.8533333333335,855.0663833333333,977.7975150205756,865.445,866.2276333333333,859.3398666666667,875.4916666666666,906.4721166666667,877.5302166666667,865.305,908.7515166666667,895.2521833333334,832.865,1700.0445833333333,845.4583666666667,807.2183333333332,1691.65045,1701.0865833333332,825.8683333333332,1651.5721833333332,1662.3169000000003,1696.9966666666667,1683.4433166666668,862.1051,813.9216666666666,814.7601833333332,1675.7378,826.7083333333333,790.316070982108,719.1179249663066,1517.0613299608774,1500.221143466389,1531.6817124251845,753.9087833333335,0.0,0.0,0.0,0.0,0.0,0.0,0.0,413.38814444133175,138.36733174787628,0.0,395.6768586595998,0.0,0.0,0.0,0.0,0.0,0.0,0.0,0.0,0.0,0.0,0.0,0.0,0.0,0.0,0.0,0.0,0.0,0.0,0.0,738.9347634491223,698.233918074665,697.17930003497,703.3548485989178,650.8914270322865,0.0,579.9198006549626,574.7089090775601,633.473323651716,629.7610076612926,674.3225670453131,327.2344752971266,5.773297797890564,29.660992620721828,0.0,54.89100531498116,79.25098813710406,0.0,0.0,0.0,0.0,0.0,0.0,0.0,1369.7262978270007,1423.1733598133271,613.5131652339716,608.6083694043895,641.149648893467,1202.4984646919975,855.7282181896026,833.383909407094,850.1710367545957,935.8873396384759,966.305650654562,954.3893166666667,1014.1709352768806,1090.8173525116677,1107.1071929681866,1183.0873388444854,1116.3344952848822,907.38725,871.2133907108821,906.9975958136328,1006.8904983574558,1104.6909821640538,1067.0054691402695,1063.3966666666665,220.09025007504874,228.95007782631785,211.14131876295767,235.80797842833965,281.95716324999296,259.81000000000006,795.9889833333334,285.40960000000007,309.34666666666647,266.4772166666668,243.10343333333333,1109.9683333333332,1129.9111666666668,1094.2530333333334,1059.4233333333336,1133.4115833333333,1078.14365,875.6099999999999,894.4025166666668,1787.7365079528468,937.5266666666666,270.0517277248609,893.1166500000002,838.8399999999998,885.5176666666666,953.4522666666668,936.5466666666667,902.0015666666666,911.9540999999998,948.6816666666666,914.5548833333334
2025-07-09,892.16695,912.2733333333333,865.4477666666667,857.84415,898.07,901.3222999999998,885.4454333333333,882.0616666666667,915.2803333333334,895.2146666666665,880.7149999999999,893.4336,889.0744666666667,855.1899999999998,1670.7536333333333,811.0307666666668,807.1266666666666,832.2268833333333,808.6541333333332,1625.375,1719.4292166666667,900.6782333333334,855.7766666666666,1678.6696500000003,893.9745333333332,852.8932626992821,795.4196499999999,790.8478,1646.875,1652.5075412108724,1140.401002370942,651.1412292053765,1472.4491282777626,1533.8787047836072,760.7068166666668,0.0,0.0,0.0,0.0,0.0,0.0,0.0,0.0002808175755717457,0.0,336.48240787887937,421.2474289420329,0.0,0.0,0.0,0.0,0.0,0.0,0.0,0.0,0.0,0.0,0.0,0.0,0.0,0.0,0.0,0.0,0.0,0.0,0.0,850.4841228395064,886.4071370370369,998.7794286120635,967.1129923865414,441.3445093174208,793.5716500000002,819.2092140641414,242.32939008591774,0.0,772.6496607065093,817.9484119012403,74.75284999999997,82.06748593694351,81.63970494687374,66.75455690440708,129.52034088617552,143.07664673341492,5.223017032562893e-05,0.0,0.0,0.0,0.0,0.0,0.0,1121.8050377402315,1288.3899869023048,572.0523725151113,509.04053683391385,492.0832896586917,605.3127610151109,675.4761775643876,725.6901309761454,782.2725856660338,854.6831050230923,922.6764177123115,970.7689999999998,995.8306542155478,1016.4506185966849,1070.3236845404892,1080.908098325181,984.2521434387994,828.8492333333332,892.7651102214729,950.6960262117701,977.9904255683841,1036.926205696456,1035.2474889941452,1080.3166666666668,304.08816666666655,272.4314696606681,219.46329043956632,186.1828833333334,783.3438666666666,350.7733333333332,297.5369499999998,254.19819999999993,297.3549999999999,279.3594166666668,258.7081999999999,1099.023333333333,1098.32145,1060.6761333333334,1042.8083333333334,1101.2822833333335,1033.1824666666666,865.7499999999999,1782.1130821360418,1001.4816000000001,222.55965730313946,939.3995500000001,951.3841333333332,893.0983333333332,849.7748666666666,896.8921166666667,935.7466666666666,903.8100666666667,868.6004999999999,894.2833333333334,945.0953499999999
2025-07-10,959.1893833333334,967.1283333333333,917.1651166666668,868.8884833333334,863.3849999999999,875.8071333333334,885.8323666666665,871.4366666666667,1755.5669500000001,874.1913,807.88,864.1656666666668,931.5414000000001,938.8366666666666,927.6105166666666,873.0934500000002,827.9666666666666,833.5919166666666,814.1919333333333,790.9366666666668,837.0562000000001,1687.11085,966.9299669917198,827.6209000000001,838.5490333333332,1618.1482626992822,761.5412,1639.3705000000002,829.4133333333332,757.958615831204,1531.1790418977957,1527.095655488501,1499.1201736256635,1545.5931427000805,785.09395,0.0,0.0,0.0,0.0,396.7424867441007,0.0,0.0,357.3261182414837,0.0,0.0,343.8946540235752,0.0,0.0,0.0,0.0,0.0,0.0,0.0,0.0,0.0,0.0,0.0,0.0,0.0,0.0,0.0,0.0,0.0,0.0,0.0,590.6280510415029,575.8155514318886,0.0,0.0,0.0,478.8599150908191,492.289849281859,48.724047909065575,644.0275277088122,629.0570245477127,680.1607708435382,0.0,0.0,0.0,0.0,95.18038355223302,129.81408414942484,0.00010117872783155235,0.0,0.0,0.0,0.0,0.0,0.0,1310.8686540451454,1374.4793459278926,619.6625376414435,605.2257424207592,609.8071121235703,757.5429691340438,691.2542997659293,739.2812237450025,823.7537825422912,893.1708690191576,940.5015109198023,985.9726833333334,1044.030913019476,1039.8038296625,1063.7297605507597,1147.2096735850732,1090.8670826331418,906.2219333333334,904.0762264598072,931.8495601079493,1002.1378484391186,1153.7519754223233,1149.2097500195898,1078.57,229.10390413624202,222.475218508392,189.92174952170672,196.93603101613223,250.09317634942283,250.75333333333322,241.72623333333343,245.91863333333333,841.7956614633558,312.1795166666665,262.5673333333333,1060.0733333333333,1126.06965,1153.3378000000002,1124.5866666666668,1130.8631666666668,1055.18925,897.8333333333333,917.9458,978.1748166666669,924.2133333333333,879.3362,876.2567333333333,897.2083333333334,896.2174666666666,911.9888666666666,918.9483333333333,898.3574,812.5378666666667,730.9433333333334,737.2111833333333
2025-07-11,726.5367166666667,723.2616666666667,1565.3591333333334,755.06305,0.0,128.18697167141374,0.0,0.0,733.1311000000001,700.0224833333333,665.985,733.0671833333333,0.0,712.4599999999998,731.6682833333333,718.3986333333335,681.0749999999999,680.09035,652.4307666666666,627.1650000000001,1445.8656692561135,688.63805,685.155,625.2203333333334,651.6962833333332,652.3232626992822,637.5843166666666,624.6550833333333,633.5483333333333,578.8885882444199,551.7118710274938,1396.5613598532,1349.9600726258002,1295.741639951345,415.82105,0.0,0.0,0.0,0.0,0.0,0.0,0.0,0.0,0.0,0.0,0.0,0.0,0.0,0.0,0.0,0.0,0.0,0.0,0.0,0.0,0.0,0.0,0.0,0.0,0.0,0.0,0.0,0.0,0.0,0.0,0.0,0.0,0.0,0.0,0.0,0.0,0.0,0.0,0.0,0.0,0.0,0.0,0.0,0.0,0.0,0.0,0.0,0.0,0.0,0.0,0.0,0.0,0.0,0.0,0.0,0.0,68.33839309625353,82.48215070776553,109.35188724912496,176.4406175826,180.27803066125603,234.0983615571791,294.7845428293698,407.8372867771038,438.2280018943807,337.26687905582605,389.86431173732757,504.7082257072536,557.6435613347797,558.6017013336825,617.6078965596846,671.34235,681.7884276215756,660.2089365709866,716.5900070335573,832.0450306102995,851.894642844536,839.5466666666666,0.0,0.0,0.0,0.0,280.870824632089,53.998333333333335,11.331049999999777,0.0,32.245000000000005,10.037849999999935,3.0139166666666597,858.505,849.5560333333334,809.4364,793.0833333333334,860.2143166666666,846.3312333333332,705.3366666666667,708.11005,1624.9092661653754,809.41,771.3942166666667,750.7503166666667,754.59,723.3047166666666,736.92575,783.84,73.15626940604591,728.0860666666667,742.7516666666667,744.6977166666666
2025-07-12,768.7259166666666,751.3753721285326,0.0,0.0,737.9433333333333,704.0659333333332,0.0,0.0,682.8670000000001,629.6427333333334,1494.52,721.39395,744.2285333333334,21.413333333333526,615.0591999999999,631.9615833333332,1525.9816666666666,719.4151833333333,659.4646333333334,0.0,606.4603666666667,657.4274,1345.098503388711,678.7304500000001,688.5535333333332,680.0165960326154,642.5934666666666,627.5877499999999,0.0011816555089766178,658.9557755823265,599.8990597222712,1370.9077614778957,1328.3759365731455,1285.6816186523727,376.92611666666664,0.0,0.0,0.0,0.0,0.0,0.0,0.0,0.0,0.0,0.0,0.0,0.0,0.0,0.0,0.0,0.0,0.0,0.0,0.0,0.0,0.0,0.0,0.0,0.0,0.0,0.0,0.0,0.0,0.0,0.0,0.0,0.0,0.0,0.0,0.0,0.0,0.0,0.0,0.0,0.0,0.0,0.0,0.0,0.0,0.0,0.0,0.0,0.0,0.0,0.0,0.0,0.0,0.0,0.0,0.0,28.201935229236035,83.41308781592704,35.443414469358345,110.34385737032471,227.76744999999994,229.60840219136924,236.81978661100766,346.14610211930653,453.3196472361384,417.12723069193447,360.56661666666656,434.74772491804646,492.93227814082513,507.20612111275994,512.8847342779563,579.9367931332429,659.7387833333333,699.4118935411942,692.4516936017542,722.9833461639801,781.6954068417414,788.4935908432745,783.545,0.0,0.0,0.0,0.0,19.547199999999975,21.79333333333318,10.922599999999761,7.905500000000075,329.78696203604727,35.93578333333335,10.53458333333333,798.0583333333333,797.4029833333334,794.0812500000001,796.27,872.6413166666669,826.7992333333332,692.8866666666667,726.94125,1629.3391500000002,755.7866666666666,1551.6395787324086,723.136,743.695,723.7837,747.3840166666666,804.0416666666666,757.7857666666666,781.7887000000001,888.1183333333335,24.97308333333342
2025-07-13,873.2512666666668,908.4150000000001,871.6862,865.9365666666666,883.5733333333334,885.6032333333332,876.1534333333334,828.4166666666666,875.44995,838.6479499999999,819.1283333333334,888.9633166666666,888.1810333333335,815.6000000000001,854.19675,880.1583833333332,808.5733333333335,796.6618833333333,793.60625,1610.17,769.2536,840.5109666666667,882.125,845.7188500000001,809.4579666666666,820.7383333333336,827.3409833333334,792.9901333333333,1582.0866666666666,1611.9836773594702,1580.0814889023854,1501.9223777809016,1344.1536601152075,1527.8391132046343,730.5721,0.0,0.0,0.0,0.0,0.0,0.0,0.0,0.002022201375439181,0.0,0.0,372.2712760728907,0.0,0.0,0.0,0.0,0.0,0.0,0.0,0.0,0.0,0.0,0.0,0.0,0.0,0.0,0.0,0.0,0.0,0.0,0.0,692.3268257727856,639.5457053350545,252.98853218800724,649.1012460233732,599.181372787198,459.14880000000005,509.9727295621117,0.0,0.0,0.0,317.726304355799,0.0,0.0,0.0,0.0,0.0,0.0,0.0,0.0,0.0,0.0,0.0,0.0,0.0,459.3715371715399,1252.3313559416501,535.4692492913979,463.10023333371157,499.6292895077697,639.1694821502956,626.0836760817317,621.402313840521,678.5355473384166,787.3863068956445,869.4529584269101,882.074401323229,960.5655314431186,1018.0738314974008,1049.5316623413503,1147.8955466628822,1102.718340764456,893.9199,867.9771223052371,949.3900906138623,1045.6911990609788,1062.8035376134885,1077.1952381403814,1104.095,236.66442573639608,190.74853511434083,712.7380492450678,247.97753332624222,237.53057498781766,203.37,270.36694999999975,306.73865000000035,304.975,255.15493333333336,268.9993166666667,1110.7316666666666,1073.3655666666668,1052.6508,1078.505,1075.4916333333335,998.2160333333334,943.3666666666667,924.4236999999999,944.9749333333332,921.8783333333333,939.1082,898.1505333333332,834.74,794.4361833333334,861.5335,925.5899999999999,899.8000166666667,871.3957499999999,910.3699999999999,819.3569333333335
2025-07-14,1678.2704666666668,926.9316666666667,916.79415,914.7519333333335,916.2400000000001,905.6013166666665,852.4164000000001,800.6916666666665,1731.7993000000001,873.1716999999999,831.0250000000001,917.7508166666667,941.2221000000002,838.3550000000001,809.3425166666666,849.5043333333333,1525.5559257668408,846.5958833333333,840.4475666666666,844.9633333333334,823.0104666666666,770.0329333333332,759.625,1644.2275333333334,842.3630666666668,818.5550000000002,1628.7239,802.8892999999999,807.495,777.863859231285,1556.8538823736749,1517.1887032220357,1475.180557801878,1494.809409600746,693.8069333333334,0.0,0.0,0.0,0.0,0.0,0.0,0.0,0.0,0.0,0.00015316409945853593,327.5813845047144,0.0,0.0,0.0,0.0,0.0,0.0,0.0,0.0,0.0,0.0,0.0,0.0,0.0,0.0,0.0,0.0,0.0,0.0,0.0,0.0,668.667856726748,717.4797714671837,682.3646556190711,0.0,574.6906,627.9193358221924,664.572315878436,662.4639962263876,325.263840182017,729.4396498100573,55.473483333333434,52.884331918278804,0.00014273488029483292,47.307621902146366,71.69903246791137,54.331157694704416,0.0,0.0,0.0,0.0,0.0,0.0,0.0,974.8251058923485,392.0275183390702,420.6871683226411,398.913308770664,416.78145326824017,452.9208333333331,554.9505632642608,623.2576502516855,725.1821200231553,799.4097609999774,845.3543504501508,917.5089,957.6346037437513,969.962903209195,991.4916515477878,1066.0623079352933,987.7278677990415,801.5593833333332,833.4753882760178,924.3673010040027,986.2247073540084,1042.7948381938045,1053.9032038309892,1051.2266666666667,235.97847330852028,219.94413733678118,711.1964070322485,241.60526666666658,254.0549022204574,224.85666666666668,242.32673333333344,232.96581666666646,273.4399999999997,290.6610333333334,210.47661666666647,1065.6216666666667,1079.7223000000001,1073.1827666666666,1080.9883333333332,1139.0211166666668,1040.0337333333334,884.3149999999999,860.2502166666668,983.1333999999999,1016.6633333333332,954.7293000000001,861.1954333333332,836.2750000000001,860.3711166666666,885.4988166666667,868.4933333333332,885.04785,867.3323166666667,900.5116666666667,826.6031000000002
2025-07-15,862.7610666666667,1760.9483333333333,903.798,870.9193333333334,850.5483333333335,875.79135,895.4682333333333,860.4299999999998,912.2485166666667,873.5938,115.24849695789442,868.1189666666667,864.6828666666668,1629.2883333333334,1620.29005,874.3347833333333,922.4383333333334,830.7160999999999,772.0668166666666,1616.3850000000002,771.6154333333334,1607.6693833333334,1632.0583333333334,762.2526666666668,758.5976499999999,792.7933333333335,1606.8829390667886,1637.0976333333333,850.8916666666667,795.9741342787349,718.485928821811,695.1242034782658,1505.214486370413,1526.519875578737,715.5865333333331,0.0,0.0,0.0,0.0,0.0,0.0,0.0,0.0,0.0,0.0,4.0775159163786157e-05,0.0,0.0,0.0,0.0,0.0,0.0,0.0,0.0,0.0,0.0,0.0,0.0,0.0,0.0,0.0,0.0,0.0,0.0,0.0,0.0,698.9294065928021,0.0,0.0,657.2078016211101,710.7558666666665,809.3812953818383,862.8169847813181,547.1071472032828,860.4456600201887,913.6994168458098,159.17516666666666,120.70829507820304,49.33234859420509,61.34038889352155,112.21148830167851,124.48783625090232,0.0009160354099861934,0.0,0.0,0.0,0.0,0.0,0.0,545.8577466905213,1189.7070249839894,427.1725615396291,428.1632210531933,482.6601842677836,556.4221830315707,590.9071843004657,663.9409157191157,742.4527305064875,801.3232705825349,853.6529739002697,901.943829572702,1012.6002056346823,1021.1948580530486,997.5486868920782,1155.1718748188025,1074.477709295555,844.0672166666667,819.159936391898,928.2456150456361,1013.9622448511009,1040.1826599290637,1065.9884514797393,1101.8733333333334,183.71376450415903,184.33957679863113,720.5484072788072,213.70930566395066,219.24930885847095,224.7399999999999,248.98593333333326,246.53816666666637,260.5533333333334,269.1635499999999,207.3868166666665,1036.8866666666668,1063.05175,1093.1948499999999,1101.0766666666668,1112.1061,1032.4278333333334,909.6566666666666,856.5530166666667,914.4064000000001,911.1600000000001,923.8737500000001,897.2078333333333,890.4766666666667,901.5971333333334,894.4435500000001,844.8399999999999,873.2562333333334,868.9533666666667,871.395,802.3394
2025-07-16,826.8962333333334,910.0550000000001,867.6845,845.3533,876.6333333333332,900.2197500000001,902.9603,854.8633333333332,859.6807333333334,861.0726166666666,13.968491149305033,847.0817666666667,856.1129166666668,845.3100000000001,1628.5455166666666,844.4281333333332,889.4883333333335,821.7183833333332,764.1248499999999,768.9883333333333,801.3693166666667,803.5007499999999,798.5916666666667,809.42195,788.3814166666666,1626.3216666666667,1611.6138999999998,1607.9527000000003,1591.0349999999999,1611.2789341477642,1552.739118161734,1408.8835905053056,1500.9754566433103,1507.0682174831686,718.7924166666667,0.0,0.0,0.0,0.0,0.0,0.0,0.0,0.0,0.0,0.0,2.171821995289008,0.0,0.0,0.0,0.0,0.0,0.0,0.0,0.0,0.0,0.0,0.0,0.0,0.0,0.0,0.0,0.0,0.0,0.0,0.0,0.0,620.4774140952567,661.1202954054679,687.0177370113936,0.0,0.0,602.7280246930906,558.1321777493017,585.193499696511,639.6463825762244,701.894054616842,0.0,0.0,0.0,0.0,0.0,0.0,0.0,0.0,0.0,0.0,0.0,0.0,0.0,1107.069139583897,1316.9622450980123,549.2651438460952,567.1897872830499,625.4114187659194,709.983241870496,700.0861540002114,732.0031007326902,854.9962781369454,885.1655675585208,893.1491800192043,915.0072559680185,909.9429222013719,985.9495222073276,1055.5596279409642,1177.437329640622,1107.0981708261977,918.5313342397719,964.3897187912816,1028.1485559408507,1017.0080874809335,1008.6397186392635,1052.230150724823,1039.7273333333335,134.60577878968002,206.79272136851876,238.1639153757286,200.17015476164386,172.32926999568372,753.7250026230324,208.6111000000002,155.85653333333335,207.63833333333343,215.13841666666656,193.33314999999982,1088.7066666666665,1080.1614833333333,1072.3113666666668,1084.1783333333335,1070.8067333333333,929.0047833333333,841.305,856.2501166666668,948.4631666666668,912.2350000000001,884.8538166666667,824.0789166666667,825.12,862.9247333333335,892.6988833333335,924.5,907.1997166666666,840.15125,837.9433333333334,806.0257833333333
2025-07-17,869.3608166666668,930.7883333333333,845.0900833333333,1637.4527166666667,842.6749999999998,835.7756833333333,802.1457,752.025,1667.9251,847.2949666666666,815.9633333333333,896.3061333333334,899.0553500000001,810.2833333333334,807.6660166666666,854.7324,845.3566666666667,1650.56525,816.7044666666666,826.7883333333332,790.6447499999999,745.9677499999999,1536.871666666667,1617.3447,1660.7746833333333,837.87,813.2660666666666,793.4079000000002,752.9016666666666,1612.20097086633,1197.5182903760135,647.4323453328736,1472.170288308797,1497.978695520441,707.4514166666667,0.0,0.0,0.0,0.0,0.0,0.0,0.0,0.0,0.0,0.0,3.157141912879524e-05,0.0,0.0,0.0,0.0,0.0,0.0,0.0,0.0,0.0,0.0,0.0,0.0,0.0,0.0,0.0,0.0,0.0,0.0,0.0,639.8151976185057,688.1386804925652,707.4953537416947,696.5172855202742,390.87153303780696,651.8653,645.4463871539422,644.4772637875235,44.85472742784256,697.7670183157875,690.3840589272644,0.0,0.0,0.0,0.0,0.0,0.0,0.0,0.0,0.0,0.0,0.0,0.0,0.0,382.90530998453926,417.0845878798151,437.52758312939625,1297.2624447405426,569.7878416654132,576.1520789266438,626.0004102443261,657.6572661915451,741.3285083712602,839.3882132799102,839.0270553394014,885.9539166666666,986.1436223521691,1050.112839351007,1023.8435428098102,1114.307256425458,1009.5700621782586,862.8108333333333,869.5128648138277,927.0601661295233,954.6778573370332,975.5119597400151,1057.9171717864006,1109.9873333333335,258.04398333333336,244.03481666666664,228.64180438549477,206.3868666666666,240.51235000000008,260.95333333333326,222.5421666666665,782.1232666666667,336.9383333333334,272.9698333333332,265.88093333333325,1124.8683333333333,1066.6489333333334,1037.1591333333336,1083.7366666666667,1077.5123833333332,986.5293666666666,956.4783333333334,908.0207166666668,915.4445999999999,875.2450000000001,931.9015499999998,903.9502000000001,851.0933333333332,846.14145,858.5894333333333,847.1983333333334,845.5891500000001,764.2941333333332,664.3116666666667,659.8530166666666
2025-07-18,690.8935500000001,687.2966666666666,681.7573166666665,696.77525,709.0516666666666,713.7972,0.0,0.0,679.53745,671.2828666666667,649.1,721.4387833333333,748.7328500000001,393.2932182515845,654.1054166666667,663.9560666666666,1486.27,649.1678999999999,677.3651666666667,689.1199999999999,611.7491166666667,0.0,642.6999999999999,662.2486,629.3082499999999,652.12,607.75325,603.8283166666668,615.6733333333333,654.227095917432,567.5722176879027,481.18169945968816,1300.599979819337,1263.3765417428071,0.0,0.0,0.0,0.0,0.0,0.0,0.0,0.0,0.0,0.0,0.0,0.0,0.0,0.0,0.0,0.0,0.0,0.0,0.0,0.0,0.0,0.0,0.0,0.0,0.0,0.0,0.0,0.0,0.0,0.0,0.0,0.0,0.0,0.0,0.0,0.0,0.0,0.0,0.0,0.0,0.0,0.0,0.0,0.0,0.0,0.0,0.0,0.0,0.0,0.0,0.0,0.0,0.0,0.0,0.0,45.02854114043498,87.37451342379154,186.44035531210898,74.40668985423895,54.19195616958086,146.1946493189887,179.26823557685577,215.0861864562488,328.8979890159832,437.4458907331906,411.7301478269782,308.3453166666667,302.6267132061951,354.75402569334807,410.89825135294103,521.688866115426,583.8405288037942,621.1412999999999,648.5987904817842,632.4689122769844,680.4327620283428,709.8700132738627,732.2193694488107,801.7850000000001,0.0,0.0,0.0,0.0,0.0,0.0,0.0,0.0,0.0,0.0,0.0,477.9515038279343,833.7986333333334,808.1875166666666,800.1633333333333,759.9303666666666,717.6022499999999,717.5883333333333,702.8627333333333,746.8458166666668,700.55,741.0644333333332,702.1222666666666,705.8149999999999,664.693,665.6280666666667,731.205,721.6521333333332,731.2470500000002,750.385,691.6187833333335
2025-07-19,72.84233067206515,701.3233333333333,711.8832166666668,698.94595,0.0,0.0,691.6267333333334,716.5099999999999,677.6506166666667,635.6042500000001,666.5766666666667,704.6783666666668,707.5356833333332,691.0050000000001,672.1707166666667,616.9037666666667,635.34,673.3540166666667,676.0015500000001,636.3966666666666,592.7816833333335,590.8719000000001,616.395,1492.1876333333335,620.3906666666666,596.3986478095587,614.4588333333332,597.1217017638287,571.3483333333334,567.7500431675287,529.6253555548788,526.379611276877,850.3485378437574,1256.6977257302049,5.0301923597217266e-05,0.0,0.0,0.0,0.0,0.0,0.0,0.0,0.0,0.0,0.0,0.0,0.0,0.0,0.0,0.0,0.0,0.0,0.0,0.0,0.0,0.0,0.0,0.0,0.0,0.0,0.0,0.0,0.0,0.0,0.0,0.0,0.0,0.0,0.0,0.0,0.0,0.0,0.0,0.0,0.0,0.0,0.0,0.0,0.0,0.0,0.0,0.0,0.0,0.0,0.0,0.0,0.0,0.0,0.0,0.0,19.06398753653093,74.21793972250703,110.31393833880111,167.16876452673534,186.26897360274813,243.4781719180005,291.4657505797935,356.23939707391906,422.69291545673576,402.32851852657836,374.4640400939813,481.82221085448293,525.6426874710278,483.85679240300556,544.3948180821383,614.4080093217372,585.2532,630.9069886913884,644.8371249482406,675.2417073363791,719.3953603502315,732.7790898314722,786.2866666666666,0.0,0.0,0.0,0.0,0.0,0.0,0.0,0.0,0.0,0.0,0.0,449.84797127343245,769.1066,773.0603,775.29,776.3603833333333,774.0073666666667,798.245,719.8213999999999,743.6209833333334,717.3416666666667,1528.3939833333334,862.5674148293457,699.57,650.06275,673.15125,726.2550000000001,738.2612333333333,752.2572666666667,843.6416666666668,10.531866666666701
2025-07-20,836.1573333333333,842.925,844.3095000000001,830.8818166666666,816.18,820.7091333333333,829.1030166666666,839.42,784.2548666666665,773.5978666666666,825.8016666666667,808.0222666666666,1656.3716166666666,923.1850549976906,800.5690666666668,764.71015,780.7166666666668,727.61885,791.9559000000002,803.3116666666666,771.2810333333332,786.1965666666666,811.7333333333333,1607.0074333333332,750.2537666666666,724.0066666666667,1587.0279333333333,1598.0313899923826,776.2333333333332,1548.8085485175345,1496.3955363672217,1442.7212651384643,1414.1834391791535,1449.77569649615,748.8222499999999,0.0,0.0,0.0,0.0,0.0,0.0,0.0,0.0,0.0,0.0,4.730876662506489e-05,0.0,0.0,0.0,0.0,0.0,0.0,0.0,0.0,0.0,0.0,0.0,0.0,0.0,0.0,0.0,0.0,0.0,0.0,0.0,0.0,848.153204415344,888.2540583333335,942.2963419376805,992.4142213342587,923.0268833333336,902.3864236127689,326.3843548010017,642.3388166666668,661.1034067901235,724.2466877279636,0.0,0.0,0.0,7.407568933359698e-06,0.0,0.0,7.30410000000029,0.0,0.0,0.0,0.0,0.0,0.0,1169.889648618783,500.5037030512551,401.49700602711187,1102.1046054817407,485.1302595061237,561.3571666666668,611.503933353465,625.6137209750547,713.9300054095736,817.474081546912,843.9512939123247,832.1282166666668,840.9363724010267,898.7240201096305,989.7499754439771,1056.749375035225,987.9725206425046,796.2479999999999,858.0963885932274,933.3002887319659,985.0294187686724,1003.562633842964,980.078392774803,1028.1213833333334,205.31701773161842,234.44682079752295,205.3540843393065,184.9782865073745,160.07213279717098,202.7099999999997,193.23895000000005,166.0052333333333,766.4899999999998,174.8672333333334,210.58438333333322,1089.4583333333335,1049.5262833333331,1020.4756833333332,1029.1533333333332,1011.85905,933.2738,873.365,831.0234,859.79125,787.5200000000001,851.1221833333332,866.0311333333334,805.6816666666667,778.9085833333334,809.2661666666669,862.2349999999999,932.1065,885.4336666666666,848.0733333333335,818.30015
2025-07-21,819.72535,823.2416666666666,867.5637166666667,860.8723,828.0150000000001,9.952616666666586,0.0,784.5266666666668,824.4706166666666,827.3273833333333,747.2362092735851,785.5221666666666,1631.8243499999999,1488.9812702305617,755.4790166666667,743.6454333333332,832.3100000000001,782.8280500000001,827.1546833333334,824.0183333333332,805.7929166666665,809.1056166666667,791.29,1572.8215500000001,1579.4300333333333,1598.5066666666667,1592.7187301199706,1555.5955166666668,1574.4566666666667,1586.829191090514,1562.565467415571,1468.4978883658873,1410.9937711857233,1455.5595611704146,764.40275,0.0,0.0,0.0,0.0,0.0,0.0,0.0,0.0,0.0,345.075285109555,71.84355498681447,0.0,0.0,0.0,0.0,0.0,0.0,0.0,0.0,0.0,0.0,0.0,0.0,0.0,0.0,0.0,0.0,0.0,0.0,0.0,0.0,704.1645932330772,796.5908202787301,859.2742542833595,837.252839506173,763.9346166666668,780.5797171911869,237.45467951206075,771.7719668100017,757.2385631907844,814.8313318807433,91.22191666666663,54.184883634202606,80.27560721569739,126.59424106684264,0.0,84.30926017169952,0.0,0.0,0.0,0.0,0.0,0.0,0.0,963.2927428879642,1346.3141111932773,557.9890322322765,616.5430838541931,720.7880427345195,741.160316402449,780.1659189640435,785.5291314393246,819.5615248089877,936.5268433393471,953.1105324878772,930.8347000000002,981.1188456234041,1016.8382470977409,1020.0366210336117,1069.7058401302515,1060.118114469809,904.03855,926.1104013523322,912.0343340265829,903.583770159742,973.8779055643466,1024.396265761937,1082.0416666666665,175.74576411160183,163.4295546998792,195.94666666666683,205.60536972740113,206.23777806730698,196.53333333333296,198.33118333333334,200.09918333333314,731.8466666666666,209.1266333333332,177.51104999999995,1088.8033333333333,1047.2943,1046.8069499999997,1046.4883333333332,1027.7037166666669,946.5271166666666,867.9116666666666,796.8741833333333,1669.2190500000002,889.4483333333334,852.5235333333334,833.5587833333333,849.3833333333333,143.69518333333338,814.8568833333335,808.7966666666667,829.7286,821.2167999999999,834.4250000000001,853.8178500000001
2025-07-22,808.5001666666667,769.6366666666665,1699.71245,874.9227666666667,789.1616666666667,778.0612,805.2728333333332,836.6050000000001,773.8776333333333,787.90755,808.8266666666669,844.11335,1681.56675,843.3583333333335,0.0,742.7802,1616.4966666666667,760.9229499999999,850.0960166666667,844.7549999999999,761.8954666666666,1597.95495,1632.3850000000002,722.1608500000001,1547.7,1603.8433333333332,790.757425634694,717.6944833333333,1503.5333333333333,1531.082926367229,713.9503910411225,1045.853872060141,1402.9730546598644,1425.8847560132044,746.6956499999999,0.0,0.0,0.0,0.0,0.0,0.0,0.0,0.0,0.0,189.2701553269418,1162.0604637070564,0.0,0.0,0.0,0.0,0.0,0.0,0.0,0.0,0.0,0.0,0.0,0.0,0.0,0.0,0.0,0.0,0.0,0.0,0.0,988.012348100188,974.6135784182621,998.2252452787301,986.2091078186401,390.4845211337307,731.10065,826.8811994646891,0.0,0.0,0.0,734.7788775514565,17.548383333333277,62.13184954387634,80.90316097233926,104.8351257418941,194.48714341045002,275.9276788066145,0.0,0.0,0.0,0.0,0.0,0.0,0.0,518.4400987757177,1229.8466948217376,1280.6202229265268,439.78338741844436,453.9551089087606,501.1207333333333,553.780396339797,580.8394764099486,600.7838074135951,750.9444829096738,816.6712773223715,834.9562833333335,875.9423049779645,964.3580417080253,1056.1970882216497,1095.4395205629276,1036.7976976727064,882.8387999999999,913.1310970450384,954.8598505470669,943.8257834016828,977.5526389909032,1003.7049676580604,1061.0166666666664,188.42448792038886,190.75944177750455,191.76440792116807,188.2979981201995,148.60410599865463,114.36166666666657,174.4527333333333,158.75609999999995,159.21861821197626,700.2458666666664,140.34345000000008,1022.9516666666666,1004.4710166666667,1042.3139666666666,1071.85,1064.8725166666668,968.6544,873.4350000000001,795.9418833333334,763.6952999999999,756.2899999999998,936.2567268740602,1689.4834,867.8066666666667,0.00018439867772256143,785.8148166666667,830.8083333333334,841.674,809.7053333333332,810.9316666666667,814.2589833333334
2025-07-23,763.9875666666667,781.3316666666668,780.7266000000002,810.12465,767.0383333333333,793.7439833333333,786.1279333333333,784.1833333333332,778.0675333333334,818.89255,827.2316666666668,867.2862666666666,858.4481833333332,831.3216666666667,769.0704000000002,1596.7163166666667,755.8933333333335,661.5865499999999,1555.2912000000001,1610.2433333333333,1621.7419,1076.1086473853043,1570.0316666666668,1645.6097333333332,821.2987833333333,780.2883333333334,1604.9037666666668,1576.2313840279235,1584.3116666666667,756.4426313373743,738.5851658344764,653.1688386185026,1417.2842931354612,1495.886147072949,835.07835,0.0,0.0,0.0,0.0,0.0,0.0,0.0,441.3616043681775,0.00016771593118392047,0.0,373.25142104003066,0.0,0.0,0.0,0.0,0.0,0.0,0.0,0.0,0.0,0.0,0.0,0.0,0.0,0.0,0.0,0.0,0.0,0.0,0.0,0.0,748.4489444322877,0.0,745.5820121219489,724.6232351796606,649.65145,704.0330730676227,571.6127309813015,445.4652934880095,544.999609876543,628.5352690200618,0.0,0.0,0.0,0.0,0.0,30.53372188447895,47.84892334568683,0.0,0.0,0.0,0.0,0.0,0.0,515.0564340701283,1399.8655927900534,1240.1451611860953,649.9006612318296,692.2218325449925,732.4348685827563,799.3716582503566,829.4548395276446,919.5968662943283,866.5999348474209,880.3620318785586,970.9287448398353,997.3061230494218,1015.1983811463522,1076.6592247448339,1144.9410108695197,1068.8732752894964,821.9463499999998,830.6098242946576,945.8966979397437,978.7113737824919,946.8854998178778,951.0410293033759,1052.4321666666665,153.51260844508033,138.49614846037093,169.9291061625156,148.2232939698606,133.32823720634872,181.99333333333334,765.1741474936375,233.30813333333333,172.81833333333327,113.01373333333345,83.51288333333343,985.3449999999999,972.7604833333332,1001.7685999999999,1007.775,1001.0662833333334,945.53,898.3666666666667,822.6805833333334,875.9043500000001,973.2933333333335,824.7083666666666,794.6263166666668,852.8399999999999,814.8736499999999,804.5226333333333,818.7866666666667,866.4386666666668,838.5775666666666,799.1600000000002,835.4090166666667
2025-07-24,811.8331333333332,802.0733333333334,773.1019666666667,849.3695,865.7366666666666,849.3335333333332,818.58985,818.3850000000001,760.13465,787.9878000000001,815.4950000000002,1611.4262,1585.2533166666667,1611.9033333333332,1577.791866666667,1574.1341166666666,1591.7227877840278,770.5511166666666,763.1797333333334,788.02,784.9317166666667,785.0404333333335,762.7166666666667,780.2605166666666,768.1538833333333,1593.1853144762254,1598.1935166666667,777.6329,831.255,732.8783674661547,657.596760211636,1461.541832822326,1428.9674808014279,1477.4484981430037,765.4232333333334,0.0,0.0,0.0,0.0,0.0,0.0,0.0,0.0,0.0,0.0,92.30481346707856,0.0,0.0,0.0,0.0,0.0,0.0,0.0,0.0,0.0,0.0,0.0,0.0,0.0,0.0,0.0,0.0,0.0,0.0,0.0,773.9895274102959,759.3864840034062,0.0,0.0,0.0,549.1293341331706,634.0437478261762,696.1811510645056,33.91123472317504,743.4093811413563,832.252184340759,104.67083333333335,131.79099025300934,157.39443266775606,199.32742306489763,215.84959630680532,194.5681477967688,2.6600807871091092e-05,0.0,0.0,0.0,0.0,0.0,0.0,1290.1115222871827,1353.850957507742,962.3523326239618,606.0036205680292,637.1685526898685,631.8616789282144,746.4192939462288,819.310179972474,922.7922325889317,925.8458703858391,958.4958142584098,979.7935893841516,1002.9849113056557,987.8710973187849,1001.3873344444754,1104.3781757322135,1042.1255593228186,845.8983833333332,839.6303065981301,898.695288028929,918.4832194593139,986.5133571626832,970.756774282589,958.1700000000001,160.60468160958885,196.0268151270376,160.77243949584886,159.93154127691514,156.8479166666665,192.0283333333333,212.64892170983785,207.11894999999993,196.9083333333332,729.0457833333332,181.43655,1004.8650000000001,1074.5357166666668,1042.3686,1011.68,1035.9340333333334,935.6674166666667,809.4716666666667,981.8278620322985,1679.1906000000001,872.9466666666666,845.6364833333332,834.5589666666666,862.8916666666667,843.4594499999998,822.8408833333333,813.1833333333334,927.8192666666666,0.16500758717149616,621.9883333333333,613.2828000000001
2025-07-25,627.4163833333332,654.3466666666667,632.7887833333334,659.4237666666667,658.5133333333332,702.7127333333333,679.7598999999999,0.0,0.0,121.95339761410543,620.6816666666668,657.7564666666666,652.9784166666667,656.6716666666665,589.1043500000002,595.8224,637.3433333333335,624.43055,603.3572833333334,613.2366666666667,594.7553833333333,578.3589666666668,561.5333333333334,1406.60435,1435.8838666666666,634.2833333333333,140.47591948026994,522.0357999999999,1414.9365339542132,554.7779596042683,513.2973954360261,0.0,461.41660604091044,1256.478044018757,0.0,0.0,0.0,0.0,0.0,0.0,0.0,0.0,0.0,0.0,0.0,0.0,0.0,0.0,0.0,0.0,0.0,0.0,0.0,0.0,0.0,0.0,0.0,0.0,0.0,0.0,0.0,0.0,0.0,0.0,0.0,0.0,0.0,0.0,0.0,0.0,0.0,0.0,0.0,0.0,0.0,0.0,0.0,0.0,0.0,0.0,0.0,0.0,0.0,0.0,0.0,0.0,0.0,0.0,0.0,0.0,0.0,0.0,15.10380555090444,126.25940626126726,197.79570926930603,194.87050136802702,162.97227179306174,252.73620915627816,321.62242412504526,282.29135046674526,262.1783833333332,329.8251865272296,362.72977663674703,412.1014620347364,478.1291942913226,601.4750648090205,629.0448666666667,625.2135587271134,634.5138096586452,640.7336290238927,655.2188505326772,666.776325145493,717.215,0.0,0.0,0.0,0.0,0.0,0.0,0.0,0.0,0.0,0.0,0.0,36.00227596967966,793.2018666666667,761.9112,718.5350000000002,741.5963500000001,706.7915000000002,691.4466666666666,678.9609833333333,715.3912,720.0483333333334,670.3540166666667,670.4570833333332,719.2583333333333,674.7396499999999,659.8336500000001,658.2333333333332,696.8502666666668,676.1022833333334,616.1566666666666,648.5427833333333
2025-07-26,626.6082666666667,645.5383333333334,648.7660000000001,27.36495682825796,600.6000000000001,656.8804166666667,693.3205999999999,0.0,583.0115166666667,595.5251666666667,622.4639165887128,1442.4482666666668,629.76255,0.00016089647602164726,618.7543166666668,609.7650333333333,659.6966666666668,595.3018833333333,611.594,628.9649999999999,1469.2990333333335,596.8391500000001,0.0,597.1569166666667,637.6758166666666,629.2233333333332,584.5529333333333,1418.137485097162,1030.6541514375574,591.7591309124982,583.3578453005847,528.2696439839226,452.29390707586197,1203.801792886348,350.65240000000006,0.0,0.0,0.0,0.0,0.0,0.0,0.0,0.0,0.0,0.0,0.0,0.0,0.0,0.0,0.0,0.0,0.0,0.0,0.0,0.0,0.0,0.0,0.0,0.0,0.0,0.0,0.0,0.0,0.0,0.0,0.0,0.0,0.0,0.0,0.0,0.0,0.0,0.0,0.0,0.0,0.0,0.0,0.0,0.0,0.0,0.0,0.0,0.0,0.0,0.0,0.0,0.0,0.0,0.0,0.0,21.126855976775687,36.40563785013819,10.703247141201473,49.460444298452785,64.28228333333311,95.0242921332682,185.60699200794102,243.53163232272402,268.4228897580856,239.58150241066755,264.6806333333331,307.2312696038744,356.02506206526976,458.19696221095217,487.90038289663386,556.73262081706,574.8555,608.3595681560029,619.1943338016978,636.4960948498673,703.1434889233781,720.1710404042964,197.28502155087506,0.0,0.0,0.0,0.0,0.0,0.0,0.0,0.0,0.0,0.0,0.0,746.445,796.0196333333333,764.0612,752.0600000000001,762.4664833333333,741.9062833333335,722.9983333333333,638.8922166666667,637.4518333333333,687.16,654.7448333333333,619.7464333333334,1473.595,1499.312408614418,1004.8645870370376,669.86,704.5168000000001,781.71455,22.518333333333317,0.0
2025-07-27,745.6391833333332,787.3900000000001,769.6550500000001,803.24845,833.9166666666666,1.5495283661051955,782.0793166666667,1555.9133333333334,724.6006333333333,793.0764166666667,788.6083333333333,1595.4016000000001,1567.7533166666667,1604.9883333333332,799.9793333333336,810.2124833333334,781.7616666666667,1590.0607833333333,1504.5825737650414,725.3233333333332,755.4825333333333,766.7873,782.3566666666667,708.6182666666667,739.6107666666667,798.3316666666666,780.7769166666666,725.5096333333333,716.7245333333333,1536.7426710230397,1532.3291653518868,1448.3985788633036,1367.6464601427829,1431.7268838474106,740.3816333333334,0.0,0.0,0.0,0.0,0.0,0.0,0.0,441.53897634576913,417.24009261007734,327.44680564816883,402.12717154141603,5.6201723850790586e-05,0.0,0.0,0.0,0.0,0.0,0.0,0.0,0.0,0.0,0.0,0.0,0.0,0.0,0.0,0.0,0.0,0.0,0.0,752.1953272020556,746.7109703016033,732.6186853884773,0.0,627.683636075545,452.67174999999986,506.6435309840688,611.7684335989882,587.8400838336597,698.1306134942729,752.6779898727524,0.0,0.0,0.0,0.0,4.5056889163674896e-05,0.0,0.0,0.0,0.0,0.0,0.0,0.0,0.0,684.317797556016,1263.3061275981026,445.3409742613492,464.05592719919673,469.7369656180715,555.4732148690557,620.9900091584615,646.7607305166063,629.002119096476,676.3509219239711,753.0292553006976,812.1353756945842,860.3725326980297,847.8675460271604,934.2464245376559,1074.9596310791367,1028.112791361013,842.5749999999998,818.8795853029751,872.344004254198,899.9380268520634,926.7272443418849,916.6623475373946,975.1233333333332,166.1287166666665,188.74824999999987,172.23000000000002,147.60095,139.33928333333336,711.9516666666666,194.76456666666638,178.55209999999988,173.26499999999976,204.4109666666667,220.53606666666644,1014.4366666666666,969.7009166666667,1003.7548833333334,1075.0033333333336,1042.7689,935.3828000000001,863.9233333333333,766.5455833333334,781.0057833333333,862.5749999999999,859.1146333333334,832.3167833333332,806.0533333333334,805.3928999999999,792.0274333333334,765.8333333333334,820.4671833333334,852.4325833333334,804.0783333333334,789.9272666666667
2025-07-28,775.5437666666667,795.235,758.0141833333334,765.2312666666667,793.5216666666666,827.8373666666665,834.71135,833.4933333333332,746.94435,738.2404,808.2000000000002,840.0371166666666,808.99725,771.2199999999999,754.9338000000001,758.1013333333334,1581.5300000000002,1578.38575,1610.363,757.8499999999999,788.6041333333333,739.9584833333333,1541.5366666666669,1565.62795,1367.2273707357301,709.6199999999999,1599.5794999999998,1594.8023166666667,1527.38,1537.9012145058155,727.8192185708434,662.7143681592859,610.0732208304173,1498.7525525990645,734.4327666666667,0.0,0.0,0.0,0.0,0.0,0.0,0.0,280.68072591014584,290.2269292511791,302.04433651631143,437.59520068704273,0.0,0.0,0.0,0.0,0.0,0.0,0.0,0.0,0.0,0.0,0.0,0.0,0.0,0.0,0.0,0.0,0.0,0.0,0.0,752.6153676487006,776.7645551465394,761.2841377397268,795.9197136490214,783.0407031624753,755.6188666666667,789.9063170998431,787.2399681179396,816.6092087752071,835.0481703703701,886.4708425826663,112.14696666666669,61.28472986019892,115.49202607774782,181.70129859787926,0.0,38.77921570214107,9.774814606799964e-05,0.0,0.0,0.0,0.0,0.0,0.0,473.70389526447593,1344.2446345848784,1219.272345290137,496.2493093579229,525.2362554929614,595.0565333333333,611.4317148442316,635.552272859971,715.3595348912351,794.6979132190809,831.4515376172338,817.1715333333334,869.7046986123271,921.479980495888,1015.5871636066668,1066.4387193100206,1001.7488403924597,881.4583333333333,817.0724974584155,829.3767694075857,877.0173567688804,956.2708930371261,1007.4820370010021,1024.3683333333333,173.48069999999996,176.36189999999988,159.74833333333322,670.0693999999999,158.10361666666654,205.56333333333316,153.41374999999994,125.98203333333322,171.30999999999983,211.59765000000004,183.65580260067088,980.4266666666665,1019.8282333333333,1055.2655,1038.96,1024.8658,929.4113833333333,827.95,738.5601,758.3970166666666,835.4399999999999,823.5934500000001,826.9249166666666,796.7816666666666,798.4573999999999,792.3984833333334,773.9899999999999,814.2300833333335,844.8617666666668,829.6266666666667,817.8225833333332
2025-07-29,800.1925333333332,836.9283333333335,818.5635666666667,5.321549999999888,859.9066666666666,856.7937,790.4875499999999,753.1033333333334,777.3718166666665,826.5622,794.9200000000001,1583.7659333333336,1571.6610333333333,1586.9166666666665,1548.8489833333333,1543.2622833333335,1574.3000000000002,1636.92875,826.4359166666668,796.235,770.3500333333334,1578.2184333333335,1259.0250013160457,774.2650333333333,772.8339333333333,725.0799999999999,720.0231333333335,1576.0962,1576.8000000000002,717.9417579902666,696.9211521541517,631.3415796419877,1397.811881353126,1446.0883274287269,718.5066166666667,0.0,0.0,0.0,0.0,0.0,0.0,0.0,396.44311127817053,373.8574617117122,276.3598415830378,358.1076187707363,0.0,0.0,0.0,0.0,0.0,0.0,0.0,0.0,0.0,0.0,0.0,0.0,0.0,0.0,0.0,0.0,0.0,0.0,0.0,1025.9192767434308,1103.6537233307317,1094.7131414837759,1060.8324759501334,992.8549827257431,909.8084666666666,882.2384976194272,669.7603869403787,637.8418598005592,669.7537690390394,750.5201972018431,0.0,0.0,0.0,0.0,0.0,0.0,0.0,0.0,0.0,0.0,0.0,0.0,0.0,337.89653113315535,1255.5628980809781,982.2062501181589,531.1337289047318,581.8523340996554,634.0236268217637,643.9851009991609,719.9244102649473,833.0137754117189,838.6110632649585,813.9642280610237,882.1709021301343,971.6511499366301,1002.1813597305858,983.922741958691,1035.0855907628784,989.6061592299851,837.7285833333332,835.1037905388299,908.8690555331498,951.4138333296073,959.1582630633145,954.7573433370678,984.8816666666669,651.2598166666666,154.77713337917407,198.6821573884655,188.24911666666662,175.4008,185.40666666666664,183.4177666666668,158.4397499999999,126.25166666666655,160.94201666666663,142.96978333333334,982.145,995.30185,1004.7093333333335,1012.7116666666668,1002.9588,935.56035,872.1400000000001,798.0019666666667,1646.5487874313724,864.41,813.6414666666667,119.79691618058834,816.8883333333333,823.2983333333332,849.3227499999999,848.8166666666667,798.7216000000001,791.4278999999999,804.9000000000001,785.5998
2025-07-30,761.0002666666668,1632.1516666666666,777.7012333333333,766.9878499999999,792.3,835.3114166666666,818.7969,1641.2633333333333,1628.8844666666664,793.7346333333332,747.4016666666668,785.1866833333333,757.4781666666667,737.1216666666666,757.8088000000001,769.2842333333333,737.5,1613.9013666666667,1612.2250333333336,1551.0516666666667,1565.0997666666667,1575.4917333333333,884.188042857656,733.2498666666667,738.2330833333334,756.1283333333333,728.0815666666667,742.0993184304953,1593.4916666666668,1534.3576393493622,689.2743781672265,685.2760273144377,624.4069373648791,1438.8987453353166,708.2444999999999,0.0,0.0,0.0,0.0,0.0,0.0,0.0,0.0,109.0122149223694,278.11087416149553,1230.801895204741,0.0,0.0,0.0,0.0,0.0,0.0,0.0,0.0,0.0,0.0,0.0,0.0,0.0,0.0,0.0,0.0,0.0,0.0,0.0,950.8353839125582,928.9342432599265,0.0,764.8778241167778,717.4589173781156,656.027116666667,632.1196284507715,604.7281700707684,616.3900634779619,645.8780241972867,686.0724139655764,186.25406186561344,0.0,0.0,0.0,0.0,0.0,0.0,0.0,0.0,0.0,0.0,0.0,0.0,833.2451077011909,1288.926980268326,476.560542730523,536.6062135427723,535.6145842856464,593.9071475457331,569.6749276981636,686.1985074718929,806.3759377155875,782.2238700043044,797.5319074327429,868.7597666666666,883.1867146262065,878.2343172638643,964.154798332856,1046.2516729226154,987.1945792217873,823.78325,851.3812440783411,935.8268786209798,965.3728729342157,954.0444272734528,988.450705482335,1030.5304999999998,180.9911896877835,172.7679333333332,700.8581369427815,197.07293333333325,188.54854999999986,148.73833333333334,161.94904999999994,157.8679666666667,161.18333333333328,151.18809999999996,137.26498333333325,992.19,1043.2213166666666,1031.7387666666668,990.5100000000001,988.71485,924.2018166666666,837.3983333333334,831.3988333333333,851.5789000000001,845.0516666666667,780.0862500000001,782.1603,809.98,760.0749666666666,1607.7506210448978,829.0633333333334,156.60452995363278,846.2904333333335,819.6866666666668,814.5568166666666
2025-07-31,807.4596666666666,827.6800000000002,776.7854166666665,802.4333833333334,835.3,791.1176833333335,1602.4511499999999,1385.1225844639525,777.37475,773.2509333333333,1611.9233333333334,794.3861833333334,751.8937333333333,746.5249999999999,765.0229666666668,767.9412666666667,1590.685,1601.3514,793.42015,759.4166666666666,767.6051833333332,1592.9536833333334,1562.2733333333335,736.7332166666666,699.6073628722888,1492.533598767298,1569.8546124288625,786.356656659049,773.2,733.4401149273648,707.7273544342339,647.4415913339212,1475.2895002229193,1520.1175209477897,784.5032666666665,0.0,0.0,0.0,0.0,0.0,0.0,0.0,12.213626795311303,271.04332029566785,264.8554051990551,372.21735239960117,0.0,0.0,0.0,0.0,0.0,0.0,0.0,0.0,0.0,0.0,0.0,0.0,0.0,0.0,0.0,0.0,0.0,0.0,0.0,744.8329290275876,714.3646311864267,657.6462054514918,659.4811207958636,689.0575777312303,690.1789666666667,651.4328629992838,667.5270442120978,715.314021678958,712.4368347367828,315.5472555656285,0.0,15.548199948616684,18.546771154921544,58.82762632392951,50.31743575664518,133.53391873349028,0.0,0.0,0.0,0.0,0.0,0.0,0.0,1080.549071243172,1230.7019587338496,362.8841002364046,401.22797539017427,540.474427751433,527.2417317735964,565.1772325535032,596.3233888569137,722.5720897542853,739.3808708500046,787.514662912814,873.0607833333333,918.0391940725107,923.2459012890706,954.90424156325,1049.700224059993,1052.8834941055509,910.22505,863.5269759944592,891.7411997147293,932.3240303154,905.1599655981054,936.7440220458982,987.99,157.03179999999998,168.94956666666644,704.8299999999999,142.6278666666667,155.68228333333332,173.60333333333335,139.59818333333317,128.00901666666653,138.4333333333334,153.88476666666668,142.51711666666665,966.7066666666666,977.2785666666665,1006.1644666666668,1039.06,1008.5980666666666,933.40585,867.7983333333333,819.3851666666666,829.6593833333334,832.0133333333333,766.5620833333335,742.4936666666667,817.5749999999999,829.2350833333334,824.4183000000002,794.3000000000001,774.8530666666668,724.9145333333335,627.1350000000001,621.8890833333332
2025-08-01,635.7213833333334,429.6599818559975,622.3636833333333,635.1038833333334,653.3616666666667,0.0,623.20795,657.2750000000001,1460.5854333333332,603.1791666666667,582.4166666666667,1208.2083255631273,1465.5461166666669,627.8683333333332,8.27938671213385e-05,606.9821666666667,575.0833333333334,0.0,618.8926166666668,584.7033333333334,628.5627166666667,0.0,512.9883333333335,587.4096833333334,588.5099333333335,559.1883333333333,561.334795217177,596.9071833333333,581.6566666666666,555.0734525847546,514.4187879008447,429.4695446838269,1268.6748115343298,1233.259366642147,215.42337679511388,0.0,0.0,0.0,0.0,0.0,0.0,0.0,0.0,0.0,0.0,0.0,0.0,0.0,0.0,0.0,0.0,0.0,0.0,0.0,0.0,0.0,0.0,0.0,0.0,0.0,0.0,0.0,0.0,0.0,0.0,0.0,0.0,0.0,0.0,0.0,0.0,0.0,0.0,0.0,0.0,0.0,0.0,0.0,0.0,0.0,0.0,0.0,0.0,0.0,0.0,0.0,0.0,0.0,0.0,0.0,0.0,0.0,0.0,0.0,13.385429111588223,13.249449349326255,97.9256681230737,208.55316839476944,261.2986425695484,231.4486205744226,188.90259260080705,287.73632202949034,346.30029569208443,431.5921911551831,425.478654851021,518.016758228916,614.6217166666667,615.6972545851625,638.6113556441628,702.258979010159,723.9600129047071,713.2023177640389,0.0,0.0,0.0,0.0,0.0,0.0,0.0,0.0,0.0,0.0,0.0,0.0,505.42958246946944,718.8676333333333,754.5851166666669,790.9783333333331,763.3883666666667,698.5409833333333,659.2466666666667,640.7664000000001,637.4665500000001,640.9416666666666,662.6354333333334,653.4828166666666,631.885,651.2724166666667,649.8022500000001,622.9366666666667,655.8488500000001,695.51095,655.2433333333332,613.9768333333334
2025-08-02,1413.4749500000003,1438.17,584.3388333333332,635.8361833333333,0.0,0.0,658.8696333333335,684.3133333333334,0.0,565.2153166666668,608.0133333333334,636.4174666666667,618.7223,1459.83,1474.4584666666667,663.3203333333333,0.0,0.0,592.28505,545.8299999999999,534.6064666666666,569.3153833333333,654.5533333333333,0.0,542.0022000000001,569.5316666666668,543.4954833333334,570.44945,593.6083333333335,575.6430342394086,530.2562974275029,987.2937848696401,1292.3812063215141,1256.4501640088681,0.0,0.0,0.0,0.0,0.0,0.0,0.0,0.0,0.0,0.0,0.0,0.0,0.0,0.0,0.0,0.0,0.0,0.0,0.0,0.0,0.0,0.0,0.0,0.0,0.0,0.0,0.0,0.0,0.0,0.0,0.0,0.0,0.0,0.0,0.0,0.0,0.0,0.0,0.0,0.0,0.0,0.0,0.0,0.0,0.0,0.0,0.0,0.0,0.0,0.0,0.0,0.0,0.0,0.0,0.0,0.0,0.0,25.105692467821086,99.84633187184977,134.18241871114026,222.3716646419182,220.52842447048613,253.08186422771996,321.10325730554183,354.7782133653835,331.02274475796355,282.00255287358107,355.5518733136666,389.2033685337093,430.1050944055235,454.7544780102041,506.0310145290581,582.4906666666666,572.324097718087,587.1134268543062,663.9031015937176,707.7254189384048,729.7833997239572,44.721722162113224,0.0,0.0,0.0,0.0,0.0,0.0,0.0,0.0,0.0,0.0,0.0,715.9033333333333,743.0696666666665,753.5627333333333,767.66,747.9099166666666,669.5728500000001,606.1283333333333,1474.4181703026875,706.817140448769,8.756983037846141e-05,685.7183833333333,682.4455166666665,637.155,654.7773500000001,672.2268666666668,619.2933333333333,588.1802166666668,1523.7471666666668,809.3333333333334,0.0
2025-08-03,764.1806333333333,788.8916666666665,760.8330499999998,805.4626166666667,857.4933333333332,784.0587833333334,805.5536166666666,893.0483333333333,789.6666166666666,734.6629166666668,1567.0750000000003,778.9587333333334,771.49565,737.2749999999999,781.92445,782.4569833333334,722.7049999999999,719.36315,1580.8190333333334,1566.9,744.5812000000001,724.5738,716.965,737.9204333333333,743.9475166666667,1611.9416666666666,759.8605666666666,840.2323882691031,766.0483333333335,712.363176803051,692.8521986513585,654.0543862310241,1415.1603873105023,1442.5950848046632,707.9296666666667,0.0,0.0,0.0,0.0,0.0,0.0,0.0,0.0,0.0,0.0,0.0,0.0,0.0,0.0,0.0,0.0,0.0,0.0,0.0,0.0,0.0,0.0,0.0,0.0,0.0,0.0,0.0,0.0,0.0,0.0,0.0,532.2836301425958,0.0,0.0,183.18769641571976,461.5546833333336,0.0,0.0,0.0,0.0,0.0,0.0,0.0,0.0,0.0,0.0,0.0,0.0,0.0,0.0,0.0,0.0,0.0,0.0,213.21341091421743,217.86045086690092,250.9164470547895,514.9470956314374,378.70004408046645,459.65531666666664,513.7434815511493,552.9102838499402,614.5957510381138,662.5446861985479,713.9715075836309,763.1163156137804,842.4316532056159,845.169705995905,897.0302807831386,1034.6469360324095,966.9082921323139,790.6240333333333,838.244968243213,915.9823230789173,916.4005878875173,946.8743666205929,1001.5076763144557,1008.4783333333335,131.65281666666658,136.86423333333346,680.6761230093555,142.26259787832453,134.48328333333347,119.79499999999996,100.0474999999999,110.67101666666667,162.11833333333334,176.03784999999982,145.78028333333327,984.6700000000001,975.6813666666666,982.1988666666666,1025.226666666667,1013.5111,901.2452499999999,776.5133333333333,761.1254333333335,1635.5732200244393,833.13,115.00000611353757,780.4191166666666,827.8000000000001,816.0009500000001,796.1692666666668,787.9399999999999,783.6067333333333,799.3054333333332,825.9816666666666,814.7714833333332
2025-08-04,776.4770833333332,747.4816666666666,730.5879333333335,755.9583166666666,813.0583333333333,1625.8514166666669,776.33775,1587.4833333333331,1579.2390500000001,776.7050833333334,776.8166666666667,799.41285,786.4017166666666,758.3333333333333,764.3085666666667,760.3888666666667,752.2633333333333,784.7112166666667,798.7520666666667,722.1766666666666,661.0438833333334,1484.3133666666668,1537.3633333333335,1563.7297666666668,1550.9420166666669,1574.8966666666665,1551.22725,1555.8852666666667,738.0416666666669,719.6501547664226,696.1189186129303,856.6905805344356,1433.1263400766884,1479.7575835317289,727.8481333333334,0.0,0.0,0.0,0.0,0.0,0.0,0.0,0.0,0.0,0.0,259.8012645366715,0.0,0.0,0.0,0.0,0.0,0.0,0.0,0.0,0.0,0.0,0.0,0.0,0.0,0.0,0.0,0.0,0.0,0.0,0.0,0.0,540.9793707519457,0.0,0.0,0.0,614.2334,647.823827744406,0.0,0.0,0.0,0.0,0.0,0.0,0.0,0.0,0.0,0.0,0.0,0.0,0.0,0.0,0.0,0.0,0.0,222.16067987996018,634.1637157918576,380.4741639418057,489.96249493789014,503.6397502852086,484.5991759153857,564.4311060578988,636.6620125080568,659.3589248262463,684.5950286356906,711.689360791816,735.7890100131178,891.642896254684,897.8817360177346,950.8482526807451,1120.2771782958116,1036.7828859127546,847.8788833333333,841.4945231091918,933.2660799280734,925.2733513041651,936.8895122535097,941.9550639543719,934.4449999999999,668.0189833333333,137.4289500000002,104.16833333333341,124.97282760683322,135.00874999999996,128.47500000000002,117.93443333333335,132.70053333333317,171.82333333333327,171.7793999999999,155.04206666666676,1018.0733333333334,1046.4325666666666,1071.669,1091.1283333333336,1032.56775,913.8640166666667,799.3433333333332,797.5212499999999,788.6884333333334,771.0900000000001,841.4551666666665,809.26915,735.8983333333334,1625.5507333333335,1015.1477129629626,852.9350000000001,817.6257666666666,0.0,797.5066666666667,755.5010833333332
2025-08-05,1615.6909333333333,847.8533333333334,0.0,731.2922833333333,1588.1000000000001,708.3399666666667,746.1847666666666,1634.2433333333333,1143.2525930271051,767.3714000000001,825.7133333333334,820.3127666666668,749.2515666666667,712.0399999999998,774.631,763.2586333333333,696.2583333333333,1570.9860166666667,795.7763666666667,771.9200000000001,765.8938666666667,759.3594,748.4766666666666,735.4846166666667,1559.0965166666665,1589.3483333333334,1522.2890133688118,1520.4431333333334,1560.1550000000002,698.3876809143015,680.5419578146538,1495.7701358671354,1482.6510899152713,1518.926423104696,721.9262666666668,0.0,0.0,0.0,0.0,0.0,0.0,0.0,249.55411191417787,229.59852959155103,0.0,231.7541441364541,0.0,0.0,0.0,0.0,0.0,0.0,0.0,0.0,0.0,0.0,0.0,0.0,0.0,0.0,0.0,0.0,0.0,0.0,0.0,0.0,0.0,0.0,0.0,0.0,0.0,534.5843121326083,368.9015711205358,0.0,0.0,0.0,0.0,0.0,0.0,0.0,0.0,0.0,0.0,0.0,0.0,0.0,0.0,0.0,0.0,279.64772332948587,873.7249117005854,350.19772418026344,404.6900247116241,486.31533957230147,565.6159152099804,525.9533301769086,557.4571145236555,676.4024013893552,728.6632466426453,781.9968573843671,814.380015898646,789.1739434667497,833.5297874609698,982.7497845864377,1052.383124396818,931.3062935076349,805.2895833333333,873.1212593512621,915.5626598740226,894.4939421858246,933.2366213429013,1027.9937791469827,1068.6638333333333,164.10396666666668,155.1560166666668,187.10666805555547,162.43529999999998,129.90940000000012,135.73333333333323,135.22055000000012,122.45666666666682,666.3516693639361,190.44703333333325,183.23034999999993,984.2000000000002,943.6000666666666,937.9518833333334,995.705,1013.1841,914.3912666666665,759.2566666666667,753.42245,807.7397166666666,840.4099999999999,841.3953,812.6016333333332,771.505,797.1416833333333,802.3066833333332,805.3133333333333,796.0817999999999,803.0486666666667,809.0016666666666,786.3566833333334
2025-08-06,743.4287333333334,743.2816666666666,763.9506499999999,813.6580166666666,842.7683333333333,810.3505333333335,753.5039499999999,1567.38,1582.0849166666667,770.0692333333334,750.2066666666667,790.4101666666666,792.2726666666665,724.7800000000001,724.01705,761.37215,790.7633333333333,786.8020833333334,772.2012500000001,739.5300000000001,720.5250166666666,1564.5738833333335,1570.3400000000001,1328.6670885756366,762.8730666666667,788.7333333333332,1564.4529333333335,712.5606499999999,705.9449999999999,1535.9508747861037,1530.5579807970137,1487.9955194415343,1437.3219451392501,1434.6288739451886,641.0046333333335,0.0,0.0,0.0,0.0,0.0,0.0,0.0,0.0,0.0,0.0,0.0,0.0,0.0,0.0,0.0,0.0,0.0,0.0,0.0,0.0,0.0,0.0,0.0,0.0,0.0,0.0,0.0,0.0,0.0,0.0,0.0,0.0,0.0,0.0,0.0,0.0,512.5695212240738,0.0,0.0,483.1055928816544,638.8861142479362,0.0,0.0,0.0,14.469576473618417,51.947859953052784,51.223757440648114,121.69063333333338,0.0,0.0,0.0,0.0,0.0,2.2179390896326368e-05,1333.455796976878,1368.802315959164,587.9032738480333,629.963742366089,641.2335233269774,634.6443326562829,694.2271416464604,739.4353900803196,766.6735117642845,808.8953498457901,852.1671591167369,869.5285872672493,941.7734719545114,949.8613383761972,992.2886954303503,1089.735641673291,985.6261364037441,821.6294969665171,905.8781858625355,964.2188173505655,898.1412588409371,977.3340324885803,1040.0511049679703,998.4616666666667,99.32179999999994,92.82943333333355,633.5471011282032,140.22491454499118,153.14104999999995,139.19000000000005,132.2503833333334,145.1564833333333,144.3116666666666,141.0341166666667,143.8064166666668,1018.14,986.0583999999999,969.8160333333335,988.5416666666666,1017.0612166666666,922.8528166666667,780.8233333333334,801.90515,827.2238833333333,781.65,784.0858333333333,814.5145666666666,823.4266666666667,768.4008833333334,721.2555833333333,765.8599999999999,785.6437333333332,796.9526333333332,789.0049999999999,736.7216000000002
2025-08-07,1548.4500833333334,1599.26,769.1593666666666,742.03545,707.5466666666665,725.4566000000001,774.2224666666666,793.0633333333333,713.7924833333334,718.4223,1600.4266666666667,1619.78235,824.1397666666666,818.0266666666666,748.8989000000003,690.9791333333335,1557.6316666666667,697.7992333333333,1398.4528888808325,758.375,769.8462333333334,735.7862499999999,723.9683333333334,722.8385833333333,1564.2108000000003,1639.4883333333335,750.9005833333333,745.5074999999999,757.0646499999999,717.8337946268149,1515.40284965239,1472.3020765813742,1420.7802276753564,1477.0503849894278,703.9241333333331,0.0,0.0,0.0,0.0,0.0,0.0,0.0,0.0,0.0,0.0,0.000708973917937783,0.0,0.0,0.0,0.0,0.0,0.0,0.0,0.0,0.0,0.0,0.0,0.0,0.0,0.0,0.0,0.0,0.0,0.0,0.0,0.0,595.8694124146815,62.4954608987008,0.0,0.0,0.0,0.0,0.0,0.0,0.0,0.0,0.0,0.0,0.0,0.0,0.0,0.0,0.0,0.0,0.0,0.0,0.0,0.0,0.0,274.0304825456808,834.0340764648215,369.9529518698423,476.84748448408925,486.2860264526438,548.5406143876241,553.6474705443044,604.5684616758907,678.2973501062849,706.8846774960332,769.2121337863034,810.8192764316592,885.3718530843186,949.5917785584265,997.4816680574318,1077.7027263776931,952.4981924627094,781.1823666666667,816.9551065019896,886.2734970039181,925.0820867929017,988.2421815745159,999.7215303028896,953.4449999999999,152.31496666666658,178.16578333333337,152.71333333333325,148.5677833333334,167.08794999999998,169.78999999999996,159.22233333333327,156.40809999999988,693.5283333333333,181.00849999999969,168.90715000000023,986.4983333333334,980.0071999999999,987.7381333333333,976.2266666666668,1000.5160333333333,903.6162666666667,781.6366666666668,827.3066333333333,834.3165833333335,786.7733333333332,836.1867833333333,819.0032833333332,733.1233333333334,754.5661166666667,767.3317500000002,735.6116666666666,828.1928,795.22545,647.0183333333332,621.74535
2025-08-08,648.3699166666665,641.6016666666667,67.91108096122463,631.5573500000002,675.185,606.9797333333333,600.3949833333332,626.065,588.51215,614.0281500000001,649.4716666666667,639.0919500000001,602.77895,546.5733333333333,585.7695,586.6922666666667,592.3416666666667,1442.4449767869105,618.42455,0.0,594.9298333333335,581.5971166666666,577.865,560.0716666666665,565.6759666666667,653.1416666666667,593.1395000000001,578.95265,603.0083333333333,621.7490165169355,579.3706140495991,478.79372596531175,1263.4134927220393,1278.0444128140616,410.58226666666656,0.0,0.0,0.0,0.0,0.0,0.0,0.0,0.0,0.0,0.0,0.0,0.0,0.0,0.0,0.0,0.0,0.0,0.0,0.0,0.0,0.0,0.0,0.0,0.0,0.0,0.0,0.0,0.0,0.0,0.0,0.0,0.0,0.0,0.0,0.0,0.0,0.0,0.0,0.0,0.0,0.0,0.0,0.0,0.0,0.0,0.0,0.0,0.0,0.0,0.0,0.0,0.0,0.0,0.0,0.0,0.0,0.0,0.0,0.0,0.0,48.02166284475891,106.23745313414281,181.4551503738387,259.96445412082755,264.0301292389785,224.63010123705953,258.77629902696674,354.6369951339399,465.9882551528768,553.2966433840829,555.023611088928,560.0581,590.6045412833129,637.7356898664267,705.3517076900641,743.2027158249946,745.5641983702653,0.0,0.0,0.0,0.0,0.0,0.0,0.0,0.0,0.0,0.0,0.0,0.0,467.75052095331813,691.9900166666665,1527.6559489711933,738.6550000000001,729.6424666666667,0.0,566.82,1454.5039510346346,1493.917416666667,652.6716666666666,626.4541166666666,646.9345166666666,671.8957068286127,0.0,0.0,560.675,583.54565,625.4973166666666,618.3,613.6500333333335
2025-08-09,612.6890166666667,328.91212639217065,0.0,560.1800833333333,580.2766666666666,1266.3080633209886,629.911,664.055,0.0,563.4011333333334,621.8666666666666,622.5362333333334,596.0946833333333,582.1733333333333,585.0973333333334,569.6299,572.405,577.8194666666667,598.1763833333333,597.4683333333334,576.3545833333333,561.1960333333333,593.4883333333333,554.5907833333332,516.2136166666668,1416.7716666666665,1363.3792186485111,552.3764333333332,538.2533333333333,533.9577714314322,533.0772718446044,485.7162992489606,425.7371060379443,1260.393839208818,0.0,0.0,0.0,0.0,0.0,0.0,0.0,0.0,0.0,0.0,0.0,0.0,0.0,0.0,0.0,0.0,0.0,0.0,0.0,0.0,0.0,0.0,0.0,0.0,0.0,0.0,0.0,0.0,0.0,0.0,0.0,0.0,0.0,0.0,0.0,0.0,0.0,0.0,0.0,0.0,0.0,0.0,0.0,0.0,0.0,0.0,0.0,0.0,0.0,0.0,0.0,0.0,0.0,0.0,0.0,0.0,0.0,0.0,0.0,0.0,0.0,45.337693402229775,138.7026967100769,211.76623325200944,279.6287140172684,269.4714899660232,228.75079580712753,300.24172518504963,374.52653303664107,448.21281981057246,502.02966908960667,539.3184823724265,576.0402257978562,627.607483725038,659.7057021648336,718.5723121177615,697.3260104241239,723.2830757334192,0.0,0.0,0.0,0.0,0.0,0.0,0.0,0.0,0.0,0.0,0.0,0.0,583.7363484275785,697.6866666666667,695.7279333333333,710.5749999999999,654.0278999999999,588.0150500000001,610.04,635.9506333333335,998.0523578046871,615.4183333333333,596.1739666666666,575.64435,615.5266666666666,608.5622666666667,1460.7835166666669,1486.3883333333333,623.5547166666666,724.5302166666668,27.411666666666633,0.0
2025-08-10,697.57205,1546.2483333333332,1621.9649833333333,849.6009,811.7483333333333,784.0997500000002,755.4104666666667,720.3083333333333,741.6027666666668,759.8330333333334,716.8733333333332,1580.182866666667,768.9707166666666,741.4216666666665,735.6661999999999,728.6730833333332,731.5749999999999,1527.0362499999999,713.0693000000001,761.195,772.1607333333334,719.7479333333333,717.7383333333333,749.2764000000001,1586.5961,771.7016666666667,734.02835,728.5946833333334,723.4516666666667,1340.352827842833,671.567988917192,632.0019687629517,1437.2207367618803,1516.2819883431994,0.0,0.0,0.0,0.0,0.0,0.0,0.0,0.0,0.0,0.0,0.0,4.376143579065683e-05,0.0,0.0,0.0,0.0,0.0,0.0,0.0,0.0,0.0,0.0,0.0,0.0,0.0,0.0,0.0,0.0,0.0,0.0,0.0,0.0,498.00243245332024,0.0,0.0,0.0,0.0,499.04698192642275,594.3610604887828,606.0551716688746,597.4551242566107,663.183478942204,722.8198499999997,0.0,2.3321842412382665e-05,0.0,0.0,0.0,0.0,0.0,0.0,0.0,0.0,0.0,0.0,128.44496281808222,318.5994591249322,307.5443874181469,392.1741800301455,460.585493301566,510.8031155008108,552.3935611371047,638.7813559634964,736.8816359416396,749.2024259951162,764.2790453409893,829.3430441274265,930.2002624788015,956.2747805573932,1012.5663146025098,1084.3780565516954,1024.1103855744575,859.0527880568388,853.4926591100457,883.0845255348404,935.6872745981525,977.28263325201,1015.3797467985427,1010.8716666666667,157.0235499999999,172.1547166666668,169.50999999999988,177.70276666666643,190.552489486309,180.79666666666674,147.46311666666668,634.8891333333332,118.2116666666667,155.98108333333323,165.46793333333346,1001.9233333333335,992.4844499999998,1027.4312833333333,1022.6283333333334,1058.76525,957.6736333333332,847.885,834.4532666666668,1706.7048720033272,859.6083333333332,880.7906333333333,156.38781333518557,768.1783333333333,1581.09605,763.51505,796.185,108.60308333333342,787.6378166666667,798.2749999999999,800.8088166666668
2025-08-11,786.1474333333334,768.1533333333333,774.5600499999999,800.6469500000002,790.6816666666667,766.2966500000001,1583.5097833333334,1573.0183333333334,1560.0520500000002,766.4312500000001,744.625,714.7551333333333,703.4820666666667,714.4499999999999,992.6374396900397,758.0658833333334,716.48,671.2677333333332,1525.2870166666667,1576.9683333333335,756.2066833333333,719.7234333333334,704.9516666666668,721.7278833333334,761.1917666666666,788.9133333333332,723.6204333333332,670.2960666666668,1513.9716666666666,1510.6686769064518,1493.7061161006454,615.3114842247464,564.2794830878377,1480.9484475098907,755.1935666666666,0.0,0.0,0.0,0.0,0.0,0.0,0.0,0.0,0.0,2.416515610548231e-05,235.29966015849698,0.0,0.0,0.0,0.0,0.0,0.0,0.0,0.0,0.0,0.0,0.0,0.0,0.0,0.0,0.0,0.0,0.0,0.0,0.0,0.0,597.6650945920421,0.0,597.3438795080291,536.635255122458,0.0,497.67035079302184,0.0,0.0,0.0,200.30331978192476,0.0,0.0,0.0,0.0,0.0,0.0,0.0,0.0,0.0,0.0,0.0,0.0,3.141463409406242e-06,467.05414388257304,264.9505075441617,340.08707580914904,342.3193555846218,374.0734488998879,470.6668863993616,478.70964224827935,569.767007392636,680.5693748852489,653.7309150426491,708.1168594049724,816.955211353705,954.693978398981,935.2609164827738,966.9518287189395,1079.5123434642944,989.7549344223175,796.1265166666667,845.487228015977,880.2773799586924,893.4697377369952,961.4027530565285,1023.2869118994917,1000.0049999999999,99.32573333333335,84.1633333333333,102.05333333333328,642.0869,131.2117166666667,148.765,143.36698333333334,133.9254166666666,121.95333333333338,121.90434999999991,125.72113333333346,994.7566666666668,1006.6716333333333,1022.5348333333333,975.8683333333336,1011.7312833333334,933.2899166666666,835.1066666666667,805.7830666666667,837.83215,846.8616666666665,841.1183666666666,782.04035,786.1499999999999,817.0258499999999,837.60485,804.5016666666667,783.2365333333335,821.8756000000001,845.3933333333332,798.6630500000001
2025-08-12,781.2006500000001,821.7550000000001,792.86635,782.8544,781.0333333333333,811.0146999999998,781.2665666666666,740.7716666666666,725.1270333333334,724.8257333333333,693.6633333333334,1613.9066166666667,788.6088666666667,702.8050000000001,744.5720333333336,721.2273166666668,634.1166666666667,1526.43755,772.6045833333335,741.0366666666667,1553.8018166666666,1567.9120833333336,756.1533333333333,690.45815,1096.5141897119327,1551.7966666666666,1570.7486333333331,707.4408333333333,687.0466666666666,1513.050236196742,1484.5009380246472,1461.2478189589167,1421.916330639545,1485.591698434639,95.54164803334584,0.0,0.0,0.0,0.0,0.0,0.0,0.0,0.0,0.0,0.0,5.650463256756666e-05,0.0,0.0,0.0,0.0,0.0,0.0,0.0,0.0,0.0,0.0,0.0,0.0,0.0,0.0,0.0,0.0,0.0,0.0,0.0,0.0,0.0,0.0,528.1827247844285,612.974565620373,0.0,531.5336369007076,456.653336643731,518.2059550807184,21.50815368276119,645.6095228638277,0.0,0.0,0.0,0.0,6.849981353695966e-06,0.0,0.0,0.0,0.0,0.0,0.0,0.0,0.0,950.1985147792118,329.86494591408643,338.9596637224199,425.2869418826383,457.6347139972029,527.6208543992547,558.948381519607,619.6886451720709,660.6202465267066,738.5981704175239,798.6696204245211,784.9607166666667,888.428490888758,894.1159377837735,874.5717559228854,1005.5425666212068,983.8665744413445,845.3572999999999,831.8800584593922,874.7963598056899,920.8620310171481,952.7975826363189,990.6036970044053,1003.5166666666667,155.59483333333333,115.32658333333313,605.4233333333332,148.5119666666667,158.9587499999999,136.7066666666667,160.03866666666647,167.58108333333348,125.41166666666675,101.58348333333333,82.82133333333343,956.8166666666668,1037.7068166666666,1056.5661,955.1100000000001,1006.1833666666666,951.5206166666666,843.2500000000001,801.9054333333333,838.4002833333334,858.6699999999998,827.5106333333333,796.0123000000001,821.7583333333333,779.1635833333333,781.6843666666667,823.275,806.3789000000002,796.2657000000002,781.0200000000001,764.0496833333333
2025-08-13,774.6247666666667,796.5433333333334,791.1034333333334,796.5250833333332,920.9324581431323,797.1701166666668,788.1367333333333,738.1816666666666,713.9364999999999,721.7995666666666,681.26,672.0939833333333,688.2262333333333,707.7216666666667,763.3008,731.8670166666666,696.4533333333334,750.5700333333333,1605.16245,1597.6966666666667,766.3737333333333,719.83975,682.7083333333334,1561.1943166666667,1572.6145666666666,1517.8283333333334,1496.8989499999998,1491.1777833333335,1534.44,710.7441226844913,708.0206641055086,687.1054484513402,1461.0799225530404,1508.266130375615,0.0,0.0,0.0,0.0,0.0,0.0,0.0,0.0,0.0,0.0,0.0,9.666423730990326e-05,0.0,0.0,0.0,0.0,0.0,0.0,0.0,0.0,0.0,0.0,0.0,0.0,0.0,0.0,0.0,0.0,0.0,0.0,0.0,0.0,690.2641493486469,496.1884801958006,0.0,0.0,507.5524833333337,595.3789933296829,588.4060780702549,514.8389892823178,566.2070969736546,646.7162517841147,0.0,0.0,0.0,0.0,0.0,0.0,0.0,0.0,0.0,0.0,0.0,0.0,0.0,170.34317907913123,654.8148754382061,284.5194363610865,320.21590929816307,360.57413188310386,450.9263327052562,483.3551663837219,553.6637450873848,628.0637620540491,593.8156465921302,642.3269322871274,695.2639746443388,764.9710039797878,792.6581138062195,892.640384502258,1055.6876385919113,978.1025557472225,809.8223666666665,854.751893781857,937.4251884242457,970.3400463741831,984.8159982411827,965.0718292055175,906.1916666666665,99.76766666666663,113.76054999999985,609.3566666666667,111.1520333333334,127.61786666666683,130.24666666666667,151.62526666666645,150.4305999999999,112.44499999999982,135.75931666666668,134.4462500000002,981.5966666666666,1034.0691166666666,1045.4119166666667,994.0566666666667,1004.4735333333332,945.8528666666667,847.7483333333334,764.37725,784.5840333333333,838.7533333333332,834.2899833333332,770.2623500000001,758.795,780.9942999999998,801.6103500000002,794.3766666666667,776.8419833333332,823.2891166666667,857.8466666666667,803.2426999999999
2025-08-14,764.0967333333333,760.2016666666668,761.6898500000003,0.0,502.58368418558547,747.4708833333334,747.7704833333332,800.53,737.6642166666668,740.7305999999999,774.2416666666667,786.5854333333333,766.9567999999999,749.7266666666668,762.2970833333334,1568.6033166666668,1547.115,1564.6114499999999,1571.1400666666668,722.3900000000002,693.7394333333334,655.0736333333333,1500.3083333333334,1568.7623166666667,760.2240833333333,714.4749999999999,1485.14345,1505.4437333333333,1569.585,1204.6659266655495,734.8268131631901,651.3993079530834,1419.113003912184,1501.5996272730063,779.1969333333332,0.0,0.0,0.0,0.0,0.0,0.0,0.0,0.0,0.0,0.0,0.0,0.0,0.0,0.0,0.0,0.0,0.0,0.0,0.0,0.0,0.0,0.0,0.0,0.0,0.0,0.0,0.0,0.0,0.0,0.0,0.0,649.0691675617089,291.1693204978974,0.0,682.6967729601557,648.1035,645.538178175604,433.3227332457694,0.0,229.41104316649785,503.99292688815024,0.0,0.0,0.0,0.0,0.0,0.0,0.0,0.0,0.0,0.0,0.0,0.0,0.0,201.84542703770634,204.7643535990004,251.12212679859306,337.8609815979622,470.7044721160638,490.2469833333331,504.94281905847754,541.1265613236163,640.5804456529819,706.8214350038561,787.0495781654447,825.54627040734,892.1105603663137,951.241100790206,1045.1901953626489,1111.4437327705548,1006.4577823893304,828.0306570833329,845.9360467118598,899.5981371337546,972.4858392592547,993.2569480932535,993.9219569706509,951.7783333333333,94.4695999999999,136.2258833333333,673.818335823423,138.15181207010505,125.91075000000012,132.16166666666663,184.3051833333334,179.38574999999992,119.94666666666672,121.30523333333326,108.60888333333344,956.535,981.9995666666667,975.3704166666669,937.9066666666668,937.0621499999999,917.0948333333334,907.4266666666666,880.5531333333333,856.6481499999999,819.7066666666667,807.5724833333333,791.6547333333334,801.5716666666666,791.7906499999999,758.1823666666667,776.8733333333333,780.5346166666667,725.6606833333334,618.2916666666666,582.5884833333332
2025-08-15,1470.3319166666668,654.1949999999999,0.0,587.3290166666667,674.67,272.8570952731384,0.0,616.8633333333332,561.5839666666667,561.3892833333333,552.8216666666667,560.8402166666666,574.2122999999999,580.2733333333334,535.385,540.4377166666668,589.4416666666666,580.1788166666666,576.5484833333334,581.8966666666664,560.8100666666667,519.1960833333333,1380.3866666666668,532.5962000000001,554.2725999999999,604.0583333333332,722.4226139936279,502.7723333333334,509.93666666666655,485.6816230800006,1308.0248182311343,490.4419904635727,443.7406916173701,1242.1380728125541,0.00012999122641384276,0.0,0.0,0.0,0.0,0.0,0.0,0.0,0.0,0.0,0.0,0.0,0.0,0.0,0.0,0.0,0.0,0.0,0.0,0.0,0.0,0.0,0.0,0.0,0.0,0.0,0.0,0.0,0.0,0.0,0.0,0.0,0.0,0.0,0.0,0.0,0.0,0.0,0.0,0.0,0.0,0.0,0.0,0.0,0.0,0.0,0.0,0.0,0.0,0.0,0.0,0.0,0.0,0.0,0.0,0.0,0.0,0.0,0.0,0.0,37.33249500559032,38.30223489442915,132.1342595993874,214.82446639299303,213.9027664529424,216.13726119019339,232.2177337588833,325.7327359478323,376.0309206728549,431.87138697928236,478.41089129435335,538.5557012318652,616.5971855868512,643.0026912965852,230.5701809263088,681.2628289391585,702.6736937772737,728.2147553681641,0.0,0.0,0.0,0.0,0.0,0.0,0.0,0.0,0.0,0.0,0.0,0.0,744.24,731.4623333333333,683.5767666666666,654.9733333333334,714.5566333333333,715.3282499999999,706.8233333333334,628.7959500000001,629.9018666666667,672.9616666666667,651.8523166666668,630.4743666666667,636.1333333333333,598.7427166666666,555.4986166666666,587.6999999999999,589.76675,607.5674666666667,584.8033333333334,596.9909333333333
2025-08-16,611.5323,620.755,535.1486419918346,0.0,629.9316666666667,568.3233166666666,580.0558333333333,1434.5733333333333,539.2278,562.5981166666667,0.0,548.7229500000001,570.4226166666666,587.7933333333334,617.6221166666666,606.6434333333334,574.5066666666667,546.1258166666667,537.0566166666669,537.3449999999998,1342.7991267203256,516.7818333333332,414.06946985653633,0.0,510.02744999999993,553.7766666666666,533.4184666666665,788.6205687240962,1337.575,493.20871592500686,522.9362635526148,540.9410214865512,439.0952547372332,1205.052930388782,0.0,0.0,0.0,0.0,0.0,0.0,0.0,0.0,0.0,0.0,0.0,0.0,0.0,0.0,0.0,0.0,0.0,0.0,0.0,0.0,0.0,0.0,0.0,0.0,0.0,0.0,0.0,0.0,0.0,0.0,0.0,0.0,0.0,0.0,0.0,0.0,0.0,0.0,0.0,0.0,0.0,0.0,0.0,0.0,0.0,0.0,0.0,0.0,0.0,0.0,0.0,0.0,0.0,0.0,0.0,0.0,0.0,0.0,0.0,0.0,30.792187373359525,69.2214339648848,140.36070774184998,175.1026577381234,265.83666820495887,285.1913412849113,247.81373737553935,334.25534264304497,398.0361950244026,465.5371642445635,492.0298646701952,524.3589636813178,582.9254610491558,607.657566243999,624.8790040389716,688.6408253863492,703.3707397933764,716.1467447270968,287.28946139899847,0.0,0.0,0.0,0.0,0.0,0.0,0.0,0.0,0.0,0.0,0.0,0.0,768.0304333333332,791.0475833333336,740.3800000000001,703.1881166666666,656.8910666666667,639.5633333333334,641.27005,645.9685499999999,673.58,638.9416666666667,1389.3933635802468,643.0683333333334,0.0,591.3272666666667,581.305,1415.6393333333335,821.0304804876287,805.6433333333332,0.0
2025-08-17,747.2806666666668,766.1766666666666,753.1213499999998,798.5345000000001,818.7800000000001,745.1205000000001,746.0409333333332,785.09,1156.8595692002675,720.0018833333334,715.2283333333334,706.4208166666666,1523.1245833333332,1531.8633333333335,775.3448500000002,771.15405,729.625,724.7800166666667,1531.8533499999999,1512.7716666666665,1523.8755166666665,737.1811166666668,743.4783333333335,728.0446333333334,699.1336666666666,712.1700000000001,734.1019666666666,1565.4422166666668,689.2099999999999,717.5851915834739,1525.0777945485984,1461.6852892180696,1452.5646514767059,1535.811031415165,379.3554669821059,0.0,0.0,0.0,0.0,0.0,0.0,0.0,0.0,0.0,0.0,5.9180813991588366e-05,0.0,0.0,0.0,0.0,0.0,0.0,0.0,0.0,0.0,0.0,0.0,0.0,0.0,0.0,0.0,0.0,0.0,0.0,0.0,595.4433994718565,592.3020413991702,591.0569622230562,612.3134253157501,626.5069816500878,590.6360333333329,330.1681883942888,0.0,0.0,0.0,0.0,0.0,0.0,0.0,0.0,0.0,0.0,0.0,0.0,0.0,0.0,0.0,0.0,8.945405944871254e-07,116.5056784742169,251.58089487738863,351.7175090707309,372.95537390859954,429.6230645617677,540.9414999999998,506.814043320114,522.5085909093269,600.8077567240406,681.5308324528974,761.7263067035022,791.6746068593661,867.1641667205365,871.6163718708226,965.1526027761158,1058.8225905538384,955.3835411030436,805.1587999999999,828.0664562245413,891.8546769933105,924.0471590476741,953.8425534045044,975.0037630718714,967.9333333333334,142.59464999999977,152.91771666666648,170.36333333333334,140.73398333333353,121.48528333333331,127.76833333333343,140.5087666666667,159.43791666666664,690.5766666666667,192.87644999999986,176.6903000000001,991.0216666666666,982.1865166666668,979.0915333333332,964.5116666666668,1000.7178166666666,891.1846500000001,749.4383333333334,810.8807,857.8519500000001,810.8333333333333,776.0473833333333,792.9732666666666,836.9749999999999,781.5574166666665,752.4572333333334,796.3483333333332,791.3699166666667,803.6282666666666,800.92,767.7994166666666
2025-08-18,778.5039833333333,818.9416666666666,0.0,566.6814218672371,826.5933333333332,841.6318666666667,798.7207333333332,720.505,733.3262833333332,756.4476,704.7416666666668,676.3993,1532.3396833333331,1562.6966666666667,1545.6328666666668,1522.2622833333335,1550.7666666666669,1584.3920000000003,755.0187833333333,740.3533333333334,1573.9904333333334,692.2489166666667,1328.9682787231136,1515.5466500000002,1558.0724833333334,737.9216666666666,702.8719833333334,700.4567333333333,683.4849999999999,1501.7723785822054,672.0674203519454,674.158160033869,1416.6121771574744,1442.0086057749654,600.5896411259905,0.0,0.0,0.0,0.0,0.0,0.0,0.0,0.0,0.0,0.0,0.0,0.0,0.0,0.0,0.0,0.0,0.0,0.0,0.0,0.0,0.0,0.0,0.0,0.0,0.0,0.0,0.0,0.0,0.0,0.0,206.90537165175544,0.0,0.0,0.0,394.76745299538186,387.4274000000004,369.2323560029464,0.0,0.0,0.0,0.0,0.0,0.0,0.0,0.0,0.0,0.0,0.0,0.0,0.0,0.0,0.0,0.0,0.0,416.4534921315626,193.59717726928523,278.0650918321444,351.70069546853233,370.0367880995667,413.41436541009136,428.772159113924,552.2998840774154,633.4287328681215,707.0161841284731,747.6585292923689,787.4873750414645,890.1738086410435,926.1598084256912,995.9049003855388,1094.9148236710037,1032.3757420240684,867.0845314010816,851.471289997411,933.2216226399065,993.8308997943655,916.824343465395,930.9755629790459,1005.3716666666667,141.54898333333347,149.0563333333332,211.22435783049661,161.32893333333357,99.8141833333334,636.1933360473224,160.48128333333318,161.37054999999987,110.13000000000011,134.33696666666663,134.26175,980.7066666666668,972.2251333333334,965.5407000000001,963.0266666666666,982.1472333333332,899.4877333333335,814.4683333333332,842.3295,859.5539,814.8683333333332,815.5592,812.06245,792.5500000000001,772.4794999999999,747.8173333333334,775.9683333333334,792.0351833333334,813.2183833333333,795.4150000000001,800.1424333333332
2025-08-19,1648.2905333333333,810.8316666666668,734.3508333333332,722.5834000000001,766.7183333333332,758.8045333333334,723.9274333333333,718.8416666666666,1570.5135666666667,730.7519000000001,692.1150000000001,745.2318833333331,777.7610833333332,721.6283333333332,1289.458788073391,1544.9409,711.985,770.3258333333333,775.4787333333334,756.9916666666668,762.5687666666665,703.0953999999999,678.9350000000001,1518.8209000000002,1522.87815,661.0933333333334,1496.8877166666666,1548.8063166666666,741.7449999999999,737.8828460028157,711.6166324462749,677.2954377036248,619.822025529132,1507.6450306810918,729.2370333333331,0.0,0.0,0.0,0.0,0.0,0.0,0.0,0.0,0.0,0.0,3.0439074529881816e-05,0.0,0.0,0.0,0.0,0.0,0.0,0.0,0.0,0.0,0.0,0.0,0.0,0.0,0.0,0.0,0.0,0.0,0.0,0.0,0.0,0.0,0.0,0.0,413.2151418641189,411.9752500000003,420.8588194387893,177.68465104764255,0.0,0.0,0.0,0.0,0.0,0.0,0.0,0.0,0.0,0.0,0.0,0.0,0.0,0.0,0.0,0.0,213.85288981521603,728.978839626416,383.37149925697804,469.36478826808275,497.7280802273352,514.5568833333333,555.0971231213899,648.0754292990827,688.1280219564248,718.6638328794895,732.8483622179583,739.4720333333331,820.9164777622943,887.8943914047393,1008.746253370062,1102.6359224162443,1028.5892372276048,857.9583688577087,821.0626580203727,897.186512337988,979.3553453937361,993.1948804663718,997.1940460696289,997.4133333333334,172.98878333333346,179.51746666666656,176.61910616251566,179.3157500000002,685.4629666666666,143.40140241007066,109.40598333333332,106.57423333333338,123.36166666666668,132.18743333333316,124.6455166666666,999.5966666666668,984.74785,952.22605,940.77,992.8594666666667,923.1565833333334,797.7199999999999,785.8899,828.4660833333334,841.1666666666665,800.4747166666667,780.8881833333334,762.595,759.7421333333333,767.4057333333335,799.0966666666667,755.5337666666667,747.8434666666667,750.1666666666666,744.74655
2025-08-20,738.0082166666666,743.0000000000001,1565.3695333333335,829.1488666666667,857.1099999999998,769.0146833333334,736.462,783.7833333333333,751.7899,708.5796166666667,1508.5783333333334,1522.743066666667,718.481,724.6233333333332,772.5198999999999,783.0039166666667,746.9999999999999,747.2534833333333,721.5929666666667,707.6749999999998,1551.2164666666667,1533.7653166666669,1538.1966666666667,1503.0519166666668,1531.7394833333333,1304.8934735678126,730.0497000000001,727.93145,709.955,691.7661451650142,1535.2360808764215,1549.7049313948235,624.395333500536,1522.6599042698622,812.4005999999998,0.0,0.0,0.0,0.0,0.0,0.0,0.0,0.0,0.0,0.0,329.02288038233274,0.0,0.0,0.0,0.0,0.0,0.0,0.0,0.0,0.0,0.0,0.0,0.0,0.0,0.0,0.0,0.0,0.0,0.0,0.0,0.0,784.9420761470129,0.0,731.9607390553248,684.5723973926112,702.7310999999996,676.0231941182373,591.4049507394324,537.7687697763183,498.58493647075613,534.691872899689,389.99774895642656,0.0,0.0,0.0,0.0,0.0,0.0,0.0,0.0,0.0,0.0,0.0,0.0,882.03577582024,265.1143675267533,272.9063101203517,380.8475919109911,424.2827759302571,425.1293086909765,458.25973055874715,549.2206481473564,607.9096699577302,625.7792790145071,687.5869278456812,713.8766666666668,809.5539763753654,846.9050386190122,966.7184325129715,1140.830424605222,1051.91238308563,805.9637666666666,849.7610193929124,956.8448496656548,960.9119212823427,996.4733997302678,1003.5333634755804,952.635,121.83459999999991,166.4931499999999,183.19333333333304,108.41353333333325,572.3740333333334,84.55499999999995,121.83529999999985,135.21996666666666,133.43666666666672,173.6333833333333,155.15155000000004,961.6766666666665,1002.5895999999999,1016.1931833333333,993.73,991.5107499999999,926.0947166666666,817.1233333333333,784.1536833333333,768.2063666666668,757.1133333333333,773.0306666666669,795.5805499999998,777.3650000000001,735.8975833333334,715.7767666666666,734.3733333333333,709.4716166666667,747.9307333333333,784.8183333333335,773.496
2025-08-21,751.2908833333333,774.2683333333333,789.0806666666666,813.53965,789.8066666666665,746.8908666666666,722.9353166666667,1529.8966666666665,1563.8925166666666,761.9092666666666,757.9566666666667,1588.7436666666667,743.5495,728.0133333333332,1613.4370333333334,734.5962999999999,1460.8249999999998,1503.1172333333334,1546.2095833333333,743.3966666666664,792.4291666666668,745.1637333333334,1527.8200000000002,1513.9595833333333,719.1086333333334,720.4116666666667,1451.8681808641998,1461.3129666666666,660.3000000000001,708.2407996270398,709.0262521919406,671.8475454897618,625.796271050548,1525.7080147393062,5.346219164802289e-05,0.0,0.0,0.0,0.0,0.0,0.0,0.0,0.0,0.0,0.0,1.4037071025541081e-06,0.0,0.0,0.0,0.0,0.0,0.0,0.0,0.0,0.0,0.0,0.0,0.0,0.0,0.0,0.0,0.0,0.0,0.0,0.0,310.4375011927068,572.3432003731792,0.0,0.0,558.3603291751759,599.5130499999997,0.0,0.0,0.0,0.0,0.0,0.0,0.0,0.0,0.0,0.0,0.0,0.0,0.0,0.0,0.0,0.0,0.0,0.0,260.37286225731646,1007.4148144029839,314.372681826252,371.18449277187983,393.3689510103237,364.18264999999997,412.55823500412157,523.5441778123245,573.1933257323717,624.9424320737345,709.4879521556513,781.6875000000002,853.081159610253,904.6219073474217,1003.2951269002781,1112.9485873918293,1041.9789266535984,886.4401666666668,825.2487209230392,890.5489545976,970.4854205458917,965.5518679627959,967.0112398824103,964.5666666666666,171.18248333333315,173.5599833333332,173.94666666666637,148.63291666666646,130.46651666666662,146.2876320673605,129.11325,124.1721,146.89499999999998,729.38435,174.34461666666675,1003.7616666666667,1020.3786,996.8686666666666,934.9433333333335,982.9810833333332,917.9613666666668,758.1433333333334,743.5377333333333,743.4440833333333,730.3083333333333,788.0071333333335,827.3770833333333,802.6383333333333,802.1706166666667,756.6883833333334,730.4233333333333,790.2992166666667,771.9858833333333,629.6450000000001,591.5094166666667
2025-08-22,594.66685,615.5816666666667,635.8129,661.8055833333334,0.0,322.1536840993057,616.2110833333334,643.0283333333333,579.5692333333333,564.9514833333332,585.4833333333333,573.4332833333333,1427.4166833333334,619.8233333333333,590.4786000000003,540.6845666666667,560.3483333333334,0.0,456.3424374917169,546.9799999999998,543.2325833333334,506.4169833333333,535.0333333333334,1152.4437264582018,581.0101666666666,517.2783333333334,531.1543333333333,560.95775,535.9433333333334,1382.9380040667622,1377.611819362015,512.1721161309292,500.13266835365994,447.23145024993215,0.0,0.0,0.0,0.0,0.0,0.0,0.0,0.0,0.0,0.0,0.0,0.0,0.0,0.0,0.0,0.0,0.0,0.0,0.0,0.0,0.0,0.0,0.0,0.0,0.0,0.0,0.0,0.0,0.0,0.0,0.0,0.0,0.0,0.0,0.0,0.0,0.0,0.0,0.0,0.0,0.0,0.0,0.0,0.0,0.0,0.0,0.0,0.0,0.0,0.0,0.0,0.0,0.0,0.0,0.0,0.0,0.0,0.0,11.25090236625988,67.55407485727528,36.62637042544975,61.40840956741772,163.45589920770624,258.2570895949806,287.77135325865606,273.957054032764,258.32379475138066,275.10434682265975,330.64636803016106,441.0439828959173,472.937255609405,525.5865468000546,588.2815507661803,576.7017774438182,607.325061568285,674.5640567862381,679.7101659817665,674.8595824954419,298.47965995254464,0.0,0.0,0.0,0.0,0.0,0.0,0.0,0.0,0.0,0.0,0.0,0.0,709.2518666666666,738.7630333333334,707.4733333333334,759.6654166666666,699.8146666666668,596.9566666666666,625.2284,640.7400166666666,586.3750000000001,570.9421500000001,601.5566833333334,628.2700000000001,657.3779833333332,639.3123333333334,616.5816666666667,597.08725,633.9392833333333,647.7883333333333,626.2594
2025-08-23,193.36180233333323,611.8333333333333,594.6209333333331,580.1137833333333,571.5516666666665,625.2096333333333,621.3213999999999,564.9816666666667,1400.91005,1422.5732,580.5116666666668,581.1966166666666,584.3445833333333,589.14,607.4350666666667,589.2191333333333,584.895,0.0,566.7231833333333,523.06,554.3112000000001,603.7425333333333,570.6983333333335,496.6801833333334,1315.970198074307,1395.3483333333334,557.9024666666666,289.3162797624682,583.2799999999999,541.952670534258,513.4550237132014,499.65973338322976,464.8950031468171,1288.3933706046207,0.0,0.0,0.0,0.0,0.0,0.0,0.0,0.0,0.0,0.0,0.0,0.0,0.0,0.0,0.0,0.0,0.0,0.0,0.0,0.0,0.0,0.0,0.0,0.0,0.0,0.0,0.0,0.0,0.0,0.0,0.0,0.0,0.0,0.0,0.0,0.0,0.0,0.0,0.0,0.0,0.0,0.0,0.0,0.0,0.0,0.0,0.0,0.0,0.0,0.0,0.0,0.0,0.0,0.0,0.0,0.0,0.0,0.0,0.0,0.0,45.0791313250935,102.07414485615129,140.64581620947035,181.59710662086002,281.98897185564203,302.6915456637717,195.79514956571074,268.91359854102853,332.5249421965204,379.294641175545,423.7562712550968,475.5120270818411,553.5405000000001,596.061563237768,632.9323732218919,699.7829916139128,736.2233029318082,592.7988965730266,0.0,0.0,0.0,0.0,0.0,0.0,0.0,0.0,0.0,0.0,0.0,0.0,727.5466666666667,731.8215,700.2696166666666,681.3266666666666,695.6895,659.1357333333334,626.9483333333334,1456.8201574998643,677.7035333333333,5.57584431817304e-05,611.9154333333333,596.8888,619.8266666666667,611.6358166666665,1468.4517921810698,617.64,0.0,625.9133666666667,1525.9696707818932,0.0
2025-08-24,733.1322,778.525,767.1840166666665,753.7240833333334,741.7333333333332,718.3600833333333,1572.0363333333332,1610.0300000000002,738.8729166666667,707.8659000000001,697.3950000000001,1569.68235,763.0161333333333,764.6266666666667,768.0663999999999,746.4929833333333,742.6933333333333,767.6405833333333,740.3695166666666,701.7516666666667,739.9752166666667,725.8171000000001,1483.8916666666669,1491.1004166666667,1528.40625,712.9450000000002,1467.9844219456631,706.827,715.0333333333333,714.2244006751264,673.1623878804677,641.9022492534502,615.5307464824668,1483.2563930153187,739.8533833333331,0.0,0.0,0.0,0.0,0.0,0.0,0.0,0.0,0.0,0.0,0.0,0.0,0.0,0.0,0.0,0.0,0.0,0.0,0.0,0.0,0.0,0.0,0.0,0.0,0.0,0.0,0.0,0.0,0.0,0.0,350.3100124741212,361.9374985545679,0.0,0.0,35.278190699111235,335.9684500000004,0.0,211.92083692061806,0.0,0.0,0.0,0.0,0.0,0.0,0.0,0.0,0.0,0.0,0.0,0.0,0.0,0.0,0.0,0.0,1167.396521738121,358.1824121622732,367.5958448151241,440.2903934741132,429.70654433058235,408.8842833333333,551.4832122552069,649.2994418864258,661.9877553746396,764.9189340196799,831.1429075979977,829.7923666666668,966.1648588084208,1015.894655122236,1032.4197549976157,1143.3654875754219,1046.5586596564444,824.3004000000001,841.3965621721921,940.6534938201042,995.4757023603051,1011.031818123622,979.193531215108,943.0516666666667,164.7695000000001,210.54439999999988,214.46333333333325,205.55615,147.82316666666668,615.5266666666665,99.44158333333314,146.40014999999994,170.36,148.9468333333332,103.26706602066474,942.8849999999999,941.6125166666667,946.1972499999998,988.1966666666667,1018.3109333333332,930.0942333333334,807.15,787.7973,780.0393999999999,728.9933333333332,1604.4970939622667,804.4711,818.5983333333334,751.5390666666667,711.56005,952.7055014210016,791.3110666666668,813.9609833333334,813.6683333333334,0.0005938489887283894
2025-08-25,775.7990333333335,730.7883333333333,689.6024833333336,727.4543,758.3783333333333,719.9542833333335,695.4303499999999,797.387279237436,791.2074166666665,757.4295166666667,714.6833333333334,757.54725,768.1555166666667,715.9133333333334,714.1912333333332,731.3222499999999,758.04,1576.3837333333336,723.14785,718.8066666666667,686.5179,679.5753166666666,729.7083333333334,697.9437166666668,1523.6842833333333,1552.1233333333334,1567.9086333333335,1555.76755,1504.6100000000001,1514.3167899131404,1512.2017967331954,684.7200156751542,1472.396204456624,1520.007983649834,831.4275666666664,0.0,0.0,0.0,0.0,0.0,0.0,0.0,0.0,0.0,0.0,0.0,0.0,0.0,0.0,0.0,0.0,0.0,0.0,0.0,0.0,0.0,0.0,0.0,0.0,0.0,0.0,0.0,0.0,0.0,0.0,0.0,721.2346519662411,710.839352655059,731.3101617887115,355.97219624801016,731.3289000000003,933.8558917209964,720.7935144441681,488.25019053144797,0.0,741.5893793280014,0.0,0.0,7.379215497849145e-05,4.522262489372906,38.27653038697645,0.0,0.0,0.0,0.0,0.0,0.0,0.0,1.1963398662828695e-05,725.5022753006663,1168.169819495474,415.8020097106181,504.3877710466729,608.7340319342997,652.7993889934344,642.3245621751893,714.1546651878778,796.260321693318,776.7417001252229,785.7557912670071,851.5789319831845,871.6476065458053,956.0641676887533,1115.7192136831013,1167.3158654467256,1016.4884334187271,849.5675498650086,900.0097378493657,926.391895929756,921.9385295657854,924.5079476160553,948.360142384688,974.2683333333332,174.79296666666664,162.1656223269332,123.73077282918211,73.70578333333344,117.01700000000005,162.8466666666667,98.24364999999989,111.47216666666668,715.35,183.19186666666667,135.04480000000012,983.935,972.4932333333333,957.2303333333334,974.7183333333334,1010.6421333333333,945.6742333333333,799.61,747.3520666666666,758.5211166666666,795.7583333333332,772.58195,776.4650000000001,800.4066666666666,801.2152833333332,782.2331000000001,721.295,745.00875,790.9356333333334,775.4266666666666,786.1535
2025-08-26,760.37705,740.8766666666667,753.7837833333334,777.5577833333333,771.2983333333334,1141.4489183217133,731.0929000000002,721.5333333333333,699.3960666666666,747.8564166666665,797.625,767.2910166666668,741.2954666666666,748.0983333333334,750.4125999999999,734.3082999999999,727.8433333333332,1572.0744333333332,738.7304,738.2983333333333,740.68265,1541.1424333333334,1529.185,1514.5219833333333,1527.4586,1545.02,731.1547999999999,724.31255,696.9033333333333,1507.218180032655,1503.0618860647164,1527.036133987199,663.1276712215166,1505.5116190098656,0.002082765707121436,0.0,0.0,0.0,0.0,0.0,0.0,0.0,0.0,0.0,0.0,269.8326850709112,0.0,0.0,0.0,0.0,0.0,0.0,0.0,0.0,0.0,0.0,0.0,0.0,0.0,0.0,0.0,0.0,0.0,0.0,0.0,0.0,637.2639196578479,0.0,0.0,0.0,379.54548333333344,418.85574611787854,0.0,0.0,0.0,95.1247243606091,0.0,0.0,0.0,0.0,0.0,0.0,0.0,0.0,0.0,0.0,0.0,0.0,0.0,244.34189980715155,649.2724269016899,316.5094848822313,409.16727006861686,546.1111333383066,629.3200440351015,624.5392062385147,667.6409231163083,746.5280017290777,762.8928438156054,785.0597696327332,850.2544565312521,925.4624091890491,966.4379660203375,1054.9426274792402,1110.7924467763817,1005.8466185912656,852.992446423837,867.6731429969491,954.3123957798107,1002.5852628943169,956.9244966133865,949.4238814586508,969.3016666666667,616.7841691004562,116.04160000000013,235.82333333333338,220.64188333333357,155.41696666666667,143.2883333333333,163.02728333333334,138.78403333333324,60.38666666666654,77.14233333333323,118.1638333333334,1000.14,950.5858333333333,953.9652666666667,1028.725,1068.5333333333333,942.3996000000001,743.6116666666667,772.40455,805.6895999999999,791.8849999999999,812.0285499999999,799.0686000000001,742.6000000000001,768.6893833333334,802.8775666666667,765.9533333333334,761.1839833333333,778.1542,744.745,733.6710666666667
2025-08-27,754.7235000000001,804.805,778.6484499999998,768.1630333333334,760.5166666666667,738.9993,731.13075,1580.5566666666668,715.4118333333333,709.5379166666665,722.7266666666667,736.4382666666669,1555.4389999999999,1534.0733333333335,1532.8459500000001,1552.4959166666667,763.725,786.7672666666666,740.8050000000001,686.2099999999999,674.9584333333333,682.7114,719.5383333333333,673.0121833333333,648.7951666666668,1498.7433333333333,1550.13125,713.4873166666665,656.5583333333334,1461.8800596169094,1502.9029044683164,1567.3444626091957,728.6959142832985,1515.3174793627127,779.1163666666666,0.0,0.0,0.0,0.0,0.0,0.0,0.0,0.0,0.0021975103132782538,210.80417363110087,595.8201583457885,0.0,0.0,0.0,0.0,0.0,0.0,0.0,0.0,0.0,0.0,0.0,0.0,0.0,0.0,0.0,0.0,0.0,0.0,0.0,0.0,757.6091032157038,602.7816047913112,736.7954332554303,0.0,0.0,650.2787297314306,0.0,0.0,28.407692339311495,304.0574575376319,0.0,0.0,0.0,0.0,0.0,0.0,0.0,0.0,0.0,0.0,0.0,0.0,0.0,262.98939120713237,1177.9296171330432,415.6525944973505,443.988294547942,403.98499445025936,472.0656137074052,522.8948027010224,620.1145056618632,764.7400054404801,812.3606412755822,855.3347504936457,900.8373500000001,996.3189750334643,1035.041359671288,1069.0761892408534,1136.0923928175348,1056.0966196945428,932.5293666666664,914.106155328496,924.8569617546652,941.2244222123874,961.199205618818,953.606199850886,916.4633333333335,122.25765000000001,151.2796166666668,169.89499999999987,675.4649499999999,126.76301666666654,149.5866666666666,171.23075000000006,159.88323333333324,109.3566666666668,102.85293333333323,142.83769999999993,1033.3249999999998,953.2892333333334,936.5840500000002,987.6999999999999,976.1465166666667,877.8891666666667,769.935,778.8067333333335,796.4657833333334,784.4100000000001,752.2252166666666,762.0099166666666,784.1500000000001,792.0442499999999,811.2069666666667,793.1700000000001,757.23785,777.8997833333333,786.2633333333334,794.8164666666668
2025-08-28,768.2951666666668,761.1299999999999,746.1198666666666,768.5392666666667,783.8466666666667,761.7244,1570.3820333333333,1567.8466666666668,1008.5067530323963,1550.8826166666665,1564.9366666666665,736.1982166666669,1558.9685166666668,1540.1066666666668,737.2345833333334,748.2233166666667,731.9016666666665,754.09565,726.5708833333334,707.0333333333333,732.4265833333334,709.7765499999999,719.1783333333335,1536.2157333333334,1552.5513166666667,693.1949999999999,661.9764666666666,688.0892833333334,760.8983333333332,737.1463764381358,1526.0470846020344,1503.171584731113,640.7728829745115,1500.4228282200581,737.625,0.0,0.0,0.0,0.0,0.0,0.0,0.0,0.0,0.0,1.984227003504202e-05,281.47295623807065,0.0,0.0,0.0,0.0,0.0,0.0,0.0,0.0,0.0,0.0,0.0,0.0,0.0,0.0,0.0,0.0,0.0,0.0,0.0,847.2630624530004,880.1623218823933,827.9748643443831,791.3900788703824,0.0,652.6035333333338,646.3539753978065,563.1436111111115,540.5302250000003,533.5823530864199,505.9326740685036,222.0109882642546,0.0,0.0,0.0,0.0,0.0,0.0,0.0,0.0,0.0,0.0,0.0,0.0,601.1867041883784,282.1313211119119,352.9745007919454,322.5174018366987,350.40020463165797,456.3740485396553,567.2959752700552,644.1926293942348,666.8235518647563,701.3005248849298,795.8769327376993,847.0638839278553,867.7100999888925,890.9531820440883,983.5830929517681,1079.6958533123886,1006.480480463128,846.5679333333333,935.2010941007693,966.4593482820887,909.1015382792875,969.1347812266747,977.8383270860738,910.305,641.6350166666665,157.8252000000001,173.47000000000014,162.80458333333343,139.0750833333334,133.90499999999997,119.50998333333348,137.05134999999996,157.19333333333338,163.63284999999996,153.36100000000022,998.6566666666668,943.5418333333333,934.2957666666666,967.8666666666666,971.5529333333334,920.1618666666666,805.5016666666666,796.7861833333334,790.4803499999999,760.4366666666667,760.4687333333334,758.0198666666665,751.0066666666667,773.7203999999998,788.9553333333334,762.955,781.0355999999999,756.8784333333333,621.9483333333334,571.0266499999999
2025-08-29,588.9493333333334,640.5350000000001,584.7383833333331,537.3737833333334,545.7699999999999,1415.6159333333335,594.7639333333333,594.57,632.9372000000001,0.0,0.0,575.14095,589.35025,559.725,583.4686333333334,598.8697500000002,91.7581748207179,627.3661666666667,584.51955,1246.17108062922,538.9307,570.7723,621.195,0.0009080236654668031,560.3817833333334,568.4966666666667,567.0855666666666,1169.7026003740616,523.405,485.30512940609975,1334.0374154030587,1379.4393945065017,534.9539260580418,1313.4830589855478,461.53938333333326,0.0,0.0,0.0,0.0,0.0,0.0,0.0,0.0,0.0,0.0,0.0,0.0,0.0,0.0,0.0,0.0,0.0,0.0,0.0,0.0,0.0,0.0,0.0,0.0,0.0,0.0,0.0,0.0,0.0,0.0,0.0,0.0,0.0,0.0,0.0,0.0,0.0,0.0,0.0,0.0,0.0,0.0,0.0,0.0,0.0,0.0,0.0,0.0,0.0,0.0,0.0,0.0,0.0,0.0,0.0,0.0,0.0,0.0,36.77880818262054,108.6014256376726,169.6681173729745,272.1798077197823,359.9909260526017,393.5992683344084,344.82651870656207,307.9859845087612,397.3130676180577,482.4778987182423,500.89793304706427,544.195199230279,576.2500152428725,625.5012048724832,689.3890213601144,712.9553523406161,714.4847196781724,671.321763811494,713.6471240743854,0.0,0.0,0.0,0.0,0.0,0.0,0.0,0.0,0.0,0.0,0.0,0.0,377.1203354742208,727.0735,751.4372,723.1550000000001,749.1534166666664,693.7380333333333,597.865,643.6245500000001,698.0083000000001,680.9900000000001,628.4186666666666,582.6747499999999,585.0566666666667,597.9561666666666,627.5500833333333,597.6083333333335,586.7592166666667,598.3539333333334,565.9783333333334,599.4236999999999
2025-08-30,619.6026666666667,634.0483333333334,288.605188692446,575.5178,567.8716666666667,596.7785333333334,0.0,529.325,556.0342,573.2944333333334,560.0316666666666,560.2029666666667,578.9063666666667,574.7300000000001,551.0346166666668,531.3086333333335,557.9699999999999,643.27305,587.9909,488.73,540.10745,560.25105,540.7666666666667,1362.5004050648088,555.28335,553.7966666666666,0.0,1375.5182,1415.2133333333336,59.23719189838588,507.8897118046384,1350.9826911144423,520.7784200376891,1294.7118861108509,0.0,0.0,0.0,0.0,0.0,0.0,0.0,0.0,0.0,0.0,0.0,0.0,0.0,0.0,0.0,0.0,0.0,0.0,0.0,0.0,0.0,0.0,0.0,0.0,0.0,0.0,0.0,0.0,0.0,0.0,0.0,0.0,0.0,0.0,0.0,0.0,0.0,0.0,0.0,0.0,0.0,0.0,0.0,0.0,0.0,0.0,0.0,0.0,0.0,0.0,0.0,0.0,0.0,0.0,0.0,0.0,0.0,0.0,0.9742512169668771,56.180555130897346,107.5397991651721,111.14663567284163,172.7118791774019,264.72373214569586,316.7908383311936,302.66188965149803,287.5160178892168,351.4595821138397,437.7959072640725,502.4308990003911,492.95220759414974,531.1664176263091,601.3907333333333,636.0083484769887,659.1475795380504,710.6682342977299,695.4304344423812,710.8582669051677,0.0,0.0,0.0,0.0,0.0,0.0,0.0,0.0,0.0,0.0,0.0,0.0,287.7215915679897,689.5103833333334,713.0451833333335,720.9966666666666,769.5304999999998,728.1800666666666,597.8633333333333,538.4833166666666,710.2710400395191,635.8283333333335,616.9319333333333,624.3808833333335,661.1133333333333,616.8790333333333,613.19145,599.9916666666667,596.4575666666667,1512.112016666667,746.2766666666668,0.0
2025-08-31,749.1862833333334,979.4460734199207,766.1006666666667,800.46385,787.14,781.2387333333334,756.1645166666667,717.7866666666665,721.2676666666667,712.4225,710.0500000000001,764.4253,779.8569333333334,731.8300000000002,703.7598000000002,693.4759666666666,697.405,734.4326666666667,726.0942166666667,715.5033333333334,737.5721833333333,706.6642333333333,680.5133333333333,685.0209000000002,1525.0686333333333,1493.3866666666668,1498.3825666666667,1496.7148000000002,1490.8066666666668,1491.2364292019893,1493.715031360202,682.463273403873,648.062999589618,1505.8526108483707,0.00023705256627846682,0.0,0.0,0.0,0.0,0.0,0.0,0.0,0.0,0.0,0.0,0.0,0.0,0.0,0.0,0.0,0.0,0.0,0.0,0.0,0.0,0.0,0.0,0.0,0.0,0.0,0.0,0.0,0.0,0.0,0.0,535.1586552055239,0.0,0.0,749.7946200772478,729.3147879945076,703.5503000000002,713.7574032155618,550.1746358024694,449.1174697916672,409.1207859411119,404.5354154800651,0.0,0.0,0.0,0.0,0.0,0.0,0.0,0.0,0.0,0.0,0.0,0.0,0.0,909.9240512904237,341.27233580082225,382.46335130104615,366.40758761777374,385.01111018465133,451.71879041501745,538.9670729108678,615.5875407055175,670.5739711577081,710.2871421618988,746.5658192940728,806.1612833333334,895.3538473070844,963.7195504053618,1036.351532745018,1102.8992035364383,1034.1271204607929,885.6555833333332,926.6837711944139,991.8087354195263,995.5081063207273,999.5762886554667,994.9789221962399,964.77,87.5573166666668,72.3336833333334,617.6216695898052,145.7138500000001,134.40485,95.22666666666657,98.16446666666673,99.0073166666665,106.16666666666663,144.62025000000006,150.38504999999998,976.8066666666666,938.3122,978.5065166666668,1026.9683333333332,1019.2668666666666,906.3591833333332,750.6666666666665,735.8972000000001,778.4242833333334,799.0833333333334,778.1365833333333,740.4836000000001,750.3466666666667,795.2707,812.8371666666666,774.3583333333332,762.0667666666667,779.8213833333333,755.1650000000001,751.6037
2025-09-01,724.4333833333333,714.7633333333334,711.4746833333334,765.3565500000001,793.155,1618.5482166666666,747.6745000000002,716.1516666666666,730.2602,715.1358,980.6469865146444,1538.62375,712.2202666666667,686.39,717.8870166666667,730.4106,711.6949999999999,725.6193999999999,709.3178999999999,1504.0566666666668,634.7939166666666,1493.0607666666667,1571.2583333333334,746.4616166666667,739.1080666666667,701.0466666666666,1489.0226166666666,1498.0614666666668,1542.72,1513.4381716568828,1507.0638031720687,707.6014965174627,648.2157413615001,1506.316383163085,802.6468333333333,0.0,0.0,0.0,0.0,0.0,0.0,0.0,0.0,0.0,0.0,5.90392140509266e-05,0.0,0.0,0.0,0.0,0.0,0.0,0.0,0.0,0.0,0.0,0.0,0.0,0.0,0.0,0.0,0.0,0.0,0.0,0.0,0.0,790.7696335716315,737.9011745564163,776.6607360520945,0.0,0.0,0.0,0.0,0.0,0.0,0.0,0.0,0.0,0.0,0.0,0.0,0.0,0.0,0.0,0.0,0.0,0.0,0.0,0.0,273.2665315466061,565.7424385353785,298.87406064754316,337.12067487520653,390.2396619747893,430.7452999999997,448.0296032587331,545.148994630776,656.0578714050889,742.6697054635551,813.3628008099022,872.2480666666668,952.7334753988691,981.0671459909227,1002.7760385053411,1120.6171395862686,1076.8351358453542,877.37765,882.6653635762084,954.4570060150651,959.0074989646992,925.0859394106225,913.9415344420705,936.6233333333332,650.2651166666666,159.0197999999998,177.34500000000003,142.23688333333348,112.33368333333328,127.52333333333331,143.3072833333332,134.81878333333339,144.95333333333338,146.07494999999994,137.9947915610569,973.4000000000001,952.1481,953.4513000000001,950.1,971.3905333333332,930.4504666666667,810.3966666666665,748.91785,725.9999000000001,727.8866666666668,1626.4902140817528,800.3889,789.495,809.6716000000001,810.4033666666667,78.82691176044716,727.8557166666666,749.2045499999999,751.93,758.3988166666667
2025-09-02,740.7684333333333,736.8866666666667,721.1049333333334,743.2287333333334,748.1749999999998,781.6625,767.6341166666668,711.8966666666668,697.1644333333334,679.1162833333334,655.8733333333333,675.1765333333334,1538.5531,1556.47,742.3844499999999,749.6511333333334,717.8399999999998,1244.97325289744,1518.1122166666667,1553.605,735.3589333333333,709.6155833333333,689.885,692.6989500000001,731.5179500000002,734.8116666666665,698.8514166666666,1480.7850333333336,650.47,659.9838238239234,682.8775775140064,693.5082115528157,600.9595474527829,1448.2177318792637,484.2673655287001,0.0,0.0,0.0,0.0,0.0,0.0,0.0,0.0,0.0,0.0,0.0,0.0,0.0,0.0,0.0,0.0,0.0,0.0,0.0,0.0,0.0,0.0,0.0,0.0,0.0,0.0,0.0,0.0,0.0,0.0,0.0,793.7155586215966,649.448832176481,448.65776670715104,662.6483143386077,623.8257500000001,600.7937205154473,0.0,0.0,0.0,0.0,0.0,0.0,0.0,0.0,0.0,0.0,0.0,0.0,0.0,0.0,0.0,0.0,0.0,1012.3588751412422,293.9831189993922,320.5558314422275,340.9046488933276,358.7869874971029,371.7382181989178,453.32143796222874,541.9992572876438,531.2888409031591,608.6468454461941,737.0605158449289,810.342466666667,883.380291104447,903.3355722657193,969.62874343464,1073.9092124206147,1023.4117907358138,839.134,853.3845733158834,941.7511363019534,979.9431234835482,930.5417076440145,908.5641986921587,944.6449999999999,130.05091666666658,132.39798333333317,132.24,681.6512666666667,150.24699999999996,149.56166666666672,164.78409999999997,109.13433333333319,55.78666666666675,125.89899999999989,143.45619999999997,936.3583333333335,945.0607000000001,980.6815000000001,989.355,1009.8059,924.8518999999999,770.2016666666666,785.2285333333333,752.1344333333333,674.1899999999999,740.9561333333334,777.5568666666666,753.9166666666666,713.2739833333334,754.8689,799.7666666666668,743.3883500000001,704.4133000000002,723.0699999999999,754.1223666666666
2025-09-03,737.6514166666665,1574.5316666666668,740.9751166666667,0.0,0.0,741.6070833333332,769.3651833333334,721.3950000000001,730.2252166666667,697.3313166666667,1493.55,1556.4642666666664,757.1002333333333,704.0100000000001,1514.214433333333,693.0286500000001,695.3699999999999,695.23275,681.0693833333333,696.0700000000002,1501.8865465020572,685.1002833333333,676.0066666666667,1519.0982666666669,1530.8359500000001,680.4733333333332,680.7238166666666,1479.1479666666667,1468.8049999999998,664.1186660628792,715.5229461604303,737.5821272322286,649.1332114194588,697.2251518495522,261.4744216316868,0.0,0.0,0.0,0.0,0.0,0.0,0.0,0.0,0.0,0.0,7.927005498231665e-05,0.0,0.0,0.0,0.0,0.0,0.0,0.0,0.0,0.0,0.0,0.0,0.0,0.0,0.0,0.0,0.0,0.0,0.0,0.0,0.0,0.0,0.0,0.0,0.0,226.51309731847016,429.88678460023266,0.0,404.01814907349967,0.0,0.0,0.0,0.0,0.0,0.0,0.0,0.0,0.0,0.0,0.0,0.0,0.0,0.0,0.0,287.33252407815496,1121.1486290994135,439.99132364688194,486.92291915179453,532.1609110760231,524.2762666666665,545.4599206990852,679.7912235224825,748.4847842685925,738.8488524362176,768.1286223520676,807.1099833333337,876.3342664610907,932.3845855739041,1026.3153935758103,1102.561251018923,1044.237863059138,858.7665666666667,840.5743836240832,925.9401674964491,1006.236936952851,987.8073482412623,961.8260040871319,964.6033333333332,116.06348333333312,136.00234999999986,697.4666666666667,122.86101666666661,105.3714,139.83000000000004,149.6405166666666,120.72079999999994,89.4133333333333,115.82786666666664,116.09085000000005,929.1883333333333,944.9558333333333,949.62875,943.9166666666669,995.7156333333335,929.3310666666666,771.2299999999999,781.7629666666668,786.8948,743.2983333333333,751.4616500000001,751.2151999999999,751.5849999999999,755.1117666666668,780.0334333333333,777.6466666666666,747.7483333333333,750.1794000000001,756.0483333333332,723.8714833333332
2025-09-04,667.0787666666668,1513.5933333333332,699.4413166666666,729.7345833333333,758.31,788.8280166666666,748.49645,682.2033333333334,1561.7507166666667,720.3846333333335,683.985,1601.9267,780.3966333333333,689.82,719.3595166666667,743.4369333333333,698.2516666666667,739.4766266843865,740.32195,712.4933333333336,690.2768833333333,685.4200333333334,692.9183333333333,650.7628000000001,1514.4871666666668,735.7916666666665,6.621897898009456e-05,628.2750833333333,1480.2016666666668,1525.8988970756945,1529.262326770025,655.4350657225856,604.7371638441865,1527.033403884182,838.5218499999999,0.0,0.0,0.0,0.0,0.0,0.0,0.0,0.0,0.0,0.0,0.0,0.0,0.0,0.0,0.0,0.0,0.0,0.0,0.0,0.0,0.0,0.0,0.0,0.0,0.0,0.0,0.0,0.0,0.0,0.0,0.0,0.0,0.0,0.0,0.0,0.0,0.0,0.0,0.0,0.0,0.0,0.0,0.0,0.0,0.0,0.0,0.0,0.0,0.0,0.0,0.0,0.0,0.0,0.0,812.6852409294821,279.7653262090479,334.94653151455805,476.6887388123158,527.8709785021019,572.1190166666665,633.6403967118692,716.9262891981091,749.1805706335693,837.8233218717457,891.3787811607639,895.2184500000003,998.020858870047,1066.2417913958525,1086.1965166621308,1132.251449739131,1040.2443960399844,857.8931166666667,897.7278225110529,976.8622922040498,995.5435739507782,969.8725720178118,967.2312783817047,971.3333333333334,116.97146666666652,113.64648333333321,129.7833333333332,101.23673333333318,117.22546666666665,705.655,170.11744999999996,110.66626926610763,82.61500000000012,125.53571666666664,116.89223333333325,902.8033333333334,920.6000833333334,957.5329666666668,977.4699999999999,1014.4250833333333,946.33695,798.6766666666668,776.5626666666667,780.4612499999998,731.4250000000002,677.9479666666666,735.7907333333333,854.63,789.4145333333335,744.4211833333333,773.355,772.5379166666667,660.0193333333333,536.7383333333335,581.9915666666667
2025-09-05,579.77045,537.1383333333333,543.72625,594.6518333333332,601.36,568.2336166666665,558.1470333333333,0.0,0.0,530.09225,526.2483333333332,0.0,558.80135,504.98500000000007,510.82953333333325,537.0890333333333,513.7866666666666,505.3865,499.08536666666663,510.60666666666674,1338.0975833333332,1357.240816666667,578.1983333333333,570.9914000000001,0.0,0.00018369019845479028,562.0809833333333,0.0,0.0,473.7490194203892,977.0367129274618,545.3389730506044,496.07506573912224,1301.1379383071344,0.0,0.0,0.0,0.0,0.0,0.0,0.0,0.0,0.0,0.0,0.0,0.0,0.0,0.0,0.0,0.0,0.0,0.0,0.0,0.0,0.0,0.0,0.0,0.0,0.0,0.0,0.0,0.0,0.0,0.0,0.0,0.0,0.0,0.0,0.0,0.0,0.0,0.0,0.0,0.0,0.0,0.0,0.0,0.0,0.0,0.0,0.0,0.0,0.0,0.0,0.0,0.0,0.0,0.0,0.0,0.0,0.0,0.0,0.0,0.0,40.063286231654956,64.42434937270104,158.59474560807166,257.8522172158813,254.4120108242991,265.85522667803707,301.0895549364364,349.11737472109826,374.4414256884042,422.65424683079755,518.2766038179743,581.3615673610213,590.313331568188,637.273352576827,153.08285031503107,688.8481770907546,706.4818770282208,688.5950860885865,0.0,0.0,0.0,0.0,0.0,0.0,0.0,0.0,0.0,0.0,0.0,0.0,672.3216666666667,653.3202,668.5658999999998,681.545,688.0938833333333,661.6661,623.4266666666668,631.0369999999999,619.3936833333333,581.5116666666667,614.946,624.8751833333333,622.25,603.8415666666667,605.2684333333334,608.0200000000001,602.8500166666666,573.0744666666667,559.6216666666668,625.6109333333334
2025-09-06,613.1549,0.0,583.5586166666666,620.5104166666666,612.4866666666667,580.57895,571.9354000000001,564.1366666666669,578.47645,581.9401,0.0,595.8027333333334,595.2937000000001,569.7066666666666,551.1391499999999,541.1780166666667,0.0,0.0,513.1128666666666,479.83333333333337,453.54038333333335,471.9569333333333,1373.2283333333335,772.2359219087463,1392.4448000000002,558.67,0.0,511.6368166666667,496.54333333333324,503.6965301055883,535.9156983916118,569.4999163966265,0.0013686068280473972,451.6839450141079,0.0,0.0,0.0,0.0,0.0,0.0,0.0,0.0,0.0,0.0,0.0,0.0,0.0,0.0,0.0,0.0,0.0,0.0,0.0,0.0,0.0,0.0,0.0,0.0,0.0,0.0,0.0,0.0,0.0,0.0,0.0,0.0,0.0,0.0,0.0,0.0,0.0,0.0,0.0,0.0,0.0,0.0,0.0,0.0,0.0,0.0,0.0,0.0,0.0,0.0,0.0,0.0,0.0,0.0,0.0,0.0,0.0,0.0,0.0,0.0,77.24293989260491,110.13249393224237,176.56358235364144,283.49151404102224,332.0590370537541,301.2754367597656,239.40946751861082,313.57555625118397,420.321472531895,487.764712216705,554.2862594572739,594.7148317619987,606.6909166666668,662.3219831704143,288.9375412470336,698.5539113201522,634.0433880605423,625.9793284377375,680.81,0.0,0.0,0.0,0.0,0.0,0.0,0.0,0.0,0.0,0.0,0.0,0.0,663.4854833333333,689.7495999999999,693.0616666666667,738.0399666666666,703.4087666666667,600.6949999999998,1395.1413666666667,1415.5496,1443.17,1471.94625,1466.1672833333332,1447.2366666666667,1406.6564166666667,1442.3705166666668,676.9383333333333,615.6932833333334,0.0,741.7700000000001,727.1353666666666
2025-09-07,8.524185950931369e-05,724.7966666666666,729.2077666666667,726.0410666666669,724.0716666666667,716.6601166666666,718.2725833333334,703.6100000000002,720.25085,721.0681666666667,720.9849999999999,735.93895,728.7233500000001,679.2083333333333,651.9374833333333,1495.3776833333336,1182.229277479186,693.4563833333334,0.0,631.04,668.4176333333332,676.1204,662.9833333333333,675.4694166666668,719.5463000000001,717.0566666666665,666.9643,625.3653,651.0483333333333,663.0670826484651,630.7241283677008,609.1125118795482,1463.3288378895988,736.6494698915941,5.198700000000144,0.0,0.0,0.0,0.0,0.0,0.0,0.0,0.0,0.0,0.0,1.02052398460728e-05,0.0,0.0,0.0,0.0,0.0,0.0,0.0,0.0,0.0,0.0,0.0,0.0,0.0,0.0,0.0,0.0,0.0,0.0,0.0,0.0,715.6621873749023,701.1717599126342,343.76359798476227,629.9038626060417,618.8168499999999,663.0084088122987,0.0,0.0,99.36781312772422,697.5697176154896,0.0,0.0,0.0,0.0,0.0,0.0,0.0,0.0,0.0,0.0,0.0,0.0,0.0,290.58518455935587,209.19135687012272,277.4293155335572,361.92991759444647,458.3887827702589,520.2620666666666,561.5655566727208,660.1041687273492,683.5341643800903,728.3064661137157,826.2586871009702,862.1847166666666,877.1609515598126,922.7469202117987,1025.8670670324711,1100.3193099581226,1006.0486558423099,843.0582333333334,918.7947364939452,983.0753955019359,941.8670895762323,945.181943076491,941.9601676209624,925.0183333333333,124.07179999999994,136.45331666666675,129.8933333333332,124.87238333333335,98.46576666666658,92.50999999999988,146.9714666666664,145.05158333333327,99.39666666666665,698.06905,164.1252833333333,901.8433333333332,865.6052666666666,895.2176166666665,944.365,1002.3687333333332,895.3628666666667,704.0850000000002,711.4737,759.5482999999999,726.1083333333332,706.33405,742.9295166666666,819.5083333333333,761.5295166666666,737.3133833333334,796.2366666666667,747.4908666666666,670.18615,620.445,625.6937833333333
2025-09-08,627.5024833333333,625.9499999999999,595.9902333333332,590.4867666666668,609.9716666666667,1471.2576666666669,647.1784500000001,601.7266666666667,1428.8642833333333,1417.9834333333333,587.7866666666666,616.6482333333333,618.6678833333333,590.305,595.7307999999999,604.1151,590.9433333333333,607.9847833333333,712.2343009529667,1466.2916666666665,1452.4817333333335,591.0416666666666,582.01,593.4736166666667,1458.7829333333334,640.3799999999999,0.0003147280963047581,592.1743,1438.8066666666666,621.3135336809225,630.4001381186787,637.3040586989084,601.4789622751043,1493.2598620909184,758.6715833333334,0.0,0.0,0.0,0.0,0.0,0.0,0.0,0.0,0.0,0.0,0.0,0.0,0.0,0.0,0.0,0.0,0.0,0.0,0.0,0.0,0.0,0.0,0.0,0.0,0.0,0.0,0.0,0.0,0.0,0.0,0.0,0.0,0.0,0.0,0.0,87.2619658934683,547.5164121735214,521.561025407226,498.31218141636043,537.0472792095138,558.8297466432348,53.750683049437214,0.0,0.0,0.0,0.0,0.0,0.0,48.151562750660105,77.22188360853295,0.0,152.24124545301765,0.0,0.0,300.9086479641255,973.2147469813949,365.9179891752468,401.9403872336626,400.56053690083786,421.7563,442.9249623718283,537.8424909862882,591.1025262625722,640.1724638749035,707.639070927346,734.3356500000001,788.2434556860243,826.8869782859009,885.1517187246945,990.372230976551,888.9021791837813,679.4071666666667,0.0,0.0,0.0,0.0,0.0,0.0,38.4359833333333,23.515166666666573,0.0,790.9460666666668,809.2806333333333,818.695,810.8574666666666,802.4878,803.5166666666668,271.90348063496526,0.0,797.505,829.5579499999998,837.3984833333332,793.3900000000001,797.1379999999999,733.2789,652.7366666666666,675.45685,686.4093833333334,630.98,612.7386333333334,592.97205,1396.316522633745,645.2979333333334,640.0932833333334,0.0,617.4180666666666,601.70215,590.6116666666666,666.5790833333334
2025-09-09,1489.2097666666666,588.8149999999999,605.2046166666667,630.9951666666667,601.3149999999999,567.1052999999999,1416.3620833333334,1453.2916666666667,635.1731333333333,617.2220333333332,600.3683333333332,585.12615,1429.2450666666668,1427.98,1421.2382000000002,1440.534666666667,604.9866666666667,580.0698666666667,572.7557666666667,1430.7216666666668,1425.3742333333334,593.4199333333333,623.7066666666667,603.8737500000001,616.0037833333332,647.4699999999999,1493.9689833333332,622.9015166666666,623.7616666666667,948.0650181262793,644.5335342594481,634.7441135607485,616.7028207574629,1551.9943349667678,0.0,0.0,0.0,0.0,0.0,0.0,0.0,0.0,0.0,0.0,0.0,0.0,0.0,0.0,0.0,0.0,0.0,0.0,0.0,0.0,0.0,0.0,0.0,0.0,0.0,0.0,0.0,0.0,0.0,0.0,0.0,0.0,0.0,0.0,0.0,0.0,0.0,0.0,0.0,0.0,0.0,0.0,0.0,0.0,0.0,0.0,0.0,0.0,0.0,0.0,0.0,0.0,0.0,80.47283272292395,161.39173212454978,226.44929029357183,267.8604463353971,290.88192867583825,330.9404718859728,400.19724184285167,438.8726377075684,408.5916646332794,471.70349439931067,609.9307495505002,581.7334509350251,619.0660104442502,724.7963833333336,785.2393415112299,830.7373165659081,893.6952026344972,974.8670570344467,911.6992282705132,768.3609333333335,0.0,0.0,0.0,0.0,3.632249041357227,7.0533333333333985,868.7480833333334,7.457933333333358,0.0,841.0214833333333,381.81528111867357,0.0,834.5067166666668,0.0,759.6583333333332,832.85235,836.8466333333333,803.2283333333335,807.9543500000001,794.4931333333334,769.7016666666667,820.2918500000001,766.03035,610.515,618.1895666666667,1483.6118333333334,629.045,650.9184499999999,657.8830333333334,1470.595,1449.620112492406,606.3884,622.3600000000001,643.8841833333333,619.5559166666668,571.7283333333334,636.1494166666666
2025-09-10,0.0,0.0,609.5712666666667,1445.6168166666666,1463.595,629.8936166666667,607.4336333333333,886.0043640508034,1411.1548666666667,1411.90355,1430.9383333333335,1461.3417833333333,629.4797833333332,608.5383333333333,1437.7304333333332,1444.60545,615.3183333333333,651.9117333333332,636.88915,579.5983333333334,1400.42045,589.56105,634.435,1450.27735,614.1602000000001,602.4483333333334,605.6764333333334,603.7925,647.8899999999999,642.8919949384117,632.2462688196092,651.1026852749446,615.8231034989103,1546.323152813939,809.3123666666667,0.0,0.0,0.0,0.0,0.0,0.0,0.0,0.0,0.0,0.0,5.744668163742972e-05,0.0,0.0,0.0,0.0,0.0,0.0,0.0,0.0,0.0,0.0,0.0,0.0,0.0,0.0,0.0,0.0,0.0,0.0,0.0,0.0,0.0,0.0,373.1872156118957,476.4993554600628,395.09258333333344,428.5920150901087,511.6140516296766,543.9544735834133,564.3211693087371,596.0184770392565,675.1376333333332,0.0,0.0,0.0,8.777518254869467e-05,0.0,19.11168333333319,98.99226024779819,87.58673633716637,0.0,0.0,0.0,0.0,221.90668378372266,174.88408020278098,202.6720492886437,985.1111449880939,397.5305732402895,387.44456666666656,439.5338958514681,507.9777734646258,544.9716500401904,598.5047047418337,659.0352123864454,701.0776666666668,731.7268432083065,803.0072873731988,920.4466472294964,1034.5095489953135,933.506291662663,742.4158666666665,0.0,32.709848784948804,0.0,0.0,14.528946136249601,11.021666666666647,18.307133333333354,836.5781333333334,820.6333333333333,341.43456195215987,754.3096666666667,810.6999999999999,845.7520666666667,803.3511833333333,0.0,6.4509166666666715,42.09706666666659,850.8666666666666,843.6218833333334,838.9728166666665,815.92,847.9373666666668,776.6799666666667,631.7433333333335,634.9113000000001,656.6316833333333,613.9833333333333,618.37445,675.5016333333332,713.8133333333334,674.5954833333334,621.7216,638.0166666666668,606.5880666666666,581.9703666666666,582.7750000000001,562.2651166666666
2025-09-11,1396.1831666666667,1397.3616666666667,1424.4175333333333,628.7302500000001,603.8149999999998,1422.6405,1428.3655333333336,1439.92,1432.4346333333333,599.7241000000001,606.6266666666668,962.017708695248,1424.3944333333334,1466.9583333333335,625.7608833333333,611.6307666666668,610.2333333333332,626.4509166666667,608.8872833333332,601.0516666666667,1428.4205333333334,593.9572499999999,607.4333333333334,617.8777166666667,639.9815000000001,0.0,615.7395833333333,1426.8722166666666,1452.0083333333332,647.9653720904338,657.9063286690432,664.9408268958641,626.6260528274076,683.2584080723752,0.0,0.0,0.0,0.0,0.0,0.0,0.0,0.0,0.0,0.0,0.0,0.0,0.0,0.0,0.0,0.0,0.0,0.0,0.0,0.0,0.0,0.0,0.0,0.0,0.0,0.0,0.0,0.0,0.0,0.0,0.0,0.0,0.0,0.0,0.0,0.0,0.0,0.0,0.0,0.0,0.0,0.0,0.0,0.0,0.0,0.0,0.0,0.0,0.0,0.0,0.0,0.0,0.0,0.0,0.0,171.75058757462557,182.65909408840207,265.34496608768666,274.88685618190596,326.59032238502823,424.05777533086587,537.3397273269323,582.0357036302206,562.2023007634734,691.5617272201036,790.8294464340174,813.8334463835935,902.9741379716593,923.8028841583559,927.2678807543881,1042.8803149630528,975.7286937044261,802.0255666666667,0.0,0.3145146589484966,0.0,0.0,0.0,0.0,812.5754999999999,0.0,263.17946610253534,852.4817333333333,30.954966666666678,15.409999999999968,873.6681166666666,877.8895833333335,820.5316666666666,839.2893000000001,0.0,805.8533333333332,787.4898833333333,771.1168166666666,749.3616666666667,844.0994833333334,761.5400833333333,609.0216666666668,641.25905,1498.524858657007,574.755,550.9609833333334,610.3030833333333,678.4016666666666,0.0,633.3951166666667,654.3200000000002,646.8782499999999,603.6927174878249,555.9783333333332,469.02973333333335
2025-09-12,436.5665166666665,437.8533333333334,935.8200536973634,1328.4831666666666,1290.3016666666665,416.7438,428.38354999999996,441.8266666666668,421.35186666666664,416.2483833333334,465.86500000000007,483.0385833333334,460.06834999999995,429.37500000000006,428.2666166666666,440.42143333333325,446.7766666666666,467.05505,474.8649833333333,0.00013679855589201267,415.8008166666667,418.3119999999999,454.84,486.5245666666667,1323.8065666666669,451.815,0.0,442.0660833333333,1293.7133333333334,462.0349784593943,452.77411712461304,463.68182914835677,452.9698233017683,452.83783968698094,0.0,0.0,0.0,0.0,0.0,0.0,0.0,0.0,0.0,0.0,0.0,0.0,0.0,0.0,0.0,0.0,0.0,0.0,0.0,0.0,0.0,0.0,0.0,0.0,0.0,0.0,0.0,0.0,0.0,0.0,0.0,0.0,0.0,0.0,0.0,0.0,0.0,0.0,0.0,0.0,0.0,0.0,0.0,0.0,0.0,0.0,0.0,0.0,0.0,0.0,0.0,0.0,0.0,0.0,0.0,0.0,0.0,0.0,0.0,0.0,31.708973083566775,96.09091881541895,156.5523189919316,191.22887684112197,245.94587041192892,262.2819726225989,243.4027666666667,232.5408755894464,270.0255961612088,350.6807657309539,416.68090917590575,479.1568290007493,524.8871833333333,0.0,0.0,0.0,265.12081043176613,525.7202406723653,0.0,0.0,0.0,0.0,0.0,0.0,0.0,0.0,0.0,0.0,0.0,0.0,542.2833333333333,536.1539666666667,566.1602333333333,583.3883333333332,591.69115,543.36275,492.5666666666668,472.4797,497.2931833333334,498.7733333333333,474.35380000000004,1271.038662661564,1304.0666666666668,500.2484166666666,0.0,473.9100000000001,457.67456666666664,117.92150474413256,0.0,425.0652166666666
2025-09-13,409.15375000000006,449.6383333333333,448.52410000000003,468.67666666666656,488.6566666666667,442.49190000000004,428.00915,442.7833333333333,1271.73395,425.1006833333334,438.10166666666674,426.5204333333334,1278.0469,1319.7283333333335,463.56198333333333,446.4873666666666,441.89166666666665,450.2448000000001,1279.5576333333336,441.8666666666666,475.60746666666665,0.0,469.24,1009.3013774845217,455.0826333333333,466.90333333333325,457.8770833333334,444.73623333333336,471.09000000000015,489.80989869946086,0.0,504.4267968130779,495.46379942276195,485.02569244354424,0.0,0.0,0.0,0.0,0.0,0.0,0.0,0.0,0.0,0.0,0.0,0.0,0.0,0.0,0.0,0.0,0.0,0.0,0.0,0.0,0.0,0.0,0.0,0.0,0.0,0.0,0.0,0.0,0.0,0.0,0.0,0.0,0.0,0.0,0.0,0.0,0.0,0.0,0.0,0.0,0.0,0.0,0.0,0.0,0.0,0.0,0.0,0.0,0.0,0.0,0.0,0.0,0.0,0.0,0.0,0.0,0.0,0.0,0.0,0.0,16.024933333333138,36.777665870556234,86.22972786349555,203.1228059234099,221.3783061380406,234.54620110018277,245.6521573974111,265.0878184188761,345.3754878289125,433.14239782896345,446.27285459222855,459.7448622481067,530.1168333333334,0.0,0.0,0.0,0.0,0.0,0.0,0.0,61.8118590902842,0.0,0.0,0.0,0.0,0.0,0.0,0.0,521.5675666666666,0.0,555.1833333333333,579.4675166666666,597.4020666666668,598.4133333333334,595.8114333333333,540.28785,462.5899999999999,1301.0374833333335,1296.6242333333334,1266.9650000000001,1279.1115833333333,1304.9406833333333,1324.9450000000002,1331.8150833333334,1306.6862333333336,1282.0661699931322,1274.5293333333334,1361.4223166666666,1494.7833333333333,630.9231166666667
2025-09-14,0.0003060603034069025,595.595,561.8385166666666,1420.2494500000003,737.1810411721173,647.7127333333333,610.9502166666666,582.1333333333333,0.0,624.7666666666667,644.115,615.596,585.5203666666666,597.6966666666667,605.2380166666667,509.20478333333307,560.4200000000001,592.7627333333334,607.5426166666667,609.3466666666667,613.9586666666665,626.9454000000001,615.0200000000001,1452.4273666666668,647.1991333333334,0.0,625.5336166666666,1392.937488477367,613.8883333333333,640.7185634649595,661.1568854552035,0.0,616.6176441566275,1506.790893189353,801.2237666666666,0.0,0.0,0.0,0.0,0.0,0.0,0.0,0.0,0.0,1.7141056673608546e-05,312.2792966760294,0.0,0.0,0.0,0.0,0.0,0.0,0.0,0.0,0.0,0.0,0.0,0.0,0.0,0.0,0.0,0.0,0.0,0.0,0.0,687.3379645508033,665.383683201554,567.3708415554778,570.0133815481762,573.8615972016318,538.579116666667,528.5536895006134,587.7439090820424,621.6289413676129,0.0,242.4575521066954,0.0,0.0,0.0,0.0,0.0,0.0,0.0,0.0,0.0,0.0,0.0,0.0,0.0,107.97050820729396,247.00798248060698,171.8161453844748,231.7125387174426,351.34862579384094,413.4153180324863,489.1477300853211,536.6475010294917,598.594995161865,670.0327566867331,743.1547258096095,768.0703907876278,859.5003025645688,880.0896515192217,939.3806342562643,1057.77317438795,982.7831107738319,782.0803189776983,0.0,0.0,779.43823577716,830.3471347459723,19.37637296514515,0.0,801.0695999999999,824.5667166666668,0.0,0.0,0.0,0.0,0.0,188.99550548211016,848.7850000000001,807.1418500000001,0.0,824.0183333333333,839.4676166666667,850.55345,822.5666666666666,831.0963500000001,748.0834166666666,602.8616666666667,1445.6309166666665,1438.6188,563.8933333333333,615.9283666666666,639.49775,601.0433333333333,586.9818,607.5991333333334,638.5916666666667,618.4672833333333,623.8087666666668,672.055,625.3854666666666
2025-09-15,600.9510333333334,582.5583333333334,569.4167833333332,1416.123016666667,1459.235,653.5104666666667,623.1891833333333,566.0383333333333,571.5649999999999,1427.2382000000002,1442.0583333333334,599.2698666666668,1433.2029,610.3233333333335,593.6009999999999,1052.3336088041306,1410.585,629.0083166666667,622.0173000000001,611.2850000000001,1457.65265,1453.2664333333335,611.0783333333334,627.2956833333334,632.5023500000001,630.8316666666666,683.5635666666667,662.7257666666667,618.4633333333333,1491.854299797858,1503.6635554809486,643.8137044015488,633.2711397320145,707.8850786606407,0.0,0.0,0.0,0.0,0.0,0.0,0.0,0.0,0.0,0.0,0.0,90.60709100071827,0.0,0.0,0.0,0.0,0.0,0.0,0.0,0.0,0.0,0.0,0.0,0.0,0.0,0.0,0.0,0.0,0.0,0.0,0.0,0.0,0.0,0.0,0.0,0.0,0.0,0.0,0.0,0.0,0.0,133.5614500251918,0.0,0.0,0.0,0.0,0.0,0.0,0.0,0.0,0.0,0.0002762071143391359,0.0,0.0,210.99624575319217,229.9321012898357,555.8012583412349,310.8095093416051,335.43252266359036,377.40115826755437,438.19007977091815,490.10140839042197,547.1608470878101,637.238996357758,732.085174841085,780.1042091065251,798.62675,858.5858558498157,876.3018725417447,941.838207945874,1066.6216060516554,1002.9053131066926,806.9547500000001,0.0,13.160930831717337,40.48942910961614,0.0,0.0,0.0,822.98175,0.0,0.0,133.62817896756917,0.0,0.0,794.9177999999999,827.2500499999999,853.7616666666667,794.4071666666669,820.8520666666667,863.3533333333334,841.3163833333334,837.0060500000001,825.945,866.6690333333332,793.6175833333335,649.4983333333333,655.7404166666668,651.1987,1297.7952586715548,1443.9057666666668,636.0694166666667,672.2683333333333,653.8052333333334,0.0,2.3809374056327215e-05,1411.3199833333333,1465.5083166666666,0.0,0.0
2025-09-16,597.6466833333334,1433.2016666666668,1433.25265,1459.7037500000001,606.8466666666666,588.7455,1412.7463666666667,1433.0533333333333,600.14675,603.9524833333334,625.5200000000001,629.4821666666667,1456.6535666666666,1452.21,606.0303333333333,1446.1906666666669,618.0233333333333,629.4047,609.7512166666668,607.0,570.1107000000001,563.0094166666667,606.9966666666667,1224.6232752153437,658.7783666666668,633.3449999999999,1474.1477166666668,636.719,626.0283333333333,610.1845236648602,1471.4392911146153,682.6102893721921,622.6541869252742,656.3281347282276,790.2361833333334,0.0,0.0,0.0,0.0,0.0,0.0,0.0,0.0,0.0,0.0,0.0,0.0,0.0,0.0,0.0,0.0,0.0,0.0,0.0,0.0,0.0,0.0,0.0,0.0,0.0,0.0,0.0,0.0,0.0,0.0,702.9749149082943,762.7449910928553,698.3493226929302,721.5673015902045,0.0,0.0,679.0934032155618,0.0,95.22214994183378,536.5654889888434,589.3165552468396,0.0,0.0,0.0,0.0,0.0,0.0,0.0,0.0,0.0,0.0,0.0,0.0,2.8120125108443972e-05,834.9466098497921,252.42742365016875,333.2855971584594,406.34550272335287,376.5884283961325,392.70351898387605,487.7945461981195,553.9625372478588,613.2318154589414,688.5549418589801,729.6184857983271,735.70095,766.1184452128738,855.9435492426474,903.4297102025818,1035.9071891070816,988.46371024322,834.8185166666668,0.0,51.88064208995786,54.85420371797886,0.0,0.0,0.0,818.253,820.9313500000001,320.6195754210615,866.4841500000001,0.0,800.7033333333334,839.1059166666668,865.1418,0.0,0.0,0.0,833.445,812.9723166666666,827.35955,828.5099999999999,812.8513833333333,743.3100833333335,648.5283333333333,628.3994,611.6994333333333,619.5583333333333,1486.2530333333334,663.5535333333333,0.0,651.48415,585.2614333333333,576.2633333333333,1419.3324333333335,628.4685666666666,643.0983333333334,620.36035
2025-09-17,610.81085,1453.8600000000001,1466.9712666666667,688.2429666666667,669.8466666666667,642.1534333333333,618.7943666666666,632.3383333333335,658.2613333333334,630.14135,592.2583333333333,617.1009000000001,1462.7873833333333,612.5650000000002,734.9709929982604,1428.8277166666667,1421.71,622.4465833333333,616.5124833333333,603.8466666666667,635.8633166666666,1465.7312000000002,1434.8833333333334,622.7609833333332,629.7137833333335,594.9466666666667,621.8372333333334,615.7040166666668,596.3316666666666,1447.136622639825,627.300453898277,1452.8848070642298,1427.332269650954,1533.9134668668476,858.2152500000001,0.0,0.0,0.0,0.0,0.0,0.0,0.0,0.0,0.0,0.0,0.0001798978281044583,0.0,0.0,0.0,0.0,0.0,0.0,0.0,0.0,0.0,0.0,0.0,0.0,0.0,0.0,0.0,0.0,0.0,0.0,0.0,214.87825116342816,503.19547881883307,462.8371246436767,442.1200005694692,372.06695241960904,311.11793333333355,324.35344947705505,328.3824801784274,357.8633238427633,428.99036912267866,472.451406043356,0.0,0.0,0.0,0.0,0.0,0.0,0.0,0.0,0.0,0.0,0.0,0.0,4.917615231647687e-05,299.1249752049895,229.5944857973858,280.57925578031063,353.52628570190404,400.44669842124097,492.06509990302186,536.7639265330896,578.8837110314491,679.8394730641155,725.3902769844387,779.4995501609492,811.9588271393458,871.6319984953982,942.5560322638294,1019.3079180318795,1046.1593502581802,944.1569073930775,816.5334333333335,0.0,0.0,0.0,0.0,9.655187482317274,0.0,796.0157,815.6384666666667,0.0,0.0,786.6371333333333,780.6733333333335,813.5174499999999,22.387599999999793,849.6516666666665,217.92822579466292,0.0,866.5033333333334,834.5889833333334,816.0798333333332,835.2883333333333,901.7728666666667,811.0661333333334,626.6966666666666,628.40425,632.0227333333335,604.9033333333333,1438.6078089818461,646.1372,17.88006022470477,655.3631,617.8381499999999,603.0683333333333,580.33825,587.0132333333333,639.78,656.22805
2025-09-18,631.1861166666666,565.4933333333333,1411.5212,1434.06455,1425.73,1405.1670568596965,613.78195,594.6633333333333,576.2144999999999,598.0534499999999,640.6366666666667,609.0654333333334,588.0579333333333,622.7550000000001,634.9364833333334,623.23065,586.6933333333334,602.1640666666666,614.0805166666669,1457.0133333333333,1438.7765000000002,596.9599666666667,603.02,630.5324499999999,1492.5774000000001,1468.8866666666668,617.8961833333333,1435.4284166666666,1455.18,1475.334996482222,1485.5216779273273,662.7994517463187,642.1658295395823,700.3276120511276,640.0312333993705,0.0,0.0,0.0,0.0,0.0,0.0,0.0,0.0,0.0,0.0,0.0,0.0,0.0,0.0,0.0,0.0,0.0,0.0,0.0,0.0,0.0,0.0,0.0,0.0,0.0,0.0,0.0,0.0,0.0,0.0,683.068330131359,675.6940439045388,674.9024272950916,694.8767178356521,187.52762980016803,462.5565333333335,512.8213645532047,514.092823400247,564.6986926129166,174.2573636219201,607.9159437388112,0.0,0.0,0.0,0.0,0.0,0.0,0.0,0.0,0.0,0.0,0.0,0.0,1.8021513924663523e-05,519.2767473828973,259.30719833653404,303.6197037088824,367.09614198887607,427.1118170034076,444.45367108528956,504.8260617270406,530.2501009860722,576.7918853343124,658.4515072059241,733.9969960659967,773.8953166666668,820.7418683972926,873.3848445983363,978.746776252866,1017.9081752917671,914.7776569356708,783.2670333333334,0.0,63.81950675223936,42.47441177829853,0.0,0.0,0.0,196.10176229797742,0.0,0.0,779.9022833333335,809.6782833333333,869.6300000000002,0.0,0.0,856.6933333333333,848.2857333333334,847.2800666666667,837.1833333333334,837.10035,851.0237500000001,832.6266666666666,847.0364166666666,754.5283500000002,618.01,632.7106833333335,642.3714500000001,633.3916666666667,666.9970166666667,637.1737333333333,592.1533333333333,608.4500666666668,1391.6890962962964,640.8566666666666,0.0,557.7037,488.2149999999999,446.0647166666667
2025-09-19,457.0255999999999,481.0416666666667,477.0815,464.91066666666666,445.4883333333333,1281.9876,434.19183333333336,412.71,438.57345,1096.476820939521,1263.05,474.6885166666667,481.01676666666657,454.1600000000001,0.0,0.00011847071402826259,0.0,0.0,441.5009500000001,1280.77,1280.7285833333335,1314.439466666667,518.1966666666666,497.0923166666666,486.3671333333334,469.175,480.2097833333334,466.3777666666668,463.74166666666673,0.0,477.87352038419357,479.53642898379996,455.9231280882836,1294.2459847231385,0.0,0.0,0.0,0.0,0.0,0.0,0.0,0.0,0.0,0.0,0.0,0.0,0.0,0.0,0.0,0.0,0.0,0.0,0.0,0.0,0.0,0.0,0.0,0.0,0.0,0.0,0.0,0.0,0.0,0.0,0.0,0.0,0.0,0.0,0.0,0.0,0.0,0.0,0.0,0.0,0.0,0.0,0.0,0.0,0.0,0.0,0.0,0.0,0.0,0.0,0.0,0.0,0.0,0.0,0.0,0.0,0.0,0.0,0.0,7.768587952411963,17.02349820175732,112.617171052206,186.6872382943489,233.59639191506932,302.0335729209146,309.5135546457987,273.4667238051919,337.03302483540404,380.9422264131263,386.0429302253407,438.5729345205468,521.7012712681883,590.6242166666667,0.0,0.0,0.0,0.0,0.0,0.0,0.0,0.0,0.0,0.0,0.0,0.0,525.7607666666668,89.37998458889018,0.0,0.0,0.0,531.6499999999999,607.3082666666667,641.07725,572.7166666666667,591.6752166666666,572.8079166666666,500.465,1337.3857608154385,1329.62595,484.6083333333333,517.6314166666666,139.96637773949476,482.09,492.09126666666657,0.0,0.0,458.8165833333334,425.82281666666665,441.35999999999996,490.0295333333334
2025-09-20,484.62791666666664,429.2516666666666,428.4274833333334,1285.0058,457.4510882177969,421.7448666666667,426.4224,452.7183333333333,451.9705333333334,1294.1530166666666,1288.4266666666667,450.33115000000004,444.4088499999999,430.16333333333336,428.5905166666667,436.4695166666666,438.2733333333333,0.0,431.73770000000013,437.1116666666667,450.3883333333333,450.8607333333334,445.7099999999999,475.39253333333323,507.4218833333334,480.8433333333333,469.3463833333333,0.0002019313871815919,0.0,471.8670118423526,479.6317833555763,518.8313109834583,1330.1365870014588,1304.9750439862612,0.0,0.0,0.0,0.0,0.0,0.0,0.0,0.0,0.0,0.0,0.0,0.0,0.0,0.0,0.0,0.0,0.0,0.0,0.0,0.0,0.0,0.0,0.0,0.0,0.0,0.0,0.0,0.0,0.0,0.0,0.0,0.0,0.0,0.0,0.0,0.0,0.0,0.0,0.0,0.0,0.0,0.0,0.0,0.0,0.0,0.0,0.0,0.0,0.0,0.0,0.0,0.0,0.0,0.0,0.0,0.0,0.0,0.0,0.0,0.0,94.72660721239913,148.8362574956526,147.54448559877443,145.14686816983482,261.740231624455,313.44681961449083,285.5985809844724,362.58030854491847,402.0672240074511,386.23696029889516,441.72641162457444,509.77005994798293,570.4184666666666,0.0,0.0,0.0,0.0,0.0,0.0,0.0,0.0,0.0,566.3792833333333,0.0,0.0,0.0,0.0,0.0,0.0,0.0,549.0327661682866,568.7033833333334,555.8339500000001,553.2133333333333,602.7699833333332,590.7945166666666,505.55666666666656,1324.27875,1282.8987666666667,1270.0016666666666,1343.33545,1360.6575666666668,1312.35,1277.4175166666666,1274.92175,1301.82,1264.5611666666668,1308.2172,1429.92,663.8748833333333
2025-09-21,628.6345166666666,570.185,605.8660666666667,610.7179666666666,562.415,609.9314333333333,512.9521933751315,559.6466666666666,610.2505,629.2302500000001,0.0,610.48155,613.4091166666666,587.4800000000001,574.4494000000001,1423.4969493291117,609.3333333333333,625.99015,0.0,552.3472166666663,637.897,632.2355666666668,621.6516666666666,661.9954833333333,670.1065166666667,616.1166666666667,659.5446999999999,657.4566166666667,610.545,587.1419765702755,639.0674824985878,695.5694136290338,620.599133565375,1496.4665091290726,802.8503000000002,0.0,0.0,0.0,0.0,0.0,0.0,0.0,0.0,0.0,2.765589005093716e-05,388.0636644772211,0.0,0.0,0.0,0.0,0.0,0.0,0.0,0.0,0.0,0.0,0.0,0.0,0.0,0.0,0.0,0.0,0.0,0.0,0.0,764.5101433709871,719.6544828477181,763.3818373513973,747.2955346904711,265.9536331923093,643.5911000000002,658.3221941748278,0.0,0.0,0.0,0.0,0.0,0.0,0.0,0.0,0.0,0.0,0.0,0.0,0.0,0.0,0.0,0.0,1.1543565321403548e-06,158.2875411793903,192.65464592330648,341.87606489311827,313.9854291597667,384.21634945729113,537.1514666666665,571.4440168546059,595.0927132989754,672.399486409998,702.1189327385925,770.663343504411,843.5117166666669,893.7068686316278,944.0133221141747,979.7569409406882,1057.068358211766,973.5742246754281,802.8011666666665,0.0,27.59372924179297,58.935875308684786,7.877612433102854,796.4778886927127,787.3216666666666,18.237249999999904,17.056366666666804,776.6633333333334,795.9266166666667,826.9852833333333,477.26039716726683,10.597799999999893,0.0,0.0,804.4211666666665,24.75705000000005,872.8433333333334,796.48595,771.7623833333333,815.7383333333333,867.4746166666666,787.2688,631.8766666666667,639.2657333333333,668.59215,670.0283333333333,615.9318499999999,602.9053833333334,650.9000000000001,648.2567833333331,654.9485833333333,692.3266666666667,640.8014333333334,604.46935,626.9183333333333,664.0482666666667
2025-09-22,614.4719833333332,541.7133333333333,1438.7453333333333,1492.4783333333335,635.2766666666668,842.9451913453986,569.0858833333333,592.2866666666666,640.0044,1484.65975,1450.0666666666666,627.7587333333335,615.2539666666667,588.1016666666667,604.7253666666667,600.3311,1404.5416666666665,586.5999166666667,611.7848166666666,630.0100000000001,631.5649500000001,620.92195,619.4433333333333,1454.6402000000003,1460.5707166666666,1461.3566666666666,1464.6414833333333,625.9402,616.2783333333333,572.7875166666668,1420.1596222739954,666.6610802957005,653.6153159607492,1569.321808312579,859.7212333333335,0.0,0.0,0.0,0.0,0.0,0.0,0.0,0.0,0.0,0.0,0.0,0.0,0.0,0.0,0.0,0.0,0.0,0.0,0.0,0.0,0.0,0.0,0.0,0.0,0.0,0.0,0.0,0.0,0.0,0.0,546.2256738504093,0.0,0.0,354.1021696283133,0.0,415.44588333333354,433.08857627131897,471.39679297794066,489.13315169194163,489.25667114106705,525.53687297865,514.6834787603298,0.0,0.0,0.0,0.0,0.0,0.0,0.0,0.0,0.0,0.0,0.0,0.0003231376478822767,224.4956150037259,575.0218515972872,414.4492390661578,420.99537945269833,469.8200641075564,521.2806788766231,551.6579484441146,606.0915844896164,674.4258257117635,737.3906927205607,782.9851792076555,809.5733318841068,850.1839957420327,901.1493731953744,978.2001814960997,1058.9018646056745,994.6613927475779,851.2529166666666,0.0,0.0,306.38986953515735,0.0,0.0,0.0,13.967799999999897,0.0,768.7016666666666,850.7553166666665,858.6173166666666,0.0,0.0,829.56345,827.6949999999999,815.9127000000001,0.0,827.1483333333333,825.5165000000001,827.6864666666667,793.9883333333333,838.8512833333332,756.5167833333333,583.3566666666666,583.1510333333334,1455.8043371501826,650.345,667.82705,598.273150908352,632.7249999999999,606.3224,613.20405,652.6333333333332,0.0,594.8709,623.9783333333334,686.6889
2025-09-23,694.691,632.7333333333333,602.6645500000001,1425.7202666666667,1444.8650000000002,1451.4501,1431.4961166666667,1420.0616666666665,1430.8130500000002,1464.6864833333334,637.2299999999999,608.9865333333335,1423.7691166666666,1390.5918130327059,658.1759666666667,647.2063166666668,625.2133333333333,657.0627333333333,641.5447166666668,595.5183333333333,1440.9768666666666,1468.1213833333334,653.0716666666666,667.4524833333334,663.2872833333333,643.7449999999999,658.2618500000001,639.9916333333334,604.3516666666667,1438.250205743786,636.1395168679894,1.3053214840708733,628.1041833333334,1521.666291645912,809.2379000000001,0.0,0.0,0.0,0.0,0.0,0.0,0.0,0.0,0.0,0.0,1.9648953411888215e-05,0.0,0.0,0.0,0.0,0.0,0.0,0.0,0.0,0.0,0.0,0.0,0.0,0.0,0.0,0.0,0.0,0.0,0.0,0.0,696.8660945126823,673.6864007164212,499.42715251861864,573.5524909443476,500.79021927658994,432.27625,413.9794039173149,422.5702954974231,491.71949026554296,349.20582316700154,520.3582241375631,0.0,0.0,0.0,0.0,0.0,0.0,0.0,0.0,9.844595044239929e-05,0.0,0.0,0.0,0.0,1140.8230908178984,467.56577635948184,534.9271594218508,520.6570011429415,478.4269367011884,493.6026207074748,598.9960574580675,669.0992297826799,687.8361126937281,738.5989175951122,840.009907418371,920.8819908517604,919.7876435592991,948.7731519091491,1015.2589528625733,1080.4617652765867,988.8031304683777,823.5245833333333,0.0,0.0,0.0,11.580459481680236,0.0,0.0,0.0,23.3924333333332,0.0,855.6981000000001,841.3248333333333,836.5649999999999,806.6135833333335,306.3265375954328,836.615,850.8352,4.896699999999896,811.3399999999999,848.8937333333333,851.3179666666667,790.4483333333333,847.5636666666666,822.4935833333334,665.8066666666666,599.9482,617.1664666666668,644.845,654.3247,654.4817833333333,653.515,624.1987666666668,630.1908666666666,664.6999999999999,620.7885666666667,640.0281333333334,676.8566666666667,648.4900166666666
2025-09-24,623.3540666666665,616.7149999999999,1417.3395333333333,1429.7146833333334,640.44,643.1346333333332,613.4529333333332,601.215,597.3746166666667,1419.0871166666668,1406.1950000000002,1440.1530166666666,616.5372666666666,591.1266666666667,620.9931166666667,628.0052833333333,600.3533333333334,0.0011868614440083743,620.7051666666667,636.2383333333333,620.5677999999999,1446.8106000000002,1462.9216666666666,604.3705166666667,597.8809166666666,1445.1533333333332,1445.4459833333333,1449.3797333333334,1459.7116666666666,1015.44679340963,639.5079168679894,688.1046299276135,625.8139333333334,1544.0238083125787,875.7979000000001,0.0,0.0,0.0,0.0,0.0,0.0,0.0,297.15160789210154,443.0019302332052,387.26488598572973,487.38342963890597,0.0,0.0,0.0,0.0,0.0,0.0,0.0,0.0,0.0,0.0,0.0,0.0,0.0,0.0,0.0,0.0,0.0,0.0,0.0,0.0,129.3128368921184,0.0,0.0,0.0,0.0,509.8708970482817,509.58870185185185,513.4447191413916,488.2127362663408,504.79417712191344,548.5689500000003,0.0,0.0,0.0,0.0,0.0,0.0,0.0,0.0,0.0,0.0,0.0,6.4643776909179e-06,269.420458785453,199.83375367706992,265.288984244021,341.38253169470204,410.0233413042497,478.2969375010381,517.9372914731257,568.2896917863346,697.5677798728041,756.6265261795104,713.2342965841352,769.0192499999998,861.845671663943,906.4741983881026,990.2364254856955,1073.0552768310295,943.7461892874745,743.3456166666665,773.8564231704984,2.1973139658695118,0.0,0.0,0.06758514125795045,7.948333333333153,356.6185369420647,834.7382500000001,0.0,0.0,774.0957833333333,819.4533333333333,863.9309833333333,23.181800000000067,0.0,801.9532166666667,0.0,801.3633333333332,846.3072999999999,889.6117333333334,855.3499999999999,875.1330500000001,797.9627833333333,628.5716666666666,591.95745,1431.9318833333332,608.7916666666666,688.6002666666667,725.2948666666666,3.3400000000001455,602.7795833333332,594.5527833333333,654.6599999999999,621.4094666666666,630.2071166666667,651.625,638.3783166666667
2025-09-25,1419.8305666666665,1377.0233333333333,1428.2454333333335,629.5122,602.6766666666667,1434.7678500000002,1430.0144333333333,592.9683333333332,623.3681999999999,1441.35315,1421.0900000000001,1442.0162,616.8594166666666,600.1500000000001,621.0619,634.0797,618.0566666666666,597.27555,602.51885,744.9595254536697,628.2864000000001,634.2499166666668,638.1033333333334,623.2831,630.77435,615.0283333333333,1439.4074,1452.79475,634.4083333333334,632.7231439510582,660.0189009727075,705.6244674922863,611.8402166666667,1493.0799211230465,826.27,0.0,0.0,0.0,0.0,0.0,0.0,0.0,269.97497757520085,419.71747025792814,316.2024967809936,392.47389984330835,0.0,0.0,0.0,0.0,0.0,0.0,0.0,0.0,0.0,0.0,0.0,0.0,0.0,0.0,0.0,0.0,0.0,0.0,0.0,299.43043428070314,674.9289870210436,697.0053917772127,699.5513779123172,656.971101963867,590.6782666666663,606.9925548881354,0.0,0.0,0.0,0.0,0.0,0.0,0.0,0.0,0.0,0.0,0.0,0.0,0.0,0.0,0.0,0.0,0.0,181.0374454202115,321.1887839063135,351.41451145970984,387.37748252788947,466.86444699076696,599.9906166666668,678.7277482687185,706.7747609913821,681.7958854355046,722.6548838949398,819.540449742613,906.8905833333336,911.9118237874463,921.0151276815037,1007.3468839732295,1061.1684639594446,935.1972587604746,768.4256166666664,0.0,62.214430632536164,53.58667623526276,0.0,768.9799553593793,0.0,19.113683333333256,0.0,799.1633333333334,873.57425,849.4755166666666,398.92269159011516,830.7918,855.5085333333333,22.573333333333267,19.996316666666416,19.35119999999995,829.4916666666666,833.9793833333333,838.1619666666667,835.4083333333333,922.9247000000001,817.6549166666666,574.1683333333333,1402.2719461859033,671.2996,4.60894184470817e-05,603.2226166666667,599.8060333333334,632.3683333333333,632.7272333333332,606.2892166666668,621.9316666666667,653.1851666666668,602.1867166666667,448.51000000000005,416.39736666666664
2025-09-26,453.17404999999997,467.5466666666667,433.9498833333333,426.05379999999997,467.92833333333346,493.0440666666667,0.0,449.21166666666664,1319.9814000000001,519.2957833333332,480.8299999999999,443.1710333333334,1261.0370666666668,1265.52,454.12611666666663,478.22655000000003,503.28,489.74665000000005,1297.9909652817094,1275.6466666666668,444.2696833333334,463.6645666666668,464.94166666666655,440.12628333333333,464.6753000000001,491.30166666666673,513.9586999999999,507.79215000000005,480.9266666666667,463.9139666666666,452.70135,495.86131797856694,0.0004246854404160655,462.63094246240576,0.0,0.0,0.0,0.0,0.0,0.0,0.0,0.0,0.0,0.0,0.0,0.0,0.0,0.0,0.0,0.0,0.0,0.0,0.0,0.0,0.0,0.0,0.0,0.0,0.0,0.0,0.0,0.0,0.0,0.0,0.0,0.0,0.0,0.0,0.0,0.0,0.0,0.0,0.0,0.0,0.0,0.0,0.0,0.0,0.0,0.0,0.0,0.0,0.0,0.0,0.0,0.0,0.0,0.0,0.0,0.0,0.0,0.0,0.0,4.734149301295929,77.57151133287641,154.467138789454,200.182948389322,254.9229544390176,262.81658271346106,306.1542964144984,339.71807759329454,354.55391242016077,352.5698306962048,398.25519288589163,484.6905382572627,518.4789272197999,542.57725,0.0,0.0,0.0,0.0,0.0,0.0,0.0,0.0,0.0,0.0,0.0,0.0,0.0,0.0,472.5373465340401,0.0,0.0,566.9649999999999,566.7394,614.1816666666667,614.0983333333332,574.6911000000001,530.4800666666666,494.22666666666663,431.4673833333333,1288.7432500000002,530.5349999999999,0.0,370.9227409682175,493.2433333333334,469.7392,446.2154833333333,435.1166666666667,415.89630000000005,1039.7377086812128,460.4450000000001,0.0
2025-09-27,0.0,431.75999999999993,431.9832333333333,462.2978,482.80166666666673,0.0,446.4217500000001,1286.1831424916284,461.86935,472.2340333333333,457.4866666666666,459.11578333333335,1289.8921833333334,1283.8133333333335,468.2894166666667,447.68951666666663,432.8833333333334,484.65375,0.0,0.0,461.34301666666664,466.5356000000001,476.23666666666657,480.97388333333345,384.99778192787954,436.3300000000001,1255.7814333333333,1286.3894166666666,490.20166666666677,482.0377,445.6905166666666,467.31798464523365,452.89544600079546,1282.8585924624058,0.0,0.0,0.0,0.0,0.0,0.0,0.0,0.0,0.0,0.0,0.0,0.0,0.0,0.0,0.0,0.0,0.0,0.0,0.0,0.0,0.0,0.0,0.0,0.0,0.0,0.0,0.0,0.0,0.0,0.0,0.0,0.0,0.0,0.0,0.0,0.0,0.0,0.0,0.0,0.0,0.0,0.0,0.0,0.0,0.0,0.0,0.0,0.0,0.0,0.0,0.0,0.0,0.0,0.0,0.0,0.0,0.0,0.0,39.26850000702984,90.78889499184413,126.5847016507351,127.11801754361613,192.30044211548866,230.79786449109463,316.75404730046375,324.27677948891716,291.2973333333333,321.7487482502705,392.35819847048185,413.2808652621557,442.94823250103053,500.5661821473127,574.76125,0.0,0.0,0.0,260.4057153774562,538.6231106788182,0.0,0.0,0.0,0.0,0.0,0.0,0.0,0.0,0.0,0.0,0.0,0.0,625.0166666666668,511.7014833333334,489.13756666666677,527.2666666666667,507.8673166666668,523.4110833333334,512.6600000000001,1299.2393166666668,1287.7559,495.25000000000006,1322.0687,1297.8196,1294.6000000000001,1282.6743333333334,1262.9377610913466,1255.6583333333335,1270.8069666666668,1360.34755,621.21,595.7521
2025-09-28,558.38845,772.4056584222724,636.6965333333334,625.4497333333334,598.0649999999999,1413.333,1420.9968833333332,605.0616666666666,621.56755,621.3526499999999,593.9583333333333,609.8312500000001,627.60445,617.815,603.0242333333333,584.6119833333333,622.8100000000001,664.1624166666667,650.7836666666667,611.1683333333334,610.6444,623.2146833333334,627.5200000000001,620.8402666666667,632.9616833333334,643.5766666666666,663.1682,641.9167333333334,605.8433333333334,613.0214272843915,639.8563477679992,661.1179846452337,652.6249659607491,711.280641645912,815.18,0.0,0.0,0.0,0.0,0.0,0.0,0.0,0.0,433.1804377586213,343.23064879854064,1219.466819697564,3.906982319579429e-05,0.0,0.0,0.0,0.0,0.0,0.0,0.0,0.0,0.0,0.0,0.0,0.0,0.0,0.0,0.0,0.0,0.0,0.0,656.1999818223504,611.6750609352592,815.9488469105873,810.8313469346691,499.1035825954551,418.1029333333332,658.8196936426943,513.9630168904401,537.4655606208657,658.3630166074033,746.9361504827407,105.18600401473202,0.0,0.0,0.0,0.0,0.0,0.0,0.0,0.0,0.0,0.0,0.0,0.0,647.7412971202425,185.22334692436885,201.69965342092735,259.4576714829868,325.80106870476675,461.5525499999999,572.897567880048,611.9348987978408,625.9343162173416,700.3325866852863,809.9316501392204,878.3719666666666,933.6524463273639,978.1148362514813,1001.0560551854167,1036.7990617148148,941.2653461646161,783.3562499999999,474.4155499999985,19.955543159662625,8.003333333333217,29.701753552134846,33.322727345484736,8.33833333333314,0.0,821.9143999999999,838.2983333333333,2.1582666666665773,0.0,0.0,812.9905333333334,802.8532999999999,820.9366666666666,839.4319999999999,8.71208333333334,838.2600000000001,863.0294166666666,854.7714333333334,814.9266666666667,871.7126833333333,826.1851999999999,637.5300000000001,593.2245666666666,605.1032833333334,607.235,617.3924833333334,1481.2678283901987,658.8766666666667,604.6753166666666,576.7346833333334,614.335,627.3240499999999,595.5865,602.5916666666667,665.8457833333333
2025-09-29,1480.1577833333336,1405.2833333333333,647.885,661.57835,591.9583333333334,597.5103166666667,1442.8217333333332,1430.06,636.05075,656.9429166666666,1451.8783333333333,1455.5923000000003,616.24715,580.1483333333333,618.6186666666667,636.6435666666666,638.5,622.2540833333334,616.2757333333334,633.9366666666666,647.1962666666667,626.9198000000001,606.3516666666667,1468.78825,1484.4377833333333,1443.3783333333333,602.5840833333333,804.7878012895521,1445.8066666666666,625.3253606177249,649.6429502013227,658.22,637.0238833333333,687.9377583125787,789.0058833333335,0.0,0.0,0.0,0.0,0.0,0.0,0.0,0.0,0.0,0.0,2.0239848652181536e-05,0.0,0.0,0.0,0.0,0.0,0.0,0.0,0.0,0.0,0.0,0.0,0.0,0.0,0.0,0.0,0.0,0.0,0.0,0.0,0.0,0.0,74.00341202986965,467.7994715228482,0.0,278.8522666666664,288.9073692936953,481.86506563785747,565.3187533630211,584.5370424750074,578.2944125817477,608.9473166666666,17.820003346481144,0.0,0.0,0.0,0.0,0.0,0.0,0.0,0.0,0.0,0.0,0.0,1045.4207870983041,561.4499937003675,390.932065119306,406.5018111346076,457.0235099984242,519.3392504574801,590.2576830649166,686.6293970210402,787.5021004328077,800.1154807227854,820.4871319272781,876.2291611130545,947.4347227698339,979.1006226237187,1004.0305859803789,1077.0943707716374,998.2719081250639,798.9389499999997,0.0,0.0,858.21,0.0,776.72885,828.2716666666666,0.0,0.0,0.0,0.0,94.26104697941435,877.6916666666665,856.1688000000001,0.0,0.0,805.0192666666666,0.0,797.2633333333332,894.5795999999999,909.0045833333335,830.5483333333332,863.3244500000002,844.1986999999999,666.865,566.5278833333333,560.4287999999999,600.5266666666665,610.5876333333334,651.0975,693.7616666666667,652.0081833333334,648.9889833333333,686.2233333333334,642.4787666666666,595.7023333333334,600.7816666666666,594.3568166666666
2025-09-30,1417.2138166666666,594.935,625.4173333333333,1459.4499666666668,1437.1166666666668,621.0330166666666,603.8879333333334,568.9516666666666,598.4840833333334,617.9762166666667,1438.0866666666666,632.43015,637.1444333333334,607.2566666666667,613.2312833333333,1176.593248790847,594.9566666666667,615.9854000000001,624.7906666666667,1434.8583333333333,1430.4624333333334,1454.9687333333336,645.1916666666667,613.65985,1451.2398000000003,1464.3516666666667,1471.9324833333335,628.65875,631.8533333333334,647.0715,637.5979009727075,618.4399999999999,615.9057,1527.1188044563796,816.4462333333335,0.0,0.0,0.0,0.0,0.0,0.0,0.0,507.2940515129577,0.0,6.188024374469137,417.20155216734986,0.0,0.0,0.0,0.0,0.0,0.0,0.0,0.0,0.0,0.0,0.0,0.0,0.0,0.0,0.0,0.0,0.0,0.0,0.0,40.779589943296514,452.92322606045366,429.6983764962898,427.1776370664926,360.4434768137436,316.96738333333315,347.2573428539147,472.94906998865804,455.88734701153896,493.72816919235913,580.8184416020955,635.9031333333332,0.0,24.28636736081387,40.532768793224136,113.65945158487227,197.59499500351637,249.9826333333333,274.015991052951,136.00898400638323,0.00010128065272851927,0.0,0.0,0.0,348.42249001909033,437.4208914787815,478.30903117408695,594.2733331194418,1309.8483217094888,610.0523067268443,698.6342797904349,737.2103843832865,752.8969552854253,820.4509027660363,857.4600184973299,890.6181938237535,952.5597096601803,976.3204464904586,995.6344421332699,1084.51427424526,992.8983899207055,767.9216666666666,785.4748333333333,20.76061666666658,34.409999999999854,23.560368101733275,0.9954227823038764,805.4816666666667,817.1640500000001,846.92625,21.149999999999864,0.0,0.0,383.353133333333,0.0,851.7899833333335,870.7133333333334,0.0,0.0,883.795,880.9654333333333,856.7197166666667,843.855,858.8044166666667,827.6145499999998,672.4216666666667,561.47115,1391.2035256300708,681.1649999999998,0.00022857297572463173,592.2561499999999,603.735,589.8867166666666,601.5602,645.7483333333332,648.8298333333335,602.5655499999999,574.4633333333334,608.0036333333334
2025-10-01,649.2041333333333,616.0483333333334,590.75715,585.4005333333333,1437.74,1441.1235000000001,1446.0470666666668,1461.0733333333333,1462.5428833333335,601.3643333333333,576.8633333333332,632.2880333333334,661.6757333333333,0.029635553930052468,597.2804,598.4688,736.7860346444863,660.9227833333334,650.499,1472.08,1499.1892,1466.788266666667,1428.7716666666665,619.6417666666666,646.27705,1455.7216666666668,1486.1993833333333,664.0553833333333,645.2983333333333,632.3881166666667,650.3195999999999,669.725,617.742962667462,1500.6305924624057,806.6433333333332,0.0,0.0,0.0,0.0,0.0,0.0,0.0,0.0,0.0,0.0,0.0,0.0,0.0,0.0,0.0,0.0,0.0,0.0,0.0,0.0,0.0,0.0,0.0,0.0,0.0,0.0,0.0,0.0,0.0,0.0,0.0,603.2284775806137,630.5363267684814,0.0,0.0,0.0,433.984451115305,0.0,0.0,0.0,0.0,0.0,0.0,0.0,0.0,0.0,0.0,0.0,0.0,0.0,0.0,0.0,0.0,0.00012620360178061674,424.1859470744805,315.5868536052784,358.4755015717295,343.52844229220545,398.448223874577,520.2438031672355,545.624421247094,584.6948052168768,678.7958649975542,700.6104819735322,762.6187229405534,855.0110166666667,900.710164251148,936.0688264128316,985.2600666757226,1060.4574407934617,970.4274508790556,770.00225,764.1286469601212,4.384983333333139,24.068333333333157,0.0,0.0,805.0316666666665,265.8910248646972,0.0,0.0,801.2104833333335,846.8844833333334,2.6083333333333485,0.0,800.6032666666667,832.0183333333333,0.0,0.0,787.8966666666666,834.2128666666666,872.4411166666667,848.7116666666666,836.3482666666667,772.0718833333333,623.1533333333333,597.3977,594.6822333333333,595.0116666666667,644.16685,658.8905,619.6716666666666,635.9415666666667,632.4464166666667,601.5566666666666,627.2119666666667,667.4954499999999,649.5666666666666,589.9337166666667
2025-10-02,605.7598833333333,1481.871666666667,1501.0191166666668,627.2742666666667,595.3983333333333,622.1740833333333,633.98495,614.5466666666667,597.05695,1417.2604333333334,1425.2083333333335,646.5419666666667,650.1874166666666,593.9166666666667,1410.1547166666667,598.6046833333334,648.1566666666668,658.3564666666665,645.1718166666666,628.9033333333333,608.12785,1427.5744,1454.8916666666667,618.7819999999999,626.6308333333333,1121.050739467455,649.4909166666666,645.0198,642.6116666666666,662.1255666666667,627.84375,563.0816666666667,560.732751554845,1502.3589833333335,814.9266666666668,0.0,0.0,0.0,0.0,0.0,0.0,0.0,0.0,0.0,0.0,1.891117000241138e-05,0.0,0.0,0.0,0.0,0.0,0.0,0.0,0.0,0.0,0.0,0.0,0.0,0.0,0.0,0.0,0.0,0.0,0.0,0.0,600.9755593257529,582.3409683510087,614.9778137599495,596.079059364638,546.3409624944892,0.0,493.67137770316344,0.0,0.0,0.0,0.0,0.0,0.0,0.0,0.0,0.0,0.0,0.0,0.0,0.0,0.0,0.0,0.0,52.8183820248405,125.35252243208504,162.96939164431512,242.31970751577683,285.016718298162,346.84795897345793,436.86965195122593,486.60022071044443,541.293485786276,629.0809723780767,716.1212515731737,737.380109630943,780.847484624719,879.5868303203354,923.166068572358,934.9462200439785,1032.93504444751,985.6139778171989,798.6595833333333,728.3973596834286,780.9829666666667,854.3003903692274,10.592820924510306,30.206878008966328,34.17999999999995,0.0,0.0,0.0,206.39341283464444,776.5503166666667,827.4033333333334,0.0,0.0,845.1966666666666,0.0,0.0,872.8499999999999,896.4960166666667,889.4491166666668,844.6199999999999,833.0411333333333,782.0891166666665,624.7866666666666,561.0946166666666,1401.6099302452944,615.4216666666667,643.29175,677.91715,692.5966666666666,0.0,655.3221666666667,656.245,653.1553666666666,600.4813333333333,499.5683333333333,429.1304333333333
2025-10-03,446.62731666666673,476.3816666666667,453.9062333333334,411.00140000000005,402.7283333333333,400.0634166666666,1245.0584666666668,1263.371666666667,609.836744827537,1271.7922166666667,1316.97,1315.0390666666667,457.65883333333323,449.4633333333333,0.0,461.73980000000006,483.97833333333335,455.9473833333332,441.7400333333334,463.21,429.60363333333333,0.0,0.00018009542445860706,493.3882833333334,0.0,0.0,490.16573333333326,505.42626666666666,0.0,0.0,473.35301666666663,493.97631797856695,490.2526463097952,480.25011666666666,0.0,0.0,0.0,0.0,0.0,0.0,0.0,0.0,0.0,0.0,0.0,0.0,0.0,0.0,0.0,0.0,0.0,0.0,0.0,0.0,0.0,0.0,0.0,0.0,0.0,0.0,0.0,0.0,0.0,0.0,0.0,0.0,0.0,0.0,0.0,0.0,0.0,0.0,0.0,0.0,0.0,0.0,0.0,0.0,0.0,0.0,0.0,0.0,0.0,0.0,0.0,0.0,0.0,0.0,0.0,0.0,0.0,0.0,0.0,0.0,0.0,46.45056624804697,109.3814476601126,165.1753064897357,210.75546181511282,236.77074609105813,253.7740666666666,248.25083733289472,307.68705196470137,384.69760846310305,426.64111489171535,445.38119369675377,460.48458333333326,499.3819165924368,0.0,0.0,0.0,0.0,0.0,0.0,0.0,0.0,0.0,0.0,0.0,0.0,0.0,0.0,0.0,0.0,529.1116666666667,567.3296166666668,577.9588166666668,532.4583333333333,590.0973333333333,611.8861333333334,506.4116666666667,447.52655,457.3705833333335,492.3583333333334,487.0374666666666,479.85313333333335,459.10333333333324,452.80420000000004,455.3144333333333,470.54,479.03663333333327,492.75596666666655,465.39166666666665,440.78788333333335
2025-10-04,441.9598000000001,452.0866666666667,486.13436666666666,469.8447833333333,444.0233333333334,490.29338333333334,501.61071666666675,446.0,431.1692,440.51245,449.15833333333336,458.3025333333333,468.97825000000006,473.29999999999995,444.2253166666667,417.8110666666667,467.7616666666667,516.7200333333333,0.005113414896843569,433.84999999999997,1262.7432,473.0797,0.0,449.59880000000004,1291.1382833333334,1334.9916666666668,497.7496833333334,464.21864999999997,452.5016666666666,477.7506666666667,479.89584999999994,481.80333333333334,511.76193333333333,720.7198209487225,0.0,0.0,0.0,0.0,0.0,0.0,0.0,0.0,0.0,0.0,0.0,0.0,0.0,0.0,0.0,0.0,0.0,0.0,0.0,0.0,0.0,0.0,0.0,0.0,0.0,0.0,0.0,0.0,0.0,0.0,0.0,0.0,0.0,0.0,0.0,0.0,0.0,0.0,0.0,0.0,0.0,0.0,0.0,0.0,0.0,0.0,0.0,0.0,0.0,0.0,0.0,0.0,0.0,0.0,0.0,0.0,0.0,0.0,0.0,0.0,108.94081148243401,188.95528111362,227.00338256408838,290.03555839784923,339.4390032041935,319.54024682759734,310.98118814942325,328.52846553641086,348.6968081924158,379.86398048381915,485.27651371062433,536.6258991146998,509.90561666666656,0.0,0.0,0.0,0.0,0.0,0.0,0.0,515.1987800388423,0.0,0.0,0.0,0.0,0.0,0.0,0.0,0.0,0.0,524.2683333333333,582.3033666666668,598.0217500000001,551.6533333333333,575.89335,560.9161999999999,447.6716666666667,1260.8287666666668,1260.6054000000001,1265.3216666666667,1329.2450333333331,1332.0687333333333,1262.4383333333333,1308.48735,1339.0424666666668,1329.5883333333334,1315.5982166666668,561.0031833333333,635.9499999999999,625.0629333333333
2025-10-05,612.0705999999999,605.245,591.0741166666667,587.8720333333334,606.16,0.00026765712544285703,578.9150500000001,575.7049999999999,622.5502833333333,627.4006666666667,610.8533333333332,654.3072,0.0,621.8783333333333,610.2500666666666,586.7208,588.16,1330.3851263492281,1452.4969666666666,626.1933333333333,623.3066,628.8129833333334,638.4133333333333,618.6015333333334,636.1834166666666,643.5716666666666,633.4989166666667,629.1857333333334,643.0933333333334,628.4097,622.8040666666667,629.6333333333333,607.5264833333333,689.746791645912,846.5799999999999,0.0,0.0,0.0,0.0,0.0,0.0,0.0,0.0,0.0,0.0,1.0021687558037229e-05,0.0,0.0,0.0,0.0,0.0,0.0,0.0,0.0,0.0,0.0,0.0,0.0,0.0,0.0,0.0,0.0,0.0,0.0,0.0,0.0,0.0,0.0,0.0,380.85800078158104,399.0837333333336,357.30666584299433,353.6625493827155,388.1780541666666,0.0,386.68223618604213,0.0,0.0,0.0,0.0,0.0,0.0,0.0,0.0,0.0,0.0,0.0,0.0,0.0,198.10988105606032,230.5142696775498,280.39836339325166,683.3929954140417,354.3252103745913,473.8909500000002,536.6005683697588,592.1643592060875,652.9828000376787,714.0332324528126,774.3490472043457,838.6849499999998,877.369150762761,945.7875494334684,1023.475003286885,1120.9377062687713,1008.0394557011577,758.3283333333334,141.8695666666673,0.0,762.1266666666667,762.654053165589,781.80065,0.0,0.0,817.5869666666666,875.8683333333333,0.844865625684406,0.0,0.0,0.0,0.0,790.6033333333334,0.0,0.0,793.03,829.9752333333334,832.8824000000001,776.2666666666668,832.9638833333333,797.1515166666669,622.2366666666666,609.8778,651.6798000000001,644.74,577.7087166666666,572.9843833333334,599.5866666666666,645.4827666666667,637.6398333333334,632.1499999999999,631.2023333333333,661.6508833333332,671.6333333333333,630.1638333333334
2025-10-06,615.4844333333333,624.7133333333334,1476.7033000000001,1453.4432833333333,1426.2033333333334,1430.6000166666668,1447.4166166666666,605.4816666666667,602.4250666666667,579.8638833333333,1403.7433333333333,606.7774166666666,638.2353666666667,616.8633333333333,609.7155833333333,610.4034166666665,653.0083333333333,686.1690666666667,651.5765000000001,583.3388374199847,588.4368000000001,617.08305,1470.7649999999999,650.9893166666666,653.2371666666666,620.7816666666668,640.3031333333332,649.8931833333334,625.8466666666667,617.7103666666667,628.6007333333333,642.125,1458.7170848881783,1538.2379666666666,864.5766666666668,41.08855255648825,0.0,0.0,0.0,0.0,0.0,0.0,0.0,0.0,0.0,196.58140605279021,0.0,0.0,0.0,0.0,0.0,0.0,0.0,0.0,0.0,0.0,0.0,0.0,0.0,0.0,0.0,0.0,0.0,0.0,0.0,0.0,0.0,516.8740703723714,508.9205241565479,440.66911477696055,429.6929499999999,436.3517908962766,458.14020443612117,488.20898248595495,0.0,268.8509293902198,0.0,0.0,0.0,0.0,0.0,0.0,0.0,0.0,0.0,0.0,0.0,0.0,0.0,391.10093723822365,272.49760902378955,354.3050615562481,395.7044972010807,436.89622865026763,518.7404616149888,597.4979783281004,643.9764095928181,678.6012861868358,720.3572222313398,772.0806016849764,842.8817000000001,912.4647056411122,952.0608333073877,962.5449365555045,1033.2632222798052,958.8228914463479,771.8216666666667,736.6745833333332,404.22184999999854,1.861666666666565,9.39614755167031,0.0,0.0,0.0,808.9858666666667,849.9966666666666,809.05645,776.0126833333335,798.2033333333331,0.0,0.0,4.720000000000027,15.442566666666607,0.0,778.83,802.5083500000001,806.7833166666668,780.1483333333332,864.7006833333332,793.1590166666666,550.7716666666665,1377.8028891459721,1432.97345,630.0733333333334,629.63265,663.3098500000001,0.0,598.2275333333333,587.3722166666668,638.3683333333335,616.8462166666667,649.6400666666666,0.0,640.6664762917625
2025-10-07,615.1176166666667,610.4033333333334,622.5450000000001,625.6329999999999,618.8616666666667,1470.3773333333334,631.7392000000001,693.0959574980557,1413.5694833333334,1417.8939166666667,1418.91,1417.2166166666666,1449.7146333333335,629.1800000000001,609.7117833333333,1440.5299833333333,1479.8866666666668,1476.0949166666667,622.3590166666668,625.375,630.9608499999999,631.8257833333333,630.7833333333333,639.8546166666666,648.35285,634.7266666666666,677.2397333333333,4.058615914378853,0.0,632.7253000000001,624.0549833333332,625.8716666666667,1424.2555358344812,1497.3359333333333,811.51,0.0,0.0,0.0,0.0,0.0,0.0,0.0,0.0,0.0,44.10427705786526,455.2716364739524,0.0,0.0,0.0,0.0,0.0,0.0,0.0,0.0,0.0,0.0,0.0,0.0,0.0,0.0,0.0,0.0,0.0,0.0,0.0,0.0,624.4221334653342,612.6896671692747,619.1579009151259,550.4014787278217,500.02390000000025,530.7103581715825,433.39704326529863,447.1579896768578,483.1340542142319,529.6868198782636,311.9364491679801,0.0,0.0,0.0,0.0,0.0,0.0,0.0,0.0,0.0,0.0,0.0,9.66615462516529e-06,202.4660898812234,553.0781639000155,295.0296185408755,342.6414376729108,413.6377913499664,473.9818408677098,548.6692201229071,597.4945816011536,653.7175152709674,673.6488066818582,783.6760152506231,805.5430166666667,857.9584650659815,904.3915242861949,955.1350174010298,1053.5811103117217,990.5102577498817,799.9571166666667,0.0,824.5815870032255,859.8216666666667,0.0,0.0,200.40437377899718,0.0,789.5669833333333,796.5949999999999,0.0,0.0,0.0,38.99346666666668,15.655233333333285,784.9683333333334,839.4641666666666,19.67711666666662,801.1633333333333,836.6096,834.6261166666665,763.5699999999998,772.70635,738.9365,619.8266666666666,592.0922,577.5698333333335,584.6666666666666,1435.4647166666668,626.5156833333334,594.7149999999999,630.2582333333334,630.7333666666666,641.9366666666668,0.0,612.1474833333331,596.98,580.25235
2025-10-08,582.4381333333333,601.6816666666667,610.7135000000001,1423.7382499999999,1401.3033333333333,1442.1429333333333,614.8047333333334,1404.52,1425.1793333333335,605.8748333333334,615.8454920762036,1441.68345,629.7675,616.2,1434.2509666666667,615.4698166666667,641.3383333333334,622.0485333333334,611.62105,633.2333333333333,619.6859499999999,619.5086000000001,636.9166666666666,624.1600166666667,648.5249833333335,663.3783333333333,1468.2058666666667,609.95105,617.1349999999999,641.7571333333334,638.0825833333333,612.8783333333333,589.9113500000001,1528.3883999999998,851.9066666666668,0.0,0.0,0.0,0.0,0.0,0.0,0.0,0.0,0.0,0.0,6.819417933456862e-06,0.0,0.0,0.0,0.0,0.0,0.0,0.0,0.0,0.0,0.0,0.0,0.0,0.0,0.0,0.0,0.0,0.0,0.0,0.0,0.0,0.0,564.8957120237927,569.2374457476329,529.7141438831497,0.0,0.0,139.6096373359323,494.92351862977716,548.5692738564741,559.2343125771605,0.0,0.0,0.0,0.0,0.0,0.0,0.0,0.0,0.0,0.0,0.0,0.0,0.0,80.76805828567797,206.68850827558674,306.1304499682699,338.90495683399274,379.8431865842408,463.8080666666667,531.0460722386969,573.3373417830005,635.7328502056607,645.9318304225467,690.0853811664504,773.5403,833.8791174606915,882.3440030220047,943.2971343206498,1011.3250487332245,910.5581965976431,711.8887833333335,638.6789166666666,0.0,0.0,0.0,696.4018500000001,728.3283333333333,0.0,0.0,0.0,0.0,651.4998171960987,0.0,0.0,0.0,0.0,712.0986333333332,0.0,715.7133333333334,719.9419833333334,720.9499166666666,733.3866666666665,763.7681,676.2089666666666,523.7800000000001,534.0614333333333,1407.3711166666667,580.2583333333333,552.7331166666668,1410.0387497207848,1414.7916600297908,579.0085666666666,0.0,585.9783333333332,595.5974833333333,387.59957805949733,0.0,0.0
2025-10-09,1412.7512500000003,1394.2533333333336,1408.7283499999999,596.84755,589.5533333333334,1422.9790333333335,619.1229,634.2133333333333,1461.7978,1437.2445333333335,1445.71,1460.2196,660.1523000000001,639.5116666666668,615.68765,1454.4507,640.0183333333333,625.1384166666667,606.4122333333333,1449.73,1444.2717666666667,1042.9520231775766,636.3516666666667,600.3426,612.1870666666666,642.7316666666667,647.3398,629.3918166666666,608.15,615.3744666666666,620.13115,612.0900000000001,604.0345666666668,714.9984833333333,864.3466666666668,0.0,0.0,0.0,0.0,0.0,0.0,0.0,0.0,0.0,0.0,0.0,0.0,0.0,0.0,0.0,0.0,0.0,0.0,0.0,0.0,0.0,0.0,0.0,0.0,0.0,0.0,0.0,0.0,0.0,0.0,0.0,0.0,401.59931506394923,482.35154502171974,0.0,0.0,359.6274667374731,339.36405730732804,288.79429578664474,398.55314032298224,398.689449997947,0.0,0.0,0.0,0.0,0.0,0.0,0.0,0.0,0.0,0.0,0.0,0.0,2.32147630754298e-05,181.55463376973125,490.84329380146744,291.0376769663195,354.20477657103334,410.5475531769347,451.93303530085984,524.7790274486808,589.9864779515424,667.8442419171251,728.8787842345525,735.5255262016392,797.6781291615567,883.521759168132,944.8945851901246,955.7063678422708,1011.8502723015927,921.9822833965997,722.96125,689.3692789215398,0.0,566.2926159776382,0.0,724.7541666666666,0.0,0.0,0.0,0.0,739.8371,0.0,0.0,0.0,0.0,753.3300000000002,0.0,0.0,716.7233333333334,733.9110666666667,746.0418,744.6333333333334,745.3927166666666,667.4848833333334,564.1066666666666,567.3173833333333,577.1531166666667,567.5716666666666,572.6679833333332,573.7881666666667,561.8016666666666,1103.840509105427,563.3260666666665,561.6416666666667,579.7656333333333,539.0808333333333,0.0001232912709811834,388.3939666666666
2025-10-10,1234.2662500000001,1264.6066666666668,448.13125,448.9568166666666,426.3883333333334,417.19781666666677,1276.9186333333334,1302.6466666666668,0.0,430.34728333333334,445.5699999999999,432.6737833333334,433.1903333333333,1257.4900000000002,468.6499333333333,0.0,0.0,1203.7205897523254,1291.5608000000018,460.2733333333333,0.0002631704899158649,1280.72515,1323.1266666666668,0.0,475.57728333333336,488.80833333333334,467.85790000000003,460.70036666666664,461.285,452.6790833333333,445.4119333333333,459.40166666666676,482.02913333333333,489.8454499999999,0.0,0.0,0.0,0.0,0.0,0.0,0.0,0.0,0.0,0.0,0.0,0.0,0.0,0.0,0.0,0.0,0.0,0.0,0.0,0.0,0.0,0.0,0.0,0.0,0.0,0.0,0.0,0.0,0.0,0.0,0.0,0.0,0.0,0.0,0.0,0.0,0.0,0.0,0.0,0.0,0.0,0.0,0.0,0.0,0.0,0.0,0.0,0.0,0.0,0.0,0.0,0.0,0.0,0.0,0.0,0.0,0.0,0.0,0.0,0.0,1.8688902754981882,68.46824393481336,148.4112589578059,235.25237516473146,294.098665917153,278.895999359843,268.6337999999998,287.93148457232974,343.6989648312988,382.85071305663337,418.6891133826102,446.392813599358,2.7125645973857786,0.0,0.0,0.0,0.0,0.0,0.0,0.0,0.0,0.0,0.0,0.0,0.0,0.0,0.0,0.0,0.0,0.0,0.0,445.64524999999986,454.4175666666666,452.2566666666667,482.02501666666666,438.8023166666667,357.2266666666666,373.11798333333337,1223.8816833333335,390.7749999999999,411.38438333333323,419.36370000000005,409.7666666666666,414.9788666666666,422.4054833333333,0.0,442.7141499999999,203.94709000944886,429.8816666666667,436.03946666666667
2025-10-11,1291.5725833333333,441.4433333333333,439.83690000000007,1271.91635,1282.305,1268.6163666666666,425.0264666666667,431.38499999999993,453.9777833333333,442.49445,425.8849999999998,415.31694999999996,446.98771666666676,623.161035152254,1298.7041166666668,459.43038333333334,452.59999999999997,467.1777666666667,1288.6632166666666,434.6933333333334,442.03079999999994,455.21225000000004,469.73,455.9728666666667,480.98095,1336.8416666666667,481.51580000000007,489.8888666666666,0.0,0.00010684747445566245,484.5954833333334,486.3950000000001,460.3773166666667,1303.6859666666685,0.0,0.0,0.0,0.0,0.0,0.0,0.0,0.0,0.0,0.0,0.0,0.0,0.0,0.0,0.0,0.0,0.0,0.0,0.0,0.0,0.0,0.0,0.0,0.0,0.0,0.0,0.0,0.0,0.0,0.0,0.0,0.0,0.0,0.0,0.0,0.0,0.0,0.0,0.0,0.0,0.0,0.0,0.0,0.0,0.0,0.0,0.0,0.0,0.0,0.0,0.0,0.0,0.0,0.0,0.0,0.0,0.0,0.0,0.0,0.0,23.292752646619306,104.71104562494537,137.26382104409475,175.30020519464603,289.9514063174024,308.71201715679865,246.21556666666683,307.1299392523119,375.1896934224285,386.48376081921816,418.5914569357217,440.4664598797504,85.77208105339412,0.0,0.0,0.0,0.0,0.0,0.0,0.0,0.0,0.0,0.0,0.0,0.0,0.0,0.0,0.0,0.0,0.0,0.0,484.9703666666666,500.47219999999993,491.22166666666664,503.20241666666664,457.7749166666667,375.4516666666667,1228.8789333333334,1252.599516666667,411.2383333333334,427.9881166666667,1259.7445666666667,1243.3383333333334,1270.6769333333332,1260.6454999999999,420.83,427.21786666666657,1341.71795,612.2583333333333,0.0
2025-10-12,1444.9638166666666,1440.5016666666668,596.2038833333334,1432.1083333333333,634.1833333333333,646.01365,624.70915,592.4016666666668,590.7107833333333,598.7305,1444.2783333333334,983.5322886831266,606.6868000000001,598.2466666666668,624.09385,649.2197333333334,625.9933333333333,604.7078833333334,601.1406166666666,630.7366666666667,627.2551666666667,609.0202833333333,626.6716666666666,633.8658333333333,640.13105,623.0933333333334,636.7507166666667,669.6587166666667,660.775,635.3726319940426,1459.3513333333333,626.9583333333334,593.6901182215116,664.7227333333334,819.2733333333334,2.0692189062386888,0.0,0.0,0.0,0.0,0.0,324.2103225017043,570.8405137120885,0.0,366.4407472599083,423.9901591838466,0.0,0.0,0.0,0.0,0.0,0.0,0.0,0.0,0.0,0.0,0.0,0.0,0.0,0.0,0.0,0.0,0.0,0.0,0.0,690.5753389014425,669.791640632225,0.0,528.6261112554563,557.523363683886,521.5259166666665,614.0811128581871,517.1827315029961,0.0,0.0,15.036665379083331,0.0,0.0,0.0,0.0,0.0,0.0,0.0,0.0,0.0,0.0,0.0,0.0,1.537439950105579e-05,104.63152624996565,213.23305925434948,225.18879942641888,267.53191189173424,309.69214940603706,372.9690075425907,467.3207649022787,534.6333840083817,599.9372609070185,642.2848500109903,704.3758736931437,743.5191666666665,827.3382101935076,888.881959586774,956.9807153763394,1047.1860630489416,952.9147140577866,730.0566666666665,688.7586166666666,0.0,0.0,0.0,0.0,0.0,0.0,70.42470569226157,744.4616666666667,721.6195833333335,0.0,0.0,0.0,0.0,749.8816666666669,751.7788666666668,0.0,749.8149999999999,761.7078166666665,782.8241,768.3133333333335,756.3990166666666,680.02085,560.5283333333334,519.8348166666667,1391.3060138344733,616.885,595.5810833333333,0.0,566.5866666666667,534.40685,551.3778666666666,587.5283333333334,565.5528,564.0193999999999,497.0804792940768,611.0346666666667
2025-10-13,1438.0307000000003,1429.6933333333336,1427.3654666666666,588.9621666666667,1428.2383333333335,1428.8888000000002,1399.5742166666669,1392.2216666666668,1433.9789166666667,617.1193499999999,614.255,625.1577166666667,1476.9618666666668,628.585,618.0319000000001,617.7559333333334,613.8933333333332,626.67525,619.5444666666666,612.7149999999999,1440.4598166666667,1449.9721666666667,1466.525,614.8442833333334,618.2605666666667,616.6,617.4819500000001,630.9561833333333,632.44,643.9865666666667,648.9929500000001,637.8799999999999,627.2553666666668,1216.9063311455325,800.5150000000001,0.0,0.0,0.0,0.0,0.0,0.0,0.0,0.0,0.0,0.0,140.45713350406635,0.0,0.0,0.0,0.0,0.0,0.0,0.0,0.0,0.0,0.0,0.0,0.0,0.0,0.0,0.0,0.0,0.0,0.0,0.0,0.0,507.1468682780503,560.6581605020752,324.7106545089788,0.0,0.0,400.1663825707144,0.0,387.4612056767061,439.97536435295547,249.64681070106258,0.0,0.0,0.0,0.0,0.0,0.0,0.0,0.0,0.0,0.0,0.0,0.0,0.0,202.59926140575396,521.002710832194,330.65571570552333,386.0390857490836,445.5084177862882,521.556797222462,617.8253150294734,687.6407201082948,709.3402455713315,737.6118314985206,789.4112529531568,865.6794333333333,897.1475986378605,941.5199468735336,1005.6138829858573,1013.9514878313616,918.9297324976009,753.3149999999998,694.5858763500952,742.0192499999999,213.23998719843848,0.0,0.0,714.4916666666666,748.09995,773.4196000000001,0.0,0.0,0.0,0.0,0.0,0.0,0.0,0.0,0.0,732.2416666666667,736.7056499999999,738.7795500000002,733.3950000000001,775.68115,696.4859499999999,543.6833333333334,567.0959,1418.2788666666665,555.3316666666666,1389.9133508839834,581.3648,579.3783333333332,581.9438,596.49405,450.34741445064,598.4611166666667,593.9369666666666,0.0,0.0
2025-10-14,596.1492000000001,1423.5266666666666,1430.1779166666665,592.2842666666666,595.8783333333334,1440.5470666666668,1448.1236219934904,625.1566666666666,610.2578166666667,602.9861166666666,616.7766666666665,1435.2733833333334,1436.2313,608.5533333333333,630.8705166666667,643.2606499999999,634.5016666666666,615.2388333333333,593.8447333333334,1418.9433333333334,1408.7161999999998,1429.7943833333334,1465.0183333333334,50.62748153619311,604.3922166666666,1452.9916666666668,636.2030666666666,639.3201166666668,633.7,633.4222,647.7029500000001,647.0783333333333,620.2762000000001,1525.5097,838.3533333333334,0.0,0.0,0.0,0.0,0.0,0.0,0.0,0.0,220.63781604029555,401.83465388109767,478.50886749873547,0.0,0.0,0.0,0.0,0.0,0.0,0.0,0.0,0.0,0.0,0.0,0.0,0.0,0.0,0.0,0.0,0.0,0.0,0.0,0.0,0.0,0.0,0.0,0.0,0.0,325.14250988299545,491.63987089276884,482.1824615811903,564.6577146250442,601.5709510091492,626.4020999999999,0.0,0.0,50.267778969476694,117.54994200621945,151.84737786482992,191.53346666666653,178.96045497533214,0.0,0.0,0.0,0.0,72.27330173624138,1014.2909475558248,255.70293394918917,377.95373668134835,417.1529440461097,482.41251181347184,572.6883267287418,607.5450847673549,660.4238956173813,733.3878546033227,784.5743315593672,823.8059281554281,876.6456333333334,909.6618754584749,939.1672678705866,981.0608735713755,1055.2291104985266,941.2884220307894,718.1633333333332,685.4156166666667,0.0,0.0,0.0,0.0,0.0,52.721183333334125,0.0,0.0,734.2191166666667,744.4763499999999,734.33,717.0118333333335,0.0,0.0,0.0,0.0,731.3033333333333,731.6079500000001,748.1637833333334,755.8333333333335,767.4863166666668,688.1881666666667,556.1466666666665,542.6089333333333,568.2673666666666,575.7466666666667,1392.0540333333333,570.7364833333332,588.8266666666667,603.2949500000001,574.6189666666667,549.7883333333334,1378.10885,594.5794333333333,600.6383333333333,0.0
2025-10-15,1045.8859403292163,1414.2066666666665,1385.5702,1397.0189166666664,1456.8466666666668,600.0681166666667,559.12,1413.62,1444.77625,603.17135,584.7566666666665,1452.6429833333334,636.6393,605.7350000000001,622.6443,636.6404333333332,627.43,620.2135666666668,624.2792,642.7516666666667,1475.52405,633.2293666666666,633.3866666666668,611.1062333333334,1440.6414833333333,614.6516666666666,633.2150833333334,654.27055,648.1583333333333,627.1673166666667,625.3221166666668,619.5066666666665,602.8605166666667,1519.3270166666666,837.2916000000001,843.2637863465222,0.0,0.0,0.0,0.0,0.0,0.0,0.0,284.3542031003851,392.1913729880276,462.4754982981099,0.0,0.0,0.0,0.0,0.0,0.0,0.0,0.0,0.0,0.0,0.0,0.0,0.0,0.0,0.0,0.0,0.0,0.0,0.0,640.9482729244472,610.1215002122514,573.2548111165871,533.6741586340128,453.7637453680204,419.7009333333333,472.3741767583606,556.3960536044962,581.2603569376952,583.0704763447948,641.330069482334,377.7003562612122,0.0,0.0,0.0,0.0,0.0,0.0,0.0,0.0,0.0,0.0,0.0,6.668542235388486e-05,914.0930073832769,300.5046139725755,372.9715270135242,404.1293493711105,447.5061228558401,517.9713863043366,601.9610612389927,652.8633232142784,663.3201527658389,693.3431975290218,781.2113679922712,889.4877325520008,954.8970280823506,971.6606940692483,971.971977784549,1053.7051378928154,962.2294816331715,762.4753833333334,0.0,0.0,735.7733333333333,0.0,685.7802333333334,737.1133333333335,0.0,0.0,96.19071154729875,0.0,0.0,0.0,745.8888,752.5461166666666,0.0,0.0,0.0,717.3683333333335,722.3055666666667,745.3486,754.4133333333334,756.7352499999998,678.3446333333334,552.4049999999999,1303.6237936213993,585.6495666666666,0.0,578.1641999999998,1164.1076717819776,1375.8283333333334,543.5864666666668,556.8292666666666,596.36,0.0002013565981449935,574.0775666666667,596.2650000000001,0.0
2025-10-16,1394.4007333333334,1409.95,1435.2666333333334,1429.8258333333333,1423.5533333333333,601.5954333333333,618.7769333333334,612.1366666666667,1428.8926833333335,587.615,611.8649999999999,1484.3508166666668,652.1518166666667,604.9016666666666,603.7348000000001,612.7761166666667,615.24,623.5724666666666,610.3027833333333,603.0033333333332,632.95285,1460.8749666666668,1423.2433333333333,1432.65085,628.9768,636.2533333333333,630.1698,648.9717666666667,650.9083333333334,604.2085500000001,1429.9898500000002,628.9749999999998,635.9666605000273,859.4059822461331,791.8116666666667,11.957036850351301,10.247290373374653,0.0,0.0,0.0,0.0,140.43548233973854,587.1012278812063,501.2109471732067,423.59620881068474,483.83368651900247,0.0,0.0,0.0,0.0,0.0,0.0,0.0,0.0,0.0,0.0,0.0,0.0,0.0,0.0,0.0,0.0,0.0,0.0,0.0,0.0,155.2207570291498,431.1363280155723,524.4663705392476,551.948293429808,492.3855000000002,479.2713391697496,404.7083973532424,463.8312774936703,560.6934134492883,633.5512305151262,657.3493833333331,0.0,0.0,8.757999455366598,0.0,23.193140115011943,104.26543333333336,0.0,0.0,0.0,0.0,0.0,0.0,1072.8949581936122,1247.8213591127374,441.00112188314426,463.1010383422781,507.4772238284844,555.845035449976,611.7250369844196,667.5367569158805,728.0472292766977,785.8393482951515,814.0562557707394,845.84715,910.1735317918163,971.6795656693308,1003.3859305268718,1054.8495911679988,958.8510835055117,777.9583333333334,0.0,0.0,0.0,0.0,143.725391956488,761.1566666666666,0.0,0.0,0.0,725.3150999999999,715.3016000000001,757.5216666666666,0.0,726.9570833333333,0.0,0.0,0.0,756.79,732.2191833333333,729.6245333333333,738.735,773.5184499999998,691.7451333333335,537.8216666666667,1385.5520407117751,591.1893333333334,591.0266666666668,547.9479333333334,561.9211333333333,587.8016666666666,572.7737999999999,556.9046999999999,595.4916666666667,439.3535011901288,0.0,436.02333333333337,456.6528333333333
2025-10-17,454.70054999999996,416.2716666666666,430.7562666666667,1279.5730166666667,1297.0883333333334,450.49021666666675,443.84863333333334,440.6666666666667,450.46305,451.9184999999998,455.3366666666666,467.70849999999996,1299.9232333333334,437.36499999999995,457.2959333333333,449.5531833333333,428.805,947.1697975309273,1296.6352333333334,1288.0766666666666,477.91128333333336,469.21325,452.40333333333336,456.41125,454.9306,435.3933333333334,488.81725,0.0,0.0,490.54845,480.2462500000001,439.4268256690474,451.56751050002737,1312.7681666666667,0.0,0.0,0.0,0.0,0.0,0.0,0.0,0.0,0.0,0.0,0.0,0.0,0.0,0.0,0.0,0.0,0.0,0.0,0.0,0.0,0.0,0.0,0.0,0.0,0.0,0.0,0.0,0.0,0.0,0.0,0.0,0.0,0.0,0.0,0.0,0.0,0.0,0.0,0.0,0.0,0.0,0.0,0.0,0.0,0.0,0.0,0.0,0.0,0.0,0.0,0.0,0.0,0.0,0.0,0.0,0.0,0.0,0.0,0.0,24.66462809819211,125.08003066811096,155.29028259809792,168.6231606427899,250.73924067741876,234.97412240240425,252.29776021780162,280.1554989607121,322.20293881157215,372.5096198025217,427.35520452904655,473.80807101237207,486.44046636595834,275.39590000000226,0.0,0.0,0.0,0.0,0.0,0.0,0.0,0.0,0.0,0.0,0.0,0.0,0.0,0.0,0.0,0.0,0.0,0.0,459.0562666666666,471.9844,505.06166666666667,494.8129166666666,438.4292833333333,370.25,1232.82815,762.700578686012,0.0,0.0002857882867989385,428.28415,432.28999999999996,410.28974999999986,1247.1383666666666,459.03333333333336,0.0,424.5329666666666,477.39666666666665,218.67825000000002
2025-10-18,407.9568666666667,387.8599999999999,1255.1848333333335,1260.8003,1257.0666666666666,1251.1207166666668,437.02806666666675,453.81,461.08851666666664,437.7052499999999,421.12999999999994,450.64365,474.91561666666666,463.7566666666667,0.0003020460940774683,0.0,438.99999999999994,458.5650166666666,453.49411666666657,451.6016666666666,1301.6102333333333,609.5236677574729,459.96166666666664,467.6214166666667,480.9804833333334,461.08500000000004,474.35881666666666,469.61420000000004,438.4483333333333,1297.1340439510582,487.7432333333334,478.56333333333333,452.7443333333333,460.49821666666674,0.0,0.0,0.0,0.0,0.0,0.0,0.0,0.0,0.0,0.0,0.0,0.0,0.0,0.0,0.0,0.0,0.0,0.0,0.0,0.0,0.0,0.0,0.0,0.0,0.0,0.0,0.0,0.0,0.0,0.0,0.0,0.0,0.0,0.0,0.0,0.0,0.0,0.0,0.0,0.0,0.0,0.0,0.0,0.0,0.0,0.0,0.0,0.0,0.0,0.0,0.0,0.0,0.0,0.0,0.0,0.0,0.0,0.0,0.0,26.722193996805913,137.23311846630645,209.59535549096648,227.95264716181492,268.7273938047198,337.02952767818323,350.90167164032397,348.7853321146841,361.9715185937297,412.71774439997864,459.9896274793196,468.97090849287474,473.63448711921683,365.808818208322,0.0,0.0,0.0,0.0,0.0,0.0,0.0,0.0,0.0,0.0,0.0,0.0,0.0,0.0,0.0,0.0,0.0,0.0,457.63213333333334,482.02578333333344,499.56833333333344,462.7540833333332,423.75528333333335,381.15999999999997,1179.18115,1217.8891333333333,459.1983333333334,433.0315166666665,405.77338333333336,412.8149999999999,1241.2726,1235.1483333333333,1247.2266666666653,1296.3597333333332,524.7304333333334,600.3266666666666,0.0
2025-10-19,553.395,572.5450000000001,1428.8894833333334,582.1048166666666,576.05,1430.2444666666665,569.9240000000001,1363.9416666666666,1427.4845333333333,648.54135,642.2850000000001,608.1928833333333,606.6234499999999,620.3116666666667,632.3436166666667,616.016,602.64,1266.7839818415832,595.4183666666668,604.6883333333333,634.09205,635.7095833333333,606.4516666666667,619.49725,620.8527833333334,583.865,616.3765999999999,638.3944166666668,628.085,650.5321666666666,648.6253500000001,605.2233333333334,594.6002000000001,1509.8706666666667,816.6983333333335,42.29193628767496,7.393204698188242,0.0,0.0,0.0,0.0,109.11311445525689,575.3240854652868,481.5768800523186,397.8194068784909,475.07802540025017,0.0,0.0,0.0,0.0,0.0,0.0,0.0,0.0,0.0,0.0,0.0,0.0,0.0,0.0,0.0,0.0,0.0,0.0,0.0,608.4174856070453,593.8304186140546,545.6801896922198,594.1562936972913,585.4459527372126,549.9281166666668,510.2724171526079,464.1481509843337,433.50977369146494,505.2287437099808,577.8951420608861,0.0,0.0,0.0,0.0,0.0,0.0,0.0,0.0,0.0,0.0,0.0,0.0,382.2994788771973,1248.6043310990055,747.3873155547449,496.0260487549061,535.1593249976286,587.2516824154906,675.5197910487952,739.5242532955101,749.0755561917256,732.6785904446967,800.747321825334,869.5648761878754,929.9204666666666,941.170131470695,978.5905954086915,1017.5257363979065,1061.663253901903,927.653655360464,732.3399999999999,730.0458,0.0,0.0,0.0,735.6601999999999,759.8899999999999,0.0,0.0,757.0916666666668,0.0,0.0,0.0,0.0,731.74445,131.1450860406585,0.0,0.0,734.9716666666666,749.8100833333333,756.8811666666668,732.8449999999999,771.8773333333334,730.0227833333333,588.1183333333333,572.90945,586.1648833333334,1412.927446941503,1420.1078166666666,593.8338833333333,577.3233333333333,570.4474833333333,588.5764333333333,624.85,625.6706833333334,598.6136166666666,0.0,0.0
2025-10-20,590.5033666666667,1427.4283333333333,595.2035333333333,606.0772333333332,610.9666666666666,571.0864666666668,1418.37945,1437.5966666666668,582.1999500000001,594.2442833333333,635.3649999999999,641.0071166666665,1447.4748666666667,568.0516666666667,602.4986166666666,614.4190166666667,1434.0383333333334,1447.0846833333333,617.8952166666668,609.2283333333332,1435.8440833333334,1431.9194833333336,1434.1399999999999,599.8276166666667,619.7235333333333,635.3433333333334,656.5967,674.4119166666667,673.695,633.3505166666666,614.9874833333334,1377.6848458345798,614.3081,1546.1990591290726,839.3416666666666,0.0,0.0,0.0,0.0,0.0,0.0,638.4208024374253,609.595554407292,521.081544643389,448.81801950878645,863.0998215017348,0.00014371138195201638,0.0,0.0,0.0,0.0,0.0,0.0,0.0,0.0,0.0,0.0,0.0,114.66366666666647,108.23559511677831,68.41551693490192,9.281408249001515,0.0,0.0,269.42128460331367,743.94766263032,694.3106003676006,683.8495998021664,665.567802969185,602.4034422473148,556.6078166666666,584.3183990596597,542.7462473612825,473.24168956403287,457.3205746684831,520.2783132222678,598.3144000000001,0.0,0.0,0.0,0.0,0.0,0.0,0.0,0.0,3.1571110909567324e-05,0.0,0.0,0.0,282.1301963475313,1153.9428066457647,421.6923362674089,389.9316016929763,453.83467699534344,554.955436176198,615.4803253108853,628.399666052038,700.9794005807762,810.8499030256653,861.6139316074532,906.538555166002,942.7025518665155,971.819876795282,1000.6722768362487,1052.7898129185426,947.0143751641837,759.83,0.0,0.0,0.0,726.9478290997695,721.9683000000001,199.59570930657344,731.44375,765.0877333333334,0.0,0.0,0.0,0.0,0.0,0.0,766.7416666666666,0.0,0.0,746.3216666666666,746.0063833333334,734.1534833333335,721.8183333333334,791.6178166666667,741.8765500000002,570.6616666666666,546.8163000000001,575.4805833333334,587.2383333333335,558.9265833333334,546.2431166666667,551.5200000000001,571.1110166666665,583.5933,590.2583333333333,587.8361500000001,565.6829666666666,569.8883333333333,559.4372500000001
2025-10-21,1408.0054166666669,612.1783333333334,591.6407166666668,1418.489,1448.8916666666667,634.9986666666666,622.1298666666667,599.7766666666666,1440.7613500000002,608.61735,603.8016666666665,638.1656666666665,1486.5199,1451.375,825.0500544723608,1423.7715833333334,1400.9,617.7108,640.3117,625.7216666666666,604.7570833333334,1457.0641,646.9666666666667,602.9031666666666,1422.6053833333333,1451.39,654.09555,677.0428,653.5333333333334,627.0643333333334,639.8230666666667,651.1133333333333,638.1651,1522.01465,805.4433333333335,0.0,11.084690386847456,0.0,0.0,0.0,686.7850333333336,446.8689884380347,642.6917244167535,564.091450501079,478.41730943308613,510.80830369206666,0.0,0.0,0.0,0.0,0.0,0.0,0.0,0.0,0.0,0.0,0.0,0.0,0.0,0.0,0.0,0.0,0.0,0.0,0.0,662.2904229198958,663.6709628620684,685.0385015099854,731.0752842667947,736.7984406057237,703.1971166666668,692.5075064262741,626.0923847750286,629.3361541506596,619.2070123653631,687.8635831283989,750.9297,0.0,0.0,31.829170208838036,6.036705191547753e-05,0.0,0.0,0.0,0.0,0.0,0.0,0.0,182.87987993650262,305.52744284149924,1198.7709412145168,401.29408950932157,427.9894660713859,484.01825936233683,558.9699118956049,632.1723304969038,671.0239299746887,721.6076729830977,804.7987397461279,855.3544037116435,909.51865,920.642874779581,939.654556936918,977.4299003119091,1034.860229717699,944.8707937404632,744.0656166666665,711.6494999999999,741.6153333333333,726.3133333333333,187.62665174397966,0.0,0.0,0.0,0.0,0.0,710.1696499999999,0.0,0.0,0.0,741.6255666666666,0.0,0.0,0.0,725.3033333333333,743.6459500000001,757.4647666666666,764.7666666666668,793.6811166666666,720.4348500000001,573.6666666666667,568.55705,1435.4695166666666,598.3533333333335,0.0,554.1057,1194.390102880659,563.6018833333333,577.1728499999999,618.6416666666667,0.0,605.8581333333334,593.0733333333333,597.1595666666666
2025-10-22,578.8625166666667,563.9666666666667,1433.1191833333332,1264.5081515506427,606.7616666666667,618.8120333333334,622.3912833333333,591.245,1416.1595666666667,1438.3581333333334,1459.5549999999998,1440.9502166666666,609.8885666666666,632.2216666666667,0.0,630.7334166666667,1495.705,635.6099333333333,615.0261333333333,615.1216666666667,1456.9347333333333,1459.4394333333335,631.9016666666668,1474.71085,642.6221166666666,614.2283333333334,644.3001,0.0,636.1883333333334,1439.1511166666667,1448.679,1458.8883333333333,620.0645666666667,1523.0889833333335,818.2066666666666,0.0,0.0,0.0,0.0,0.0,689.5383999999999,642.3426513061067,0.0,517.0986838519029,453.2000216717218,1356.4654538034529,0.0,0.0,0.0,0.0,0.0,0.0,0.0,0.0,0.0,0.0,0.0,25.954704626813538,85.03421666666668,0.0,0.0,0.0,0.0,0.0,0.0,647.1906164344852,606.2066569388743,577.2549068637267,532.4738341980008,525.1220772705805,550.6736000000002,576.5676923162235,614.9781457790916,616.0290758580668,616.6389895061734,632.318093377803,475.54045125243204,0.0,0.0,0.0,0.0,0.0,0.0,0.0,0.0,0.0,0.0,0.0,0.0,209.8268377192071,760.2042936246565,382.79615381403494,456.1252436430393,509.6515817683789,561.3494999999998,619.3744375324655,676.1941738131346,761.324049917139,780.9626638663839,807.4171795938319,871.8738,924.8677431079475,962.3934350780706,992.5906792105853,1093.0737004847265,958.9173237843436,714.9637833333334,692.6378166666666,0.0,0.0,717.2144833333334,738.3855,0.0,90.04571617899944,0.0,0.0,0.0,0.0,742.0016666666666,735.2807166666666,0.0,0.0,0.0,0.0,746.8650000000001,762.2991166666668,768.6197333333333,765.6666666666665,769.7459833333332,700.3955166666667,562.9200000000001,553.1630166666666,587.2168166666667,575.1033333333335,535.7932333333333,1378.4319666666665,1383.295,569.2701833333333,583.3508333333333,0.0,0.0,380.78770000000003,598.4883333333332,579.6842833333333
2025-10-23,1410.7253333333333,1430.7649999999999,1428.3115,599.6282166666667,622.9633333333333,1458.153816666667,632.0158,617.0516666666666,608.6508833333334,607.3650333333331,616.3733333333333,1437.9044333333331,1458.3885166666666,645.1,642.95825,624.5474166666665,1453.19,1448.24425,608.5813166666666,602.3633333333333,1453.0419333333334,628.4512333333333,627.8299999999999,1432.64545,620.5892,643.1583333333334,634.8270333333335,634.4050333333333,930.365916034155,666.6869333333334,660.2931166666666,621.9366666666667,1447.1768000000002,1530.84875,830.2816666666666,0.0,0.0,0.0,0.0,0.0,0.0,672.9420019150143,0.0,533.5269485971737,465.63963537957676,508.4050379722115,0.0,0.0,0.0,0.0,0.0,0.0,0.0,0.0,0.0,0.0,0.0,0.0,0.0,0.0,0.0,0.0,0.0,0.0,0.0,608.4391576793638,581.6174379677628,575.4370261136108,29.9315845596592,552.5242766002009,519.7192166666667,488.1839924980287,546.0516543620894,568.3783009421422,591.0644603758727,641.4680550526265,688.8183333333333,0.0,0.0,0.0,0.0,0.0,13.728966666666793,50.273177595659035,8.852596024411241e-05,0.0,0.0,0.0,224.08834193276857,791.083201470749,366.1491125417548,382.35947840647,395.05558382362454,458.90186444593553,554.8374716788767,610.7743398653108,606.8994446043671,649.1204921668661,770.1055091762842,826.0375223218393,884.7411666666667,884.1894567676309,935.1157336735765,1024.0788574454339,1046.3458883312837,907.6035119425769,738.0316666666668,0.0,0.0,727.3483333333334,743.1348333333334,756.0142166666667,0.0,0.0,0.0,0.0,0.0,0.0,0.0,0.0,714.2458333333333,721.2483333333332,358.856049999998,0.0,742.145,734.8633333333333,742.9874166666668,747.1266666666668,784.3627833333333,723.5507166666667,560.1816666666667,481.01835,1347.5123333333336,1414.7316666666668,576.39545,0.0,0.0,555.9357333333334,549.3865666666667,584.5966666666667,576.1359666666666,327.1872969999998,471.2666666666666,427.7040333333333
2025-10-24,1250.0407333333335,1248.2566666666667,1263.8236833333333,1263.7835000000002,436.1133333333333,451.46661666666665,462.80321666666663,441.3766666666667,463.44255000000004,0.0,0.0,445.72139999999996,1303.9763333333333,1297.9950000000001,456.2941,435.46464999999995,429.26166666666666,440.0388833333334,1298.1243666666667,497.8283333333333,451.9732333333333,426.7184500000001,463.5816666666667,446.6943333333333,447.60173333333324,1285.0183333333334,472.15076666666675,488.74974999999995,483.56000000000006,471.9790333333334,0.0006506417860236979,0.0,478.4739166666667,1121.6173365225695,0.0,0.0,0.0,0.0,0.0,0.0,0.0,0.0,0.0,0.0,0.0,0.0,0.0,0.0,0.0,0.0,0.0,0.0,0.0,0.0,0.0,0.0,0.0,0.0,0.0,0.0,0.0,0.0,0.0,0.0,0.0,0.0,0.0,0.0,0.0,0.0,0.0,0.0,0.0,0.0,0.0,0.0,0.0,0.0,0.0,0.0,0.0,0.0,0.0,0.0,0.0,0.0,0.0,0.0,0.0,0.0,0.0,0.0,0.0,6.7611709823919455,97.7184666666667,183.6425854734673,211.06594747793633,252.93003417370647,367.95916291742583,395.7109464840293,330.6589166666666,359.6529356978368,400.49269756017384,419.6938092203304,470.77990183154554,476.90036472441096,268.3998623464229,0.0,0.0,0.0,0.0,0.0,0.0,0.0,0.0,0.0,0.0,0.0,0.0,0.0,0.0,0.0,0.0,0.0,0.0,452.79596666666663,477.40775000000014,503.36000000000007,521.30765,487.84593333333333,409.22666666666674,377.82694999999995,1224.8144070502053,415.53666666666663,431.7762833333333,0.0,200.13540000000003,457.15705,458.7320333333333,458.85833333333363,458.2801166666664,446.8122,423.4366666666666,395.3686
2025-10-25,1249.8292833333333,1283.4600000000007,454.06121666666655,456.9079166666667,473.3683333333333,1272.4474,1273.9021,1274.4033333333334,421.5815166666667,430.76016666666663,457.8249999999999,445.42451666666665,450.45554999999996,449.86999999999995,1267.6084666666668,1300.2861333333335,503.60999999999996,0.0,427.2668333333333,483.7733333333333,463.4512333333334,455.31305000000003,106.0218361957584,453.79523333333333,438.9040166666667,437.6633333333333,457.30295000000007,494.38876666666664,504.33666666666664,0.0,466.3604333333332,497.41833333333335,476.2633833333333,1293.3725,0.0,0.0,0.0,0.0,0.0,0.0,0.0,0.0,0.0,0.0,0.0,0.0,0.0,0.0,0.0,0.0,0.0,0.0,0.0,0.0,0.0,0.0,0.0,0.0,0.0,0.0,0.0,0.0,0.0,0.0,0.0,0.0,0.0,0.0,0.0,0.0,0.0,0.0,0.0,0.0,0.0,0.0,0.0,0.0,0.0,0.0,0.0,0.0,0.0,0.0,0.0,0.0,0.0,0.0,0.0,0.0,0.0,0.0,26.571452190683885,86.60648164018005,143.1808833333335,175.9593325255846,218.36463250211978,313.38877307978663,374.57122027291666,374.67681158297626,334.21865,324.1251847380348,382.8382518616196,450.64693331860224,468.2690571749989,471.972790279125,463.50958333333324,0.0,0.0,0.0,0.0,0.0,0.0,0.0,0.0,0.0,0.0,0.0,0.0,0.0,0.0,0.0,0.0,0.0,0.0,455.50656666666674,458.80876666666677,476.3966666666668,506.2488833333333,98.29930745598546,417.4916666666667,1221.9369666666666,1260.9103666666667,1284.0583333333334,444.7732333333333,1256.7283587513425,1233.2966666666666,1245.4556833333334,1264.3427333333334,1275.5333333333333,433.9800833333332,494.1509166666667,581.295,0.0
2025-10-26,563.9402166666667,599.0733333333334,592.9546166666665,578.1020666666668,1087.7765666666673,1469.6233000000002,636.5594166666667,596.605,595.7183,604.0581,596.9299999999998,584.5095833333332,599.6206000000001,616.5166666666667,638.0592666666666,628.753,1441.4283333333333,1457.4234666666666,610.8078833333333,606.3716666666667,1466.3492333333334,650.8546833333334,637.1933333333334,591.1141166666666,614.3595166666667,641.0566666666666,630.2396500000001,637.9046333333333,657.8633333333333,641.0507833333332,616.4886833333333,609.9549999999999,618.1836,724.5044833333333,852.1683333333333,0.0,0.0,14.88748234016623,0.0,0.0,0.0,289.6917394525195,616.7046947847057,0.0,460.45880294961904,494.45037651648784,0.0,0.0,0.0,0.0,0.0,0.0,0.0,0.0,0.0,0.0,0.0,0.0,0.0,0.0,0.0,0.0,0.0,0.0,0.0,602.1670219332291,585.325036782465,553.8374645476252,585.8057106245877,591.9373858231625,511.4587999999999,499.7297096924658,548.61553002231,598.987174141151,586.6731280263143,631.3859008529538,699.2041666666668,0.0,0.0,0.0,0.0,19.6338306065428,85.79795000000001,0.0,0.0,0.0,0.0,0.0,0.0,260.32434726152724,1130.96914852327,486.4454880292418,467.031225799274,527.9813770119445,550.4639833333333,619.1171831886822,681.2820672191606,731.7405547959886,788.9492798084855,838.266083412324,885.975,960.7220421296951,993.7872156250953,1021.6162124851984,1063.7361374218708,926.5696595692353,701.385,724.9479500000001,0.0,0.0,0.0,0.0,0.0,0.0,0.0,719.8683333333333,709.1910166666667,748.0297666666668,0.0,0.0,0.0,732.1766666666667,403.1346831225316,0.0,748.6783333333333,759.2240166666668,769.1772833333333,774.3800000000001,776.2717166666666,691.4293000000001,558.8499999999999,527.8991833333334,1407.8556166666667,591.7533333333333,0.0,551.7335833333333,1404.2183333333332,590.87575,605.7296166666667,605.7266666666667,397.28659999999957,572.5584333333333,604.67,0.0
2025-10-27,570.6666333333334,1373.8616666666667,572.7547,591.2229999999998,594.7183333333334,617.3179333333333,1442.6376166666669,1403.3733333333334,1423.6134499999998,600.1328666666666,604.6133333333333,614.8624333333332,623.5609000000001,618.5699999999999,642.1461166666667,633.6515333333334,605.8733333333332,1434.9184,607.3951333333332,634.755,1459.3234166666666,1124.679034908726,627.1016666666667,598.5611833333334,1438.7085333333334,1448.16,625.6573833333332,637.6642166666667,626.3166666666666,589.4321666666666,1415.7017666666666,1457.835,668.4630166666666,738.7032833333333,809.3766666666666,826.4036278684852,0.0,0.0,0.0,0.0,0.0,359.6727212957879,668.7400837840006,646.9883401047637,528.6891843677108,579.7786179502054,0.0,0.0,0.0,0.0,0.0,0.0,0.0,0.0,0.0,0.0,0.0,0.0,0.0,0.0,0.0,0.0,0.0,0.0,0.0,524.32053656343,681.5502236292238,644.8106378245781,670.9577929368562,703.7449327263018,658.8968333333337,707.201100336206,412.1709641767952,0.0,428.0750431727504,475.9237633992557,0.0,0.0,0.0,0.0,0.0,0.0,0.0,0.0,89.34635422031954,2.674710646033418e-05,0.0,0.0,324.84450234649466,1245.4920902380632,554.3511521290677,500.45402510164047,563.8119501682775,603.040126057044,634.986417139592,723.3228422749169,764.6467538547222,782.4147907669769,828.9172039632351,878.6763850800115,918.5737333333333,944.132144858674,984.4815982244453,1028.7546018827409,1065.3940835387948,939.0528531408008,734.6966666666667,0.0,0.0,274.25109999999904,746.4457000000001,736.3992166666667,736.1533333333333,774.2411,0.0,0.0,754.5477166666667,0.0,0.0,0.0,0.0,0.0,0.0,0.0,731.5250000000001,753.2895833333333,775.4580333333332,748.3816666666669,750.9566666666666,697.8339500000001,589.9616666666666,1388.9020500000001,1403.93085,574.9566666666667,578.2163,591.7562,588.4766666666666,580.3275833333333,579.5527000000001,594.375,588.9794166666667,603.91195,612.8483333333334,572.2802333333332
2025-10-28,1392.5674000000001,1138.4777421810736,596.1998166666666,592.5070499999999,588.76,1416.1212333333333,1413.0747666666666,1420.5483333333332,624.6384166666666,620.8625666666667,611.6433333333332,1429.0427,1449.0236833333333,620.93,622.1343166666667,616.8980833333334,630.75,614.9223833333333,594.8880166666667,1436.2766666666666,632.4119666666667,632.4093333333333,608.8116666666666,1439.4761833333334,616.8228833333333,611.3533333333334,656.0612166666666,660.3911166666667,613.39,606.7525666666667,1476.94635,682.7999999999998,675.8805333333332,755.4877666666666,872.9783333333335,0.0,0.0,851.5704654939973,0.0,42.2393417786335,722.0641166666666,669.7285213385001,647.748957740522,621.9570384287874,0.0,567.2471361749604,749.7681833333334,0.0,0.0,0.0,0.0,0.0,0.0,0.0,0.0,0.0,0.0,0.0,0.0,0.0,0.0,0.0,0.0,0.0,0.0,570.7484732590218,617.4377015233447,576.4194875656539,499.9122639202593,104.99901746524324,434.1882833333335,405.26742922605183,408.83446315299534,595.3001005331855,669.2381630733843,698.5509147996415,0.0,0.0,0.0,0.0,0.0,0.0,0.0,0.0,0.0,0.0,0.0,0.0,1.5429053785688743e-05,597.1319338613209,1259.66850150583,409.2336534297881,470.5556552496158,534.2466676844214,591.1098469020603,630.5759193761979,684.3158856416858,751.7182575513261,769.4553105236921,837.924114228408,914.94965,959.2368144498928,960.4936621995664,1020.4501001268842,1075.1379819502772,959.6816095403577,748.0233333333334,0.0,0.0,0.0,706.3937833333333,0.0,0.0,736.3324833333334,0.0,124.15204999999912,737.05745,0.0,0.0,741.6900999999999,0.0,0.0,742.2282666666666,0.0,738.2033333333334,735.85135,751.8311,747.445,770.7456666666665,688.8833833333334,550.3016666666667,551.7737333333334,565.8441666666668,539.6316666666667,571.4837166666669,589.2391,563.4816666666666,607.39935,627.8056333333333,614.5583333333334,605.6909666666668,599.0812833333334,587.2483333333333,597.0285666666667
2025-10-29,1416.5191833333333,565.8583333333333,1407.8861,1426.7094666666667,596.4866666666666,615.7950833333333,618.5911,632.6466666666668,659.6877166666668,630.0426,577.0616666666667,1442.9364666666665,1477.5493833333335,597.3216666666667,580.0703,603.1055666666667,632.4033333333334,1217.231594444445,1402.2227000000003,1466.4266666666667,648.3110833333333,635.0420833333333,617.5116666666668,618.1710666666667,638.0960333333334,619.9533333333334,598.6702,1446.2242500000002,1473.665,620.6952333333334,607.7700333333333,627.5533333333333,1456.3250182215118,1557.9313833333333,861.245,12.776428532330328,0.0,0.0,0.0,486.9788019969308,689.5977833333336,666.5435124666631,671.2038071939905,635.0873254006071,505.44400872672384,533.9116678546093,0.0,0.0,0.0,0.0,0.0,0.0,0.0,0.0,0.0,0.0,0.0,0.0,0.0,0.0,0.0,0.0,0.0,0.0,0.0,771.4961691232298,790.4220819440017,823.5378651110829,859.1861886947644,840.6398428149861,780.2836666666665,760.9389066047015,731.7293837276379,721.5981631613608,678.2705600749583,670.9317709640655,709.2719500000001,0.0,0.0,0.0,11.958739222445956,0.0003863387868960899,0.0,0.0,0.0,0.0,0.0,0.0,0.00039317779248904117,933.8616854469589,1297.8611126336052,475.1142954309687,525.662850505884,591.1932843670253,644.2519141160373,648.6143720690957,702.6623285898054,773.0876451348087,819.572038417843,865.0990137418919,919.8596666666666,989.148983811215,995.6464503380479,1020.5616577037787,1068.2878376748567,950.4038006939642,751.2683333333334,742.6884833333334,0.0,0.0,746.5766166666667,0.0,0.0,728.3014666666668,743.6299833333334,0.0,750.8719499999999,0.0,0.0,0.0,0.0,0.0,218.68205115669696,0.0,748.3833333333333,718.5531333333333,737.8594666666667,764.3700000000001,785.1261833333333,703.9117833333332,562.8050000000001,534.3709166666667,1397.4953666666665,1403.1965576250489,538.6726000000001,546.3837666666667,572.4749999999998,609.1533833333333,609.1667333333332,581.2183333333334,573.8143333333334,580.9478166666667,599.3199999999999,586.3129166666668
2025-10-30,582.5712333333333,1422.7833333333333,585.8387333333333,1407.1550833333333,1382.9233333333332,1395.6513166666668,1425.6238333333333,624.6316666666665,628.8233833333334,620.2730833333334,626.8066666666666,639.2598833333333,649.4218666666667,619.1600000000001,636.2706499999999,636.9168166666667,1438.1066666666668,1429.0001833333333,602.53035,631.3633333333332,646.2886666666666,630.2647666666667,600.5266666666666,602.6195666666667,639.7183666666667,646.125,634.5557500000001,661.7624055678673,621.7416666666666,611.8324,620.8916666666667,1459.575,1456.0969166666669,1528.7316166666665,822.7566666666667,291.6625497389498,0.817462683435906,0.0,0.0,0.0,0.0,654.9145716554559,624.5008018414828,587.3117202410931,482.31028052705983,528.528347373185,367.4364044674057,0.0,0.0,0.0,0.0,0.0,0.0,0.0,0.0,0.0,0.0,0.0,0.0,0.0,0.0,0.0,0.0,0.0,0.0,554.1159120625954,535.0145775882703,521.3352544619489,560.3605174978383,521.7240994495563,459.1983499999999,434.7245354330835,628.3881621203127,100.48510715540738,550.7980766355059,570.4555476615963,0.0,0.0,0.0,0.0,0.0,0.0,32.20793333333336,0.0,0.0,0.0,0.0,0.0,0.0,345.64413466138103,1280.8709121176196,589.9855071887413,519.8507703743849,583.3224241045087,613.2806516789695,661.2855226389817,714.3899696611909,784.1454894717289,830.5457811735052,863.0881186034961,937.0940166666667,1020.0343791655115,1035.2410226086668,1030.3519155885247,1070.910945060649,962.3874445952425,745.4166666666667,700.8563333333333,0.0,0.0,0.0,721.4693833333332,728.7733333333332,0.0,0.0,0.0,735.6591166666665,0.0,0.0,0.0,0.0,189.4742666666691,705.1124166666667,0.0,735.4933333333333,753.3341333333333,730.1043000000002,707.9966666666666,763.8210833333333,693.6583833333333,536.1516666666668,1269.3927610997023,608.6894500000001,0.00019584257461247034,555.5989000000001,568.0615666666666,574.9716666666665,601.7455666666667,582.9617166666667,543.9700000000001,564.3995166666667,538.9148333333334,462.84000000000015,411.9141499999999
2025-10-31,404.8186,1253.34,428.12768333333327,433.27766666666673,744.9605272624641,1275.49365,1278.8818999999999,435.0383333333333,422.81905,436.62475,464.3516666666666,450.4117999999999,449.55275,461.08500000000004,0.00025296551245901355,476.4996833333333,463.7883333333333,1312.6769666666667,471.31239999999997,450.6733333333333,1292.0008166666667,461.11623333333335,451.38500000000005,1295.8724666666667,458.87885,427.2183333333333,1294.3084166666667,490.21241666666674,483.2316666666666,465.07054999999997,452.0496833333333,470.15833333333336,518.9703166666667,534.1322333333334,0.0,0.0,0.0,0.0,0.0,0.0,0.0,0.0,0.0,0.0,0.0,0.0,0.0,0.0,0.0,0.0,0.0,0.0,0.0,0.0,0.0,0.0,0.0,0.0,0.0,0.0,0.0,0.0,0.0,0.0,0.0,0.0,0.0,0.0,0.0,0.0,0.0,0.0,0.0,0.0,0.0,0.0,0.0,0.0,0.0,0.0,0.0,0.0,0.0,0.0,0.0,0.0,0.0,0.0,0.0,0.0,52.466341285978956,49.841026379806976,130.29657404210184,195.67452078650075,196.5827696532487,262.48774825742896,317.40598309296564,360.96553490964544,445.90751179941685,463.26143891845703,394.2961082015587,424.85836452534096,463.39368289544745,478.46399790541267,471.24596791510123,463.8646667822079,321.45013333333395,0.0,0.0,0.0,0.0,0.0,0.0,0.0,0.0,0.0,0.0,0.0,0.0,0.0,0.0,0.0,0.0,0.0,0.0,514.57925,507.2535500000002,489.99166666666673,484.22493333333335,450.78228333333334,400.7133333333333,393.25488333333345,928.461274757384,443.38,389.0782499999999,410.93153333333333,475.0966666666665,457.13301666666666,421.1018833333333,423.0733333333333,426.7019666666665,432.1669333333333,428.38666666666677,0.0
2025-11-01,411.6109333333333,452.5466666666666,436.5309000000001,435.1995666666667,445.6583333333333,431.40771666666666,454.6197833333333,506.85666666666674,505.44251666666656,465.9588833333334,1285.0966666666668,1254.7945,1276.7166666666667,476.42833333333334,463.6830833333333,431.6364833333333,424.7483333333333,444.2691,435.7117666666666,1264.6783333333333,466.2655833333334,473.2689833333333,453.1216666666667,1289.9117333333334,464.2074833333333,448.135,460.91235,469.8460999999999,479.19166666666666,451.89443333333327,448.9926333333334,842.7596755955556,516.2057333333335,510.0198833333333,0.0,0.0,0.0,0.0,0.0,0.0,0.0,0.0,0.0,0.0,0.0,0.0,0.0,0.0,0.0,0.0,0.0,0.0,0.0,0.0,0.0,0.0,0.0,0.0,0.0,0.0,0.0,0.0,0.0,0.0,0.0,0.0,0.0,0.0,0.0,0.0,0.0,0.0,0.0,0.0,0.0,0.0,0.0,0.0,0.0,0.0,0.0,0.0,0.0,0.0,0.0,0.0,0.0,0.0,0.0,0.0,0.0,26.742425423089117,89.4354283903483,151.98904461115302,174.636244700266,245.95186508709133,306.05220192153746,359.80361764112763,417.36236009650133,392.0256026464407,346.97476666666677,437.7783963589015,480.93592446805746,453.4802886734978,475.64664728459115,491.0876240510918,359.4633500000001,0.0,0.0,0.0,0.0,0.0,0.0,0.0,0.0,0.0,0.0,0.0,0.0,0.0,0.0,0.0,0.0,0.0,0.0,519.3613833333333,516.7117333333335,462.3833333333334,499.6478000000001,487.72728333333333,404.64833333333337,1237.6862666666666,1270.8933881451462,1265.935,1244.7005333333334,1237.6257333333333,1260.1216666666667,1290.4045666666666,1282.2184,1255.9466666666667,1239.6092833333332,1299.1457166666667,568.0216666666666,604.9725833333333
2025-11-02,598.8565666666667,574.9449999999999,569.6938666666666,590.3717499999999,1180.697544444442,606.7234833333333,604.72815,615.7466666666668,643.9846833333332,632.3730999999999,616.71,597.0091333333332,610.0194333333333,638.095,635.6623,624.9897833333333,612.66,612.44185,622.9438666666666,639.1433333333333,636.5208833333334,626.4635166666667,532.2979333333335,616.1311666666667,620.3744666666666,633.4566666666667,0.0,620.1115666666666,607.8416666666667,572.8825666666668,1452.3607833333335,658.8016666666667,0.0,1503.2693166666668,831.5466666666666,9.706447033482277,5.339211679320556,860.9746456677141,0.0,0.0,0.0,0.0,635.2231811103488,604.1041206703471,501.1418873570442,659.9602405138779,688.85825,0.0,0.0,0.0,0.0,0.0,0.0,0.0,0.0,0.0,0.0,0.0,0.0,0.0,0.0,0.0,0.0,0.0,0.0,828.4483819803335,758.102510194086,738.3004176760852,754.2187975623502,725.8038304338429,715.9825666666665,780.5325097691497,507.33155765833703,490.91272593893154,548.2321810887697,653.5204114441144,727.1931666666667,0.0,0.0,38.57741817727913,85.27824535149568,131.28258193276588,165.0074000000002,148.10258131226442,0.0,0.0,0.0,0.0,0.0001228498067575856,1179.4302137311101,975.6057478058198,442.780782411347,475.9009561713789,529.9219748156269,573.7907093984811,655.3928670262525,726.1398235948307,789.2161401293565,827.0857520491924,888.2883175594358,961.6488909867244,1009.9449002237887,1044.3501789574655,1076.31979604905,1096.2710699559454,972.2885314129509,753.76,0.0,0.0,752.615,0.0,0.0,11.260036666666906,725.1938166666667,0.0,0.0,712.3226666666667,0.0,0.0,0.0,0.0,718.8399999999999,720.8655666666667,0.0,738.91,741.5051,743.9339833333336,749.8900000000001,764.1097,687.3796333333332,550.4533333333334,539.4873833333334,1173.7921541152264,555.8483333333334,1407.6458166666666,572.0583666666666,563.5316666666666,584.1537833333333,582.13495,570.4933333333335,595.5325166666668,0.0,0.0,585.01865
2025-11-03,1442.4972833333336,1437.8983333333333,1406.9737833333334,1405.9505666666666,589.1033333333334,583.8881166666666,581.6281333333333,603.575,614.5504666666666,614.0421166666666,635.2416666666666,620.4194166666666,822.6794477564563,615.7933333333333,618.2563666666666,594.9795,1424.4433333333334,1478.7604000000001,644.4253666666666,597.415,615.1032499999999,635.5177,628.3416666666668,1454.2784166666665,631.1269166666666,0.0003244839369091262,1455.2321666666667,1459.2776,1469.755,1425.0073833333333,1430.9720666666667,1460.3683333333333,634.6381333333334,715.9820166666668,850.3583333333332,755.7577676099619,15.363315890783838,0.0,0.0,0.0,0.0,668.3235053978489,641.3631261108324,475.57497294351504,498.1419426021266,532.2388399916009,0.0,0.0,0.0,0.0,0.0,0.0,0.0,0.0,0.0,0.0,0.0,0.0,0.0,0.0,0.0,54.31828628330959,0.0,0.0,623.6253425965365,807.7636804144906,811.6624196361703,828.5695262191047,857.6658310856332,816.5631110434554,785.6638666666666,820.6218608587396,743.1025140204034,718.7895372899471,727.6212716678913,737.9406321705151,780.108,0.0,4.879133884597422,30.08835826861855,18.567467245137777,28.24459170340924,68.09185000000025,95.26274089452261,0.0,0.0,0.0,0.0,370.08973722264113,1251.8794635392483,461.97389424296614,482.9834059454995,505.5201071724331,578.4753480513881,656.0456271048754,683.368581841264,735.764488687842,817.1611715223953,863.0542238889542,914.636867431858,969.52915,1014.130973070698,1029.1543309180418,1035.1026231977032,1059.8210828825895,931.2734365894222,701.345,684.8590333333333,0.0,721.4466666666666,752.50675,752.29555,0.0,0.0,0.0,0.0,214.6955915888858,0.0,0.0,0.0,0.0,0.0,0.0,734.9874666666666,729.5166666666668,751.41815,762.0234333333335,753.4233333333334,757.8938833333334,672.2197666666667,545.1716666666666,566.6054166666665,1429.7802333333334,578.0699999999999,583.7708,578.5690166666667,571.6750000000001,611.0929,605.8911833333334,555.9700000000001,1400.3810500000002,573.70925,578.9366666666667,591.5580666666666
2025-11-04,611.6912833333333,608.9333333333333,1409.0387500000002,1411.4475000000002,1433.4866666666667,1443.1201833333334,1455.8743333333332,1467.6516666666666,1457.9322333333334,616.6020166666666,614.3033333333333,1403.6402333333335,1400.2838166666666,622.0316666666665,629.5612833333333,641.1193999999999,673.0783333333333,634.48305,614.4979333333333,625.3483333333332,626.4379999999999,635.7816666666666,634.0033333333334,583.4153333333333,1224.894467078187,639.78,632.8780999999999,616.7293333333332,622.7216666666666,623.4233333333333,644.8997833333333,0.0,590.2305333333334,1507.0194166666665,853.4066666666666,669.7936717306732,0.0,0.0,0.0,0.0,731.5607833333332,688.372683607531,661.8078761808688,612.6933473973837,505.18092428013983,1389.045237163658,8.175685833118337,0.0,0.0,0.0,0.0,0.0,0.0,0.0,0.0,0.0,0.0,0.0,0.0,0.0,0.0,145.4042518285471,0.0,0.0,0.0,826.3920527667826,745.300055244726,706.3888327708963,691.9548431102866,629.5900496746358,543.9319333333332,578.4381518164523,525.5734504417511,523.7529792558964,596.4138375278276,262.0063917013918,0.0,0.0,0.0,0.0,0.0,0.0,0.0001441903899849703,30.380252351287027,122.40378731275473,213.6015527958856,0.0,0.0,0.0,472.6274027715792,1226.717557517502,469.539722510292,527.949142963981,598.8139868660223,632.6351833333331,674.6332732856204,739.079330094424,793.2091557575094,847.8884501240739,915.4699626020991,966.8179333333334,981.7823205627694,996.4956442910968,1018.7695797937183,1050.924188643191,933.0752428881509,721.8583333333335,720.59825,0.0,203.51291666666617,725.7388000000001,744.2897,0.0,0.0,0.0,0.0,0.0,722.8539833333333,732.8566666666666,0.0,0.0,0.0,0.0,0.0,725.4416666666666,742.1258,752.1853000000001,742.4666666666667,762.3839666666668,671.8244333333334,538.0183333333334,554.9574333333333,592.0366333333334,571.2883333333333,576.1051833333332,580.90705,573.21,572.0632166666667,567.0842499999999,551.725,559.5908500000002,573.8664333333334,594.2216666666666,574.0576
2025-11-05,1398.5903166666667,1410.37,1405.1384333333333,581.6528500000001,588.0833333333334,1400.9959166666667,576.7927833333334,605.6383333333332,611.1674166666667,603.6791666666666,1434.0683333333334,1427.9463,1426.9968333333334,1432.3683333333333,631.9121333333334,639.2324666666667,620.36,603.1505666666667,606.0199166666666,629.21,1468.6770000000001,628.6545333333335,620.1483333333334,617.50095,986.2711003963861,680.1999999999999,656.1402666666667,601.2807333333333,579.7383333333332,1448.1828666666668,1487.8240833333334,645.3700000000001,635.0342166666666,1531.5542833333334,815.2649999999999,9.441856300980703,4.030475738565201,0.0,0.0,0.0,721.2083999999999,300.18474864852294,634.177184473521,585.41162006315,496.43275267502054,550.2925137154075,0.0,0.0,0.0,0.0,0.0,0.0,0.0,0.0,0.0,0.0,0.0,0.0,0.0,0.0,0.0,0.0,0.0,0.0,0.0,756.1770821295374,743.9097589770125,759.8794333785999,750.4078736796649,731.2568125837552,719.0185833333333,726.2344080323519,721.0834255809588,705.7046768802196,713.2802578340858,724.9857021615079,773.9172333333332,0.0,0.0,6.443882052401136,0.0,0.0,24.95025000000021,57.38104194869322,0.0,0.0,0.0,0.0,2.4576558530498005e-05,946.1592545297387,1324.2338224168884,528.1857384111001,547.7058816925934,609.3349515011321,694.8106545088162,715.022265937984,762.5549941742217,843.0418555905362,899.8227247662315,937.8174106213983,939.9007663628106,1008.7441972746761,1056.3604304498645,1068.8016162175177,1088.495222129396,965.1299208616045,757.4649999999999,0.0,0.0,0.0,740.65135,227.5775408333334,0.0,739.5967166666667,729.648,747.3016666666666,745.0137166666667,0.0,0.0,0.0,0.0,0.0,0.0,0.0,754.0316666666666,747.2396333333332,756.0189,774.9016666666666,751.2861,658.7831166666667,568.4966666666666,582.53415,601.6432166666666,576.1099999999999,546.7298666666666,1268.9788724279838,551.6566666666666,569.4604666666667,573.1322,562.5033333333333,589.7863833333332,595.6923999999999,595.5133333333332,0.0
2025-11-06,1416.4314666666667,1405.5816666666665,1430.4887833333332,605.91255,612.31,1429.5828999999999,1446.1974,627.655,596.4659666666666,1416.5522333333333,1429.8133333333335,593.971,607.8910833333334,613.2916666666667,575.9400666666667,591.9051166666667,648.87,648.1745,637.6577,644.7333333333333,494.70122050000117,602.8904500000001,1478.2583333333332,1466.4636333333333,1435.2926833333333,593.4233333333333,627.8712333333333,634.4643666666666,626.3216666666668,619.7194333333334,620.1771333333332,614.02,610.9500166666666,1519.7870333333335,823.2750000000001,30.401119547628127,0.9110778696475563,814.2673802225204,853.0418834632582,0.0,0.0,203.6657559160244,682.3471035305697,624.9653870871492,552.9467324013779,600.6467629533062,717.99215,0.0,0.0,0.0,0.0,0.0,0.0,0.0,0.0,0.0,0.0,0.0,128.1139333333333,0.0,112.42387608402487,127.49921868574052,0.0,0.0,0.0,863.8931191406718,837.8229966761003,812.8698096507045,775.8205168613755,756.0483466619545,742.9092499999997,725.5443478439571,692.7550962698223,728.2123974725134,698.736060521339,716.4147393489683,799.7765666666666,45.03239746772488,76.07304141420752,91.29278010899725,63.233646341386475,32.57495797570277,46.337533333333226,105.83308511599455,0.0,0.0,0.0,0.0,296.5921833333334,1136.4235666201857,450.33261425117456,384.2744521713448,490.31941808165226,605.3471676866169,675.395233333333,683.6626277526445,740.7136666733812,813.4846528032765,847.5089710415937,894.1938360719603,942.60565,979.4555601120087,1022.163412733502,1055.2688777419712,1079.440301234178,968.6704963920342,762.7766666666666,0.0,706.6080333333333,774.6833333333334,0.0,0.0,0.0,723.8240333333334,729.1103666666667,0.0,0.0,91.73548356333163,740.3266666666666,0.0,0.0,0.0,0.0,0.0,766.5366666666667,724.2266166666666,731.7368333333333,783.645,773.1275666666666,680.2589666666667,578.6916666666667,554.2071166666667,1386.5872,1188.1615684297572,567.3777333333333,572.8222499999999,576.8083333333332,0.002055285646837817,0.0,586.85,604.5529666666666,541.4562000000001,445.86333333333334,418.9409166666666
2025-11-07,436.40946666666656,452.63,1274.4329166666666,1275.3023666666668,1282.7366666666667,432.13328333333334,434.12851666666666,461.68333333333345,472.4743333333334,446.0092833333333,427.0866666666667,426.81253333333336,1274.8685333333333,1279.4250000000002,1285.6615333333334,456.5016666666667,468.2533333333333,433.3621018609542,466.63446666666664,459.77,447.0002333333333,1292.5995833333332,1313.0246874333825,463.1981166666667,441.5022666666667,450.21166666666664,1323.5716000000002,483.1072833333333,449.53333333333336,471.4222833333334,494.9973833333334,503.3916666666667,0.0,493.04426666666666,0.0,0.0,0.0,0.0,0.0,0.0,0.0,0.0,0.0,0.0,0.0,1.0637596898069027e-06,0.0,0.0,0.0,0.0,0.0,0.0,0.0,0.0,0.0,0.0,0.0,0.0,0.0,0.0,0.0,0.0,0.0,0.0,0.0,0.0,0.0,0.0,0.0,0.0,0.0,0.0,0.0,0.0,0.0,0.0,0.0,0.0,0.0,0.0,0.0,0.0,0.0,0.0,0.0,0.0,0.0,0.0,0.0,0.0,0.0,0.0,0.0,23.643812546394088,90.97063333333318,137.03159663456938,237.77878802785966,333.29438410942737,399.1545746828697,416.00128016594135,393.37996666666675,380.99118958619874,438.9619454799498,491.2066078801463,460.1119448733877,447.52234376835366,483.1733333333333,0.0,0.0,0.0,0.0,0.0,0.0,0.0,0.0,0.0,0.0,0.0,0.0,0.0,0.0,0.0,0.0,0.0,0.0,502.46635,495.58498333333335,443.97718669283915,498.1112666666667,450.1584666666667,413.8966666666667,437.41566666666665,456.28161666666665,423.865,423.2011833333333,406.60240000000005,389.26500000000004,399.9057000000001,398.97363333333334,376.93833333333333,424.09475000000003,449.8379166666667,424.3999999999999,401.5410833333333
2025-11-08,1246.24055,437.425,1265.3468300803615,1263.5822833333334,1260.2816666666686,418.95268333333325,433.79925000000003,449.31000000000006,464.6498,1292.9029166666667,467.0199999999998,463.06416666666667,456.91853333333324,449.9083333333333,487.1913666666667,490.17735,489.78000000000003,484.76803333333334,491.5227166666666,522.9183333333333,499.68789999999996,0.0,428.2516666666667,1259.8063,1274.6602,467.96333333333325,476.19475000000006,455.58939999999996,1278.0383333333334,1317.16705,497.46516666666673,484.3183333333333,0.006167303900724619,490.3946833333333,0.0,0.0,0.0,0.0,0.0,0.0,0.0,0.0,0.0,0.0,0.0,0.0,0.0,0.0,0.0,0.0,0.0,0.0,0.0,0.0,0.0,0.0,0.0,0.0,0.0,0.0,0.0,0.0,0.0,0.0,0.0,0.0,0.0,0.0,0.0,0.0,0.0,0.0,0.0,0.0,0.0,0.0,0.0,0.0,0.0,0.0,0.0,0.0,0.0,0.0,0.0,0.0,0.0,0.0,0.0,0.0,0.0,0.0,72.51428456904421,109.24309608937011,176.0211033053301,276.78061086774187,340.24973192479814,345.9378109605895,405.27055259540464,441.318110324483,429.02245,443.0831565718119,497.31703842438253,504.44796471223924,465.3727472356667,446.0921178861458,153.0368333333341,0.0,0.0,0.0,0.0,0.0,0.0,0.0,0.0,0.0,0.0,0.0,0.0,0.0,0.0,0.0,0.0,0.0,0.0,467.00861666666657,474.59545,484.5650000000001,496.1271166666667,470.0821666666667,432.8166666666667,1263.6908666666666,1258.4059833333333,1231.4033333333334,1237.6719833333334,1257.4112666666667,1258.8216666666667,1273.83295,1273.2355666666667,1265.4166666666667,1247.3288833333336,1314.6953166666667,1414.1949948972383,592.9867166666666
2025-11-09,582.8159666666667,587.2166666666667,595.9800333333334,601.0570000000001,774.9088687242782,617.1818333333333,622.1628,597.8133333333334,619.9169,629.7806499999999,622.1633333333333,623.0306666666667,635.2466,638.3833333333333,648.6287833333333,647.09015,648.0533333333333,648.05345,610.5628499999999,601.9333333333333,610.9322999999999,616.4363666666667,609.1533333333333,593.3972333333334,604.6560000000001,625.075,623.6661,636.9319999999999,662.0033333333332,668.9578166666666,647.5633333333335,608.605,599.1277999999999,688.6505500000001,820.3766666666666,840.2552281002429,1.1302068614841119,234.11648190208598,0.13092742443507177,0.0,734.5145333333332,704.0877912881344,695.4171996323312,659.5182505248383,539.0569299991887,620.437000557173,784.4820166666668,0.0,0.0,0.0,0.0,0.0,0.0,0.0,0.0,0.0,0.0,0.0,0.0,0.0,0.0,41.429730196652145,71.94858232290062,0.0,0.0,804.9564609878911,776.9956630421605,746.9095066501518,728.6345488731666,731.8594847906394,681.2191666666666,639.1458614606302,652.776543133457,725.6290979558644,693.9133185020219,693.9719150334081,141.93001869756822,0.0,0.0,43.34489240046389,51.99533850650073,68.38299070740857,0.000547497479721264,129.01530798391502,0.0,0.0,0.0,0.0,0.0,1273.828733060099,1346.066438565632,753.5610132245579,549.6986771100026,618.4130976944328,663.4918666666663,655.9047080018136,720.1230930749633,826.5880110996438,842.3444945112728,890.3950050326234,970.5983166666667,1006.5503121967652,1034.9102794761743,1047.9574727871889,1071.414705724526,928.7953943297933,712.3583333333335,0.0,745.4636833333334,743.9383333333334,0.0,314.5542527492534,738.0016666666668,0.0,0.0,0.0,780.1964499999999,0.0,0.0,741.7697166666667,0.0,0.0,0.0,0.0,748.77,736.7713166666666,717.6633,722.1183333333333,759.4293000000001,706.2675999999999,587.715,570.2704333333331,573.5452666666667,565.19,539.4852666666667,567.32135,587.6833333333333,580.7072333333333,558.3485166666667,564.495,589.4767166666666,586.10905,555.91,580.6157166666667
2025-11-10,610.9518999999999,609.29,589.8938333333334,595.1761500000001,603.5933333333332,594.65145,594.7345666666666,1443.5700000000002,1454.9635,1454.0464000000002,1440.6066666666666,605.1508333333334,630.0537666666665,645.285,632.0026833333334,616.7102333333333,1462.7083333333335,1328.3822937252032,635.6380499999999,631.0883333333333,596.74605,1438.2252833333332,1480.29,1463.5677666666666,605.3626666666667,616.72,632.1430500000001,1464.2923999999998,624.7066666666666,654.2965333333334,1497.2911166666668,618.4300000000001,600.7548999999999,1528.9463833333334,833.4016666666666,0.0,0.0,159.32239627909064,13.36113091398272,0.0,756.8268333333334,722.0575372134826,699.1501879918428,649.262641668113,554.624994248579,1463.444113113158,765.6344166666668,0.0,0.0,0.0,0.0,0.0,0.0,0.0,0.0,0.0,0.0,0.0,0.0,0.0,0.0,0.0,0.0,0.0,32.41439721655887,983.5102768763329,971.5187490671425,963.6679691236807,972.957323898599,958.0004938544353,937.4727999999998,906.5550930771823,727.1168136841517,772.0019539822968,703.9970681912572,705.6000796334058,807.1577000000001,0.0,12.341375865077225,58.916531297466236,0.0,96.66208763851421,202.20063333333337,0.0,47.454536178672214,0.0,0.0,0.0,0.0,1262.7904669897343,1357.9897625578424,590.8311223324969,591.0574287238086,641.9561339776191,724.9454337550648,747.7463686644371,806.1133461722056,876.2717975735329,905.9093566520619,949.4940267765204,996.5137025601264,1047.2554512748839,1051.2894735377004,1041.1067243468424,1062.6151010807216,961.2194647468568,777.8416666666666,0.0,0.0,730.6583333333333,0.0,29.59655000000123,0.0,0.0,0.0,0.0,0.0,755.8011,730.5083333333333,0.0,0.0,740.7916666666667,743.3709666666666,0.0,732.7133333333333,771.6213833333333,751.9790666666667,725.9383333333333,730.5912333333333,672.4734333333333,577.3466666666667,576.4027333333331,587.7779333333333,578.0683333333335,570.41795,584.4587999999999,587.5733333333334,556.9688666666666,1373.6580072028603,570.3516666666667,559.4678664990165,0.0,598.1966666666666,607.38755
2025-11-11,1433.7580666666668,582.925,1463.4026166666667,618.6594666666667,549.8633333333333,1396.3731333333333,1425.42665,1435.8583333333333,596.2875666666667,1424.1387166666668,1408.815,593.5458333333333,849.8867335390951,1462.6966666666667,626.72675,625.5902333333333,628.7633333333333,1439.4155833333334,1428.1866833333336,1475.2333333333333,651.37405,651.9525,649.6449999999999,610.7411,602.6740666666666,628.4716666666667,611.8011000000001,600.7956833333333,611.7916666666665,624.1571166666666,659.4597000000001,660.3933333333334,619.3558833333333,1534.8140333333336,869.5833333333331,879.5695178938506,229.29213785975264,852.078058446595,19.072356124449357,0.0,746.8675833333334,697.3523057949551,673.4842512238117,632.3159300702739,544.1363293473571,639.4369476180558,0.0,0.0,0.0,0.0,0.0,0.0,0.0,0.0,0.0,0.0,0.0,0.0,0.0,0.0,0.0,35.25152153906083,0.0,0.0,0.0,805.4898635392759,766.6156586100482,745.5070384221622,772.5190480773309,739.5610767823974,693.550616666667,741.6586681974211,716.1987969389172,702.6165856275785,698.3544594462754,771.085362664382,835.7040000000001,9.59153512601813,0.0,0.0,4.441901114843404,14.416283547038688,13.623333333333449,0.0,0.0,59.942129659782864,0.0,0.0,0.0,1249.4715713820642,1297.593195523837,521.0802739069768,567.1772656046458,638.7001609119994,695.0250315377771,705.1805694722478,747.8762625754442,833.9462885059702,877.557230167939,916.1887948880805,953.503853974551,1021.8460834280655,1059.1181663144407,1067.1519966273836,1092.436116355931,963.5451547640558,752.0766666666666,0.0,0.0,0.0,739.5828500000001,0.0,0.0,768.9761666666667,765.47945,0.0,0.0,0.0,754.2416666666667,764.5574499999999,214.43533333333414,0.0,0.0,0.0,742.3683333333336,803.2585666666668,775.29535,721.2583333333334,729.1471166666668,658.1861666666666,539.8050000000001,586.1512166666666,608.8732,565.7916666666667,557.6144666666667,560.2875166666666,562.8900000000001,574.5833833333334,584.5990333333332,574.3866666666667,590.3134666666667,594.1633499999999,590.8466666666668,578.0484166666666
2025-11-12,591.5031666666665,617.2483333333333,618.8916166666667,1430.7691166666668,1413.105,1435.7928000000002,629.466,654.9516666666666,622.3207666666666,593.55835,598.5383333333333,618.7418,628.10185,1344.7458039094652,1460.2325166666667,633.3758666666666,619.24,633.9078333333333,1448.9495000000002,1439.1,1444.1547,1456.91055,632.0083333333332,616.5735999999998,1439.9654333333333,1451.8333333333335,607.15705,624.7582166666666,647.1133333333333,640.3796666666667,648.09645,636.4416666666667,621.4186333333333,1522.7442500000002,816.4383333333332,847.4257498616363,0.0,0.0,41.51459108090012,858.5281411838113,787.8480333333334,721.8994937961139,669.9683767745881,595.6075578294563,531.7974507224096,1495.2216701533737,35.527553607314644,0.0,0.0,0.0,0.0,0.0,0.0,0.0,0.0,0.0,0.0,0.0,0.0,0.0,0.0,0.0,17.03747533616638,14.424842299839725,0.0,866.7589964490015,838.5888461419044,823.9675802086383,900.4961186951106,879.6883344666164,799.9136333333337,792.2953844917832,643.6024440463822,671.7889232866024,648.6553555130572,676.3087305748131,605.509852712283,0.0,0.0,12.09696023713559,68.09593504656709,0.0,0.0,151.45899730761198,6.327105555214985e-05,0.0,0.0,0.0,0.0,1163.175446204569,1211.8594301650035,455.2633457387735,535.9837927603419,606.5295931513392,643.7662028359223,675.8034530888926,728.4346029153289,806.1195073118829,904.9850103034693,964.8866349495862,978.9355833333332,1029.7212192305412,1059.377119021908,1059.709874286261,1042.3526237138426,924.5717868565067,766.5266666666665,0.0,0.0,701.2716666666666,747.9450666666668,761.5729833333334,111.91309368562054,0.0,0.0,0.0,0.0,0.0,0.0,702.8710833333333,721.8786833333334,0.0,0.0,0.0,773.0566666666667,755.1745833333334,718.2349666666667,743.8600000000002,756.9261999999999,702.0346833333334,599.3199999999999,572.9676333333334,593.0614833333333,611.0266666666666,577.4747500000001,567.7047,586.6016666666667,557.7731666666667,568.6150333333333,597.145,568.8856499999999,539.8797,554.3699999999999,563.6783333333333
2025-11-13,1425.4004166666666,1443.8366666666668,1446.44695,593.6521666666667,583.6216666666667,1443.49465,1445.5278,614.905,635.3878833333332,639.89195,619.8116666666666,592.3984333333333,604.2912,621.9266666666666,1459.0669,637.8238333333334,641.8050000000001,1464.4699,597.0993833333335,587.9333333333333,1453.1733666666669,1473.1317666666666,1457.3393516861227,613.1663000000001,576.2336412819529,616.8833333333333,602.9483666666666,597.4126833333333,603.4983333333332,608.7444166666666,1478.6964666666668,1495.6466666666668,662.3413666666667,713.17365,800.6650000000002,714.4776337389883,0.0,0.0,859.6442241830266,834.891120944424,754.8257666666668,694.475083824638,666.1155445704743,619.1910874596551,540.1656146392049,1064.8127729428427,0.0,0.0,0.0,0.0,0.0,0.0,0.0,0.0,0.0,0.0,0.0,0.0,0.0,0.0,0.0,0.0,0.0,0.0,0.0,806.6395254666196,784.8949476278356,700.5928889550972,690.587301202292,667.1667923258389,646.6697666666666,657.039236113873,637.2456243375099,244.32140277403346,570.2623378085706,611.4428805362969,9.5473833333333,8.250321791739907,0.0,0.0,18.467260974765594,102.81469094585407,0.0,0.0,0.0,72.17712119579963,0.0,0.0,344.6037814299158,1236.9088852167993,1303.1968560712412,487.795219491852,547.5139063443951,599.5912053636024,631.7291758847324,708.4981733639161,744.8063084803435,789.4547829379803,867.9508047182705,942.8333624301357,994.2065833333335,1006.4533316757659,1009.0405700066025,1023.8711775693184,1084.7208588256808,975.7866688713425,756.625,0.0,0.0,0.0,259.87678333333395,0.0,0.0,0.0,708.71095,738.2133333333333,716.4242666666667,713.4900333333334,721.1666666666666,0.0,0.0,0.0,0.0,0.0,788.7366666666667,767.1975333333334,753.3092000000001,788.2366666666667,813.61585,710.6394833333334,535.2249999999999,541.5934166666666,590.0640166666667,591.7933333333334,551.1290666666667,555.6101666666666,600.6300000000001,616.2773833333334,612.6526666666666,601.0516666666667,599.6930666666666,527.8511333333333,422.17,402.48018333333346
2025-11-14,428.36159999999995,757.6238159129134,1284.8892166666667,1277.48445,439.38500000000005,454.4606833333333,473.0226166666667,477.80833333333334,470.8483166666665,1303.5876,474.3549999999999,463.04019999999997,468.40378333333337,480.945,476.3889,471.11831666666666,1275.2800000000002,439.72270000000003,444.80743333333345,468.09000000000003,1306.2330666666667,1303.4432833333335,457.7950000000001,452.22111666666666,440.92705,445.0666666666666,457.8202,453.714,445.3583333333333,463.9106,479.13571666666667,487.035,476.40769999999986,1300.9467333333332,0.0,0.0,0.0,0.0,0.0,0.0,0.0,0.0,0.0,0.0,0.0,0.0,0.0,0.0,0.0,0.0,0.0,0.0,0.0,0.0,0.0,0.0,0.0,0.0,0.0,0.0,0.0,0.0,0.0,0.0,0.0,0.0,0.0,0.0,0.0,0.0,0.0,0.0,0.0,0.0,0.0,0.0,0.0,0.0,0.0,0.0,0.0,0.0,0.0,0.0,0.0,0.0,0.0,0.0,0.0,0.0,36.139173873479194,159.12742747800053,175.9868313904111,210.53416318222514,264.1506972372637,280.51599222893486,332.9551542684459,393.6711574557199,445.67193884860546,442.6093268875909,414.0106000000001,465.9477028890374,520.475714877846,519.1317255740158,506.6614175414375,490.613387955406,319.6943419123253,0.0,0.0,0.0,0.0,0.0,0.0,0.0,0.0,0.0,0.0,0.0,0.0,0.0,0.0,0.0,0.0,0.0,0.0,482.87266666666665,466.5918000000002,455.2466666666667,466.7101833333333,435.21121666666664,367.9316666666666,399.7308166666666,1263.1616166666668,194.52164258659957,430.86406666666664,444.01290000000006,447.39999999999986,0.0,430.82554999999996,418.66833333333335,400.4702333333333,994.8508597133084,464.84166666666675,0.0
2025-11-15,0.0005843934443772756,414.59333333333325,1262.9454166666667,427.8178833333333,424.64833333333337,457.32621666666665,477.30466666666666,1306.7383333333335,1304.8255666666666,447.49603333333334,414.6116666666666,443.80713333333335,479.99838333333344,475.6616666666667,449.8050333333333,453.39925,466.11499999999995,1331.8901,457.22966666666673,425.7183333333333,427.9697,1275.4300500000002,681.9541668117454,439.07688333333334,449.1662833333333,475.69500000000005,1310.5389833333334,1288.4522333333334,1273.5116666666668,451.5428166666666,454.48503333333343,459.9766666666667,478.06013333333334,1317.4421,0.0,0.0,0.0,0.0,0.0,0.0,0.0,0.0,0.0,0.0,0.0,0.0,0.0,0.0,0.0,0.0,0.0,0.0,0.0,0.0,0.0,0.0,0.0,0.0,0.0,0.0,0.0,0.0,0.0,0.0,0.0,0.0,0.0,0.0,0.0,0.0,0.0,0.0,0.0,0.0,0.0,0.0,0.0,0.0,0.0,0.0,0.0,0.0,0.0,0.0,0.0,0.0,0.0,0.0,0.0,0.0,27.76153534347509,99.34287807369878,119.80111993415227,151.9782136198209,217.07844121606308,268.14502351199866,363.78303399436743,443.7943589670847,453.89840144202503,436.77467772369675,443.4108037616693,471.14453980863453,503.7128822070491,499.80493602886423,479.04651509492794,457.42181413270845,437.1766666666666,0.0,0.0,0.0,0.0,0.0,0.0,0.0,0.0,0.0,0.0,0.0,0.0,0.0,0.0,0.0,0.0,0.0,0.0,450.8495,487.6156166666666,520.1299999999999,508.9579166666667,102.28827302249948,404.56999999999994,1248.7068166666666,1262.6445,1262.9816666666668,1245.4749666666667,1247.9375666666667,1245.1783333333333,398.72006666666675,422.6854666666667,1261.0183333333334,1228.6395000000002,1299.2217,583.9649999999999,0.0
2025-11-16,760.7284376985077,1457.94,594.6943166666666,571.0893166666667,597.0466666666666,599.3675666666667,624.4003333333333,638.9666666666667,608.3487166666666,1423.4416166666667,1432.4466666666667,626.4199166666666,0.00029694170826774036,601.5933333333332,616.8163833333333,627.3051499999999,607.4083333333333,1456.2082833333334,624.9439500000001,0.0,648.4787666666667,635.3719499999999,625.4916666666667,629.3653166666668,0.0,0.0,628.1378666666667,605.0745000000001,597.7549999999999,657.2671666666666,660.3353500000001,1427.2983333333336,1413.0053,1522.2835333333333,823.5999999999999,818.4699526558412,0.0,43.839702626377516,827.5349259193517,799.0777608314828,794.7888,746.002808178368,704.8984901393427,653.9955764775169,538.0549196355362,587.0299642004713,0.0,0.0,0.0,0.0,0.0,0.0,0.0,0.0,0.0,0.0,0.0,0.0,0.0,264.47274141340836,241.61343315031706,230.04230651973432,200.7256160698189,157.07702086671543,115.91551666666646,920.1564233146341,864.1713701390279,861.8153529817646,809.7330924769218,754.6114262372605,750.5026666666664,757.0572510860458,700.1799697448242,706.302710530634,735.8171802978253,721.68859715393,272.27537617019294,0.0,0.0,0.0,1.3200817800493496,42.17385385727869,124.77626666666663,193.95478503226013,212.23636968564426,161.58673537238434,0.0,0.0,397.81792592863246,443.6554740164547,1356.0671017305785,579.0517303800361,612.4964151865685,642.6119812519373,662.6971727132407,715.6349307082171,799.073940295761,859.038354588777,898.3420423367996,939.6516328566435,1007.7841666666666,1048.1117978443037,1062.4133969243358,1073.2210401628158,1079.5616740905857,935.4611143975551,728.2950000000001,736.6017333333332,0.0,711.8133333333333,757.3409500000001,760.4839833333332,0.0,740.2781000000001,0.0,0.0,0.0,0.0,0.0,0.0,303.0531499999994,0.0,0.0,0.0,772.2600000000001,789.9742166666667,757.7583333333332,734.7716666666666,768.4814833333332,707.0595166666667,561.0216666666666,553.6361666666667,577.7907333333334,580.6550000000001,1405.1213166666666,574.7107166666666,408.75986666666677,546.4144333333334,536.9368999999999,551.2416666666666,1399.1364666666668,586.3958833333334,0.0,0.0
2025-11-17,1430.5918833333333,1468.5466666666666,604.2990166666666,585.3998666666668,1412.195,1411.804,1450.4048833333334,649.7850000000001,596.3794333333333,588.5795166666666,632.8799999999999,615.4283833333334,1427.2675333333336,1407.4883333333332,602.5745333333334,625.5869833333333,615.42,1430.4980666666665,1425.5627833333333,632.0866666666667,605.52665,659.1434565050805,660.0383333333334,0.0,634.5515333333333,635.5966666666667,640.7690333333334,638.5766,1459.4116666666669,623.5457333333333,617.3867,611.3116666666667,1453.03825,1545.8540333333333,839.2950000000001,18.299933492102696,0.0,824.1319841523518,853.647851119565,833.7512046022948,803.2546666666667,741.7226052179542,692.9043725072003,644.5403102344382,591.8825008496522,660.5277010292259,200.59095563271785,0.0,0.0,0.0,0.0,0.0,0.0,0.0,0.0,0.0,0.0,0.0,0.0,0.0,0.0,0.0,0.0,0.0,110.07866666666666,961.6015417931295,916.9002283840944,904.6511432718728,888.0050947476028,861.3933247477744,844.041133333333,850.7965299717254,684.1170273612704,719.4623094898387,716.8547398908146,777.7702178731132,841.9268666666667,18.692437928969753,31.053127139159983,45.2569971856276,56.91154346426981,70.4073524269138,113.39106666666657,149.54710319686728,175.0141706588629,0.0,0.0,0.0,7.902730050091122e-05,1247.1116249059487,939.7190329938309,503.20731425456177,551.9181065053486,651.5902395645007,749.3725166666666,788.0765389358203,844.9642352626979,891.6822039794297,928.9708274120676,961.2476379927396,1016.2054000000002,1074.0464494808612,1067.4062507793542,1040.4145979566067,1083.5069488518252,962.7281169939782,743.43,0.0,0.0,723.4583333333333,760.8351833333335,0.0,0.0,743.1320499999999,0.0,0.0,0.0,745.7373000000001,408.36669999999975,0.0,0.0,0.0,708.0837666666666,0.0,779.4666666666667,741.4584666666667,720.2574666666667,783.6166666666666,797.6701333333333,727.2905333333333,591.9316666666666,544.4337666666665,1379.0099084362148,1388.7433333333333,550.8575000000001,565.8574166666666,1055.1571419877707,581.3027333333333,0.0,601.0983333333334,597.8786499999999,0.0,0.00063165657235459,590.0000000000001
2025-11-18,614.8491666666665,605.4833333333333,753.2641621399139,1405.7058833333335,1447.4833333333336,616.0953666666667,597.2277499999999,600.5166666666665,1451.1149,634.6874166666666,631.5766666666667,591.8824166666667,593.2923000000001,605.3533333333332,614.9304833333333,1451.2459833333332,1450.6233333333334,1435.4619666666667,1416.1162333333336,630.3683333333333,650.3154166666666,635.3746,605.3916666666668,585.2779666666667,1417.7272166666667,1445.1150000000002,621.4673333333334,615.8774166666666,603.0916666666667,640.1553333333334,665.3904166666666,652.0316666666666,1444.5124833333334,1518.3255166666668,820.3299999999999,0.0,0.0,865.2441284221214,0.0,0.0,0.0,746.330823081172,708.1292421359341,668.3709878765833,549.288167912601,1344.8592533551064,720.7778666666669,0.0,0.0,0.0,0.0,0.0,0.0,0.0,0.0,0.0,0.0,0.0,0.0,0.0,0.0,0.0,56.83330539545727,0.0,0.0,785.4874925977018,803.4791421270661,825.1352154116199,803.6500620644302,731.3647453210605,691.7272833333334,711.3268073259746,734.3264266234718,768.173419985135,789.5768421358326,846.8048233175138,911.1134500000002,102.01896585929148,0.0,116.07080114682458,207.89936222567212,246.99076746703224,208.23788333333346,267.7091896158114,257.49466798801427,76.33147947846794,0.0,0.0,0.0,1310.107254556997,1358.1950471333348,593.942490155847,616.5616252502089,668.547771657823,744.2113809422102,768.209813078676,819.9761464291998,894.2793343245141,946.128846613506,977.6748114815127,990.8843166666667,1031.7475798299185,1072.0225640665783,1060.995940421506,1048.7753018840297,933.1517855341347,767.0866666666667,0.0,0.0,0.0,741.6867000000001,0.0,703.0699999999999,754.5071333333334,0.0,0.0,733.7998666666667,0.0,0.0,0.0,0.0,164.34781666666436,731.9419833333334,0.0,728.0283333333334,752.19005,750.7229666666668,781.9416666666667,792.6197000000001,699.7544,547.5983333333334,589.3675833333332,1453.178056908164,579.8433333333335,555.1714999999999,548.6425333333333,551.125,604.2083666666667,628.2297833333332,509.9111000710539,559.3674833333332,575.3251166666666,623.135,0.0
2025-11-19,572.68215,602.5433333333333,1403.9801166666666,1402.7892666666667,1431.5866666666668,612.7323500000001,612.4392833333334,600.54,594.1143666666667,1433.4250833333335,1446.8500000000001,1443.6333,611.1259000000001,595.0233333333332,608.12695,611.98855,610.0199999999999,638.0918833333333,618.5684666666666,598.7850000000001,618.0978666666666,636.6611333333334,630.0733333333334,1335.0557840686588,627.9605166666666,1475.3116666666665,1476.1393333333335,635.6606166666666,623.0983333333334,1453.9073333333333,640.8780666666667,654.9599999999999,593.3766499999999,1466.9246,785.4249999999998,840.3775087271381,865.6784723712858,876.167650289189,15.78832300085719,815.3604319228165,820.2020666666665,733.7495231863396,689.3897773118138,688.1658211164211,619.9920051900062,648.5444614999167,765.7932166666669,0.0,0.0,0.0,0.0,0.0,0.0,0.0,0.0,0.0,0.0,0.0,0.0,0.0,0.0,154.7264914431126,250.0689185670874,243.8884929873484,172.84350000000018,966.2079891815035,940.6428226733359,983.7076441320287,974.0694872625937,943.2604416558812,924.2949833333331,945.9625084295824,716.3573215849904,698.1672973209762,699.3461223252699,434.06613364132295,0.0,0.0,0.0,0.0,77.55906833540871,136.66878683225548,177.0695333333333,211.40220826412974,0.0,0.0,0.0,0.0,86.1411856556648,1267.7552926942922,1306.7835782547318,532.3268166611131,572.8011690591044,633.3787047883402,676.4960655592424,744.4716185416768,768.9257176256809,803.5712053628761,870.0392842092634,962.910150886557,1033.7206166666667,1033.2865994993717,1051.0434219101453,1067.286722132518,1071.2146224724797,941.0514128013587,733.2533333333333,0.0,0.0,737.5983333333334,239.78440000000182,743.4227833333332,709.4733333333334,718.3916833333333,0.0,0.0,0.0,0.0,0.0,771.8275166666666,0.0,0.0,0.0,0.0,702.24,739.9795499999999,748.2052166666667,748.44,777.0469666666665,711.7293500000001,565.645,561.5089833333334,586.0144166666666,583.7283333333334,573.5139833333333,572.5654166666667,566.0,1413.8877720869168,580.1278833333333,563.3466666666667,551.0567500000001,565.1290833333333,602.8466666666667,0.0
2025-11-20,1423.7915833333332,1451.3166666666666,585.7130000000001,581.7275000000001,1451.3450000000003,620.7150833333334,623.2027499999999,600.735,1409.3124666666668,598.4760166666666,649.12,628.3467499999999,619.5773666666668,613.9816666666667,603.1149333333333,623.2582833333333,1483.8283333333334,1473.80905,621.4043499999999,629.7783333333334,599.8612666666667,604.3392500000001,747.2088063786001,1481.1330000000003,624.0145166666666,609.5333333333333,1461.5419666666667,635.9803166666666,631.9816666666667,1492.0342333333333,636.4180666666668,583.9,1406.5644499999999,1514.3792166666667,827.2133333333334,857.5339027230403,16.321408954874755,833.0174663001121,588.7499857949583,845.8763497521562,4.81936666666661,0.0,685.1865538472506,676.4574539618652,600.0498078520035,669.7597117814382,826.9186333333334,0.0,0.0,0.0,0.0,0.0,0.0,0.0,0.0,0.0,0.0,0.0,0.0,0.0,0.0,64.55352640378692,0.0,0.0,0.0,862.2657361007049,853.8410096718665,855.0325412560927,872.887208116743,862.9355017279385,808.6420499999997,819.7814341521046,795.6860380692955,795.0539962292538,762.263102763951,850.7228047432912,814.6252333333335,51.6433229437888,69.22388666805125,110.95651653399023,85.98918758306313,169.11247403775428,182.73966666666672,0.0,0.0,310.2589482107237,331.22520548503803,0.0,0.0,1388.5614841473284,1404.0208134687803,559.9969854101029,610.5929622872698,663.0985688049456,684.7388654812717,747.2385079162035,808.0656548984964,868.7477186112565,928.6194120039344,988.3493579506641,1035.8748000000003,1053.8788068757551,1079.092905702694,1082.7362266866478,1098.5832712931378,952.3244258817773,715.8783333333333,258.91778333333343,721.5421833333334,0.0,0.0,0.0,0.0,746.1298666666667,0.0,0.0,746.2397333333333,0.0,0.0,0.0,0.0,768.4766666666667,745.3441333333333,0.0,743.0800000000002,762.7628833333333,750.4901666666667,755.1466666666666,783.8492666666666,703.5228666666667,554.0416666666667,564.3193999999999,574.2385499999999,552.9383333333334,566.6044166666667,581.7093166666667,579.9833333333333,619.79365,601.6740833333333,537.0183333333333,551.8132833333333,518.5927166666668,425.03166666666664,411.2673666666666
2025-11-21,1281.29945,1303.76,444.9160166666666,443.5222666666668,1282.5166666666644,1274.1592333333333,456.5510333333333,460.88166666666666,447.5370333333333,1299.4190166666667,654.2064391469856,462.6792166666666,453.62159999999994,1298.1516666666666,451.40741666666673,448.39160000000004,466.4749999999999,488.5058166666667,469.4609666666666,1289.0433333333335,1281.71415,455.6729833333333,459.09,429.89821666666677,434.2352333333333,474.61,460.66794999999996,439.85219999999987,451.51500000000004,488.62125,495.66515000000004,497.3583333333333,474.08121666666665,474.3689166666667,0.0,0.0,0.0,0.0,0.0,0.0,0.0,0.0,0.0,0.0,0.0,0.0,0.0,0.0,0.0,0.0,0.0,0.0,0.0,0.0,0.0,0.0,0.0,0.0,0.0,0.0,0.0,0.0,0.0,0.0,0.0,0.0,0.0,0.0,551.9582895447993,0.0,0.0,0.0,0.0,0.0,0.0,0.0,0.0,0.0,0.0,0.0,0.0,0.0,0.0,0.0,0.0,0.0,0.0,0.0,0.0,45.44928225911781,66.32106175557237,104.65000868184552,190.37960632411097,242.70131461848808,265.1702833333334,294.126726798914,375.77206106165835,452.2536989416389,491.50548546769556,475.62784426597204,456.45348703827796,460.07996533311035,492.29092443618043,478.51427448725815,460.14488904920955,461.37403164732245,475.97833333333324,0.0,0.0,0.0,0.0,0.0,0.0,0.0,0.0,0.0,0.0,0.0,0.0,0.0,0.0,0.0,0.0,0.0,0.0,484.3664,508.7417166666668,275.4611937000003,491.72445,452.42508333333336,400.64833333333337,406.7421333333333,1224.6125666666667,369.68000000000006,368.56688333333335,394.9295000000001,412.49666666666667,162.08641802429605,0.0,421.31833333333344,988.9062851140346,450.1764333333334,0.0,414.84431666666666
2025-11-22,1256.4156666666665,1278.775,432.2378500000001,1277.8148500000002,457.8333333333333,441.589,451.2137333333333,472.71,481.5374833333334,1290.3102,1279.7283333333332,1274.7031833333333,1271.5437166666668,1259.1366666666668,1273.9817333333333,464.31309999999996,472.54999999999995,479.0109499999999,479.2050166666666,519.5416666666665,504.45095,477.03411666666676,476.49499999999995,503.17685,478.8648666666666,451.7283333333333,478.19340000000005,1310.4396333333334,1020.2745174008494,477.07323333333335,488.1013666666667,478.62333333333333,481.0803833333333,478.61153333333334,0.0,0.0,0.0,0.0,0.0,0.0,0.0,0.0,0.0,0.0,0.0,0.0,0.0,0.0,0.0,0.0,0.0,0.0,0.0,0.0,0.0,0.0,0.0,0.0,0.0,0.0,0.0,0.0,0.0,0.0,0.0,0.0,0.0,0.0,0.0,0.0,0.0,0.0,0.0,0.0,0.0,0.0,0.0,0.0,0.0,0.0,0.0,0.0,0.0,0.0,0.0,0.0,0.0,0.0,0.0,20.561291720434383,36.4394437750791,86.24841572289824,114.60736889503067,192.0842662577419,292.31056253293275,287.26564092516077,333.8823476107709,425.51753855855776,486.0882103487652,472.5305757972335,428.0551000000001,448.03195730291446,495.4283331209738,497.94456478842096,469.4589096531326,453.4270793597896,399.30195000000003,0.0,0.0,0.0,0.0,0.0,0.0,0.0,0.0,0.0,0.0,0.0,0.0,0.0,0.0,0.0,0.0,0.0,0.0,495.9442333333334,477.62041666666676,464.5116666666667,500.19329999999997,483.41041666666666,401.58000000000004,1227.5951333333333,1231.4835833333334,1237.045,1233.8670833333333,1263.8545166666668,1288.8699661205676,445.84243333333336,439.42726666666675,428.7700000000001,387.03329999999994,443.2267833333334,563.0983333333334,591.00665
2025-11-23,592.3412000000001,588.235,1411.1960000000001,611.9510833333334,640.0233333333334,604.1109333333334,575.8228166666667,567.775,1407.9723,611.1738,647.6616666666666,596.6841166666666,577.3977666666667,1435.69,634.5738333333334,619.4913166666665,579.5050000000001,607.8309333333334,638.3805166666666,658.2966666666667,610.3312666666668,604.0408,1409.6827983539092,640.0541666666667,613.2303333333333,618.425,642.5576833333333,1458.7561666666666,597.5133333333333,640.0953000000001,668.2773166666667,649.9383333333334,600.0002666666667,1519.4469333333332,857.7,852.1807475824454,198.64173232822657,844.0033206797752,870.3999593646615,835.7051374724207,781.8224500000001,740.367172534579,734.0832852147532,696.8693670042857,611.0241681656257,676.7895529532268,813.4844833333334,0.0,0.0,0.0,0.0,0.0,0.0,0.0,0.0,0.0,0.0,0.0,0.0,0.0,0.0,0.0,0.0,0.0,123.78558333333285,921.0056106253805,921.4525699353775,965.8516077602866,909.8609426877025,844.9728515133821,776.3348000000001,784.7434007817346,692.2955857854761,714.9551005735567,667.4481179012347,660.9622126543212,298.8810037705825,0.0,0.0,0.0,51.12632749183297,115.61981292203689,136.66120000000012,77.6760858661324,0.0,0.0,0.0,0.0,0.0,1250.624608635572,1315.1124827286321,557.5756799658128,579.9503351533867,655.5506831189095,724.0443166666666,770.3627526514722,843.7094933932422,885.3032946017356,949.0093058898314,1028.4433564087794,1085.02715,1050.583354467788,1036.2940962372875,1066.4901517505284,1067.324713453088,963.1055000981921,792.7483333333334,0.0,0.0,0.0,0.0,0.0,723.425,719.252,0.0,163.40721676643716,749.8480166666666,0.0,0.0,0.0,733.39635,753.5183333333332,0.0,0.0,753.5466666666666,739.2689166666667,746.2769333333334,775.035,763.8544833333333,675.8268166666667,559.2299999999999,549.1318000000001,1408.488972795455,0.0,484.7465550356815,578.3638500000001,593.5783333333334,583.5251833333333,584.2597666666668,583.5583333333334,565.0870500000001,594.2318833333334,630.13,562.4725333333334
2025-11-24,1382.0009666666665,1423.2416666666668,579.0938500000001,602.8025166666666,654.88,645.2675166666667,607.6748999999999,588.83,1416.9224833333333,1451.3433666666667,664.1916666666666,625.6114666666666,584.5421833333334,560.56,1407.1190761400583,605.91805,637.2216666666666,580.5369403577656,627.1525499999999,1467.7683333333334,1477.4326333333333,632.5525833333334,622.1650000000001,620.2236833333334,604.6110000000001,1441.97,1483.453,1474.8177333333333,607.9616666666667,657.7302333333333,657.7320166666668,618.665,1426.6748833333334,1495.72215,789.8299999999999,816.0549735027467,0.0,822.4444335897604,848.6957456773616,834.5436941802923,787.9133833333333,734.3383812479535,0.0,0.0,591.2838816314493,645.0112850455876,324.4769580631475,0.0,0.0,0.0,0.0,0.0,0.0,0.0,0.0,0.0,0.0,0.0,0.0,0.0,0.0,0.0,41.17974336100497,0.0,0.0,728.1608877152012,742.8267095347168,736.0238347900878,761.6980004363238,726.7313031768307,643.4975833333332,676.9542092262263,663.9499573120107,670.381687989727,692.8851598706755,755.147813556347,704.1072364852523,0.0,0.0,38.64445485447948,0.0004375916024628168,86.45699713103568,78.87638333333325,160.577023300409,0.0,0.0,0.0,0.0,389.24681666666675,1289.1970748300082,1371.299446636621,575.0329955630582,601.2845256614808,669.9688636635609,740.6683180763433,775.233394148095,832.9420026367294,897.4146684916386,968.5373419001546,1026.7094515966671,1063.53715,1051.4608672579438,1033.5323570531311,1039.1918711878195,1070.8528383054543,943.8742755286085,715.5783333333335,0.0,0.0,727.9749999999999,724.7255833333335,0.0,0.0,0.0,0.0,0.0,0.0,0.0,722.5066666666667,709.2512333333334,708.6681833333332,118.01773101224899,0.0,0.0,747.1550000000001,730.0580333333334,727.5902833333334,761.0433333333333,774.6781166666666,705.4217833333332,589.8283333333333,564.1741833333332,576.9967499999999,585.77,552.4154333333332,555.1185833333334,572.9333333333334,593.7636,593.4640666666668,572.475,575.50295,555.6573333333333,536.3916666666667,597.8355166666666
2025-11-25,1469.9737833333334,1418.2783333333334,1420.5122333333334,607.6893,611.4816666666667,614.12055,619.7001333333332,641.9783333333332,608.0563833333333,594.1992666666666,607.1733333333333,597.3755666666666,1425.1031166666667,1412.7183333333332,1097.467782700929,1456.6955,607.865,619.774,629.1395833333333,1481.9450000000002,635.5109833333333,597.3534500000001,599.0833333333334,1464.11375,1466.4308333333333,621.6199999999999,652.4191666666667,638.1353666666665,603.6483333333333,1474.99745,630.0345000000001,606.2966666666667,1424.50715,1524.0261,832.8716666666668,846.5600763047573,0.0,817.252544720566,828.7355319805828,824.9448972078515,0.0,770.0626811546837,741.8523952928886,686.7967643341938,590.7654770589465,681.169339163122,848.5950333333333,0.0,0.0,0.0,0.0,0.0,0.0,0.0,0.0,0.0,0.0,0.0,0.0,264.9425562028524,255.3152508887672,30.451246396403434,155.0339013434408,0.0,136.00621666666677,959.1125033869351,910.846327357299,899.9362379216803,937.305405298457,932.7918119566936,835.1520666666667,867.643902835255,773.0248663892683,768.7454316722705,760.7291129629632,773.2603202160496,119.51378382526778,8.869036504387168,48.01745545500876,88.78674598549651,80.29122444513337,137.9579977524511,200.81438333333347,0.0,0.0,0.0,333.2197821826643,0.0,0.0,532.8553856832943,1357.1133600475916,1392.3889171833393,600.625907653949,675.1998474733032,760.1803542021619,842.6247057776545,899.4801697211562,927.1169762523963,953.7348970406875,998.5213979949854,1045.503210220148,1061.9439236817034,1045.4451740160796,1019.9690412196417,1040.693879364726,933.821323186549,735.6833333333333,0.0,59.786513342718195,712.9116666666666,723.2518,0.0,0.0,0.0,0.0,0.0,0.0,0.0,0.0,0.0,0.0,710.2416666666666,728.7296833333331,762.69565,794.0033333333333,776.6206500000001,753.7718666666667,759.9133333333333,754.0326666666666,678.2381333333333,560.7983333333333,534.8247166666667,577.28495,609.5383333333334,567.9179833333334,593.4404833333333,627.605,571.8205,529.7542333333333,550.3033333333333,596.7437333333334,598.5207166666667,572.87,581.7094
2025-11-26,601.0271666666667,574.5,1429.1420666666668,1455.3814333333335,615.975,592.4307333333334,1421.24665,1465.6333333333332,630.8776833333333,1458.5987333333333,1458.4683333333332,615.4666666666666,627.1771666666666,741.2873271489088,1437.0435166666666,1432.4571500000002,609.9266666666667,642.42805,653.3008,661.47,637.16745,635.0077666666666,664.7266666666667,616.5783333333334,599.5355,638.775,638.5152499999999,625.9369833333334,648.9266666666667,650.3654666666666,1452.0858666666668,1441.0666666666666,1433.3344499999998,1546.0891,869.08,718.6976774615055,173.8635149313168,846.0437056705783,852.2005401866799,848.4260153086799,844.0528833333333,0.0,740.0855800620963,681.0307998614102,575.8519021013187,635.8712030448107,783.1278000000003,0.0,0.0,0.0,0.0,0.0,0.0,0.0,0.0,0.0,0.0,0.0,0.0,0.0,0.0,0.0,0.0,0.0,148.71298333333345,951.2093067057796,961.913527351135,965.2373690874344,975.7980893746927,948.2828677910351,881.0754500000003,909.1343703286103,826.4226248898491,841.7451423407721,828.0140477125201,833.9373512414556,886.9549000000001,138.52481707038567,181.79310344453722,195.69881146549164,131.0372306807659,163.30895564693878,197.00333333333344,263.23995688468585,298.1945760230544,328.7749680458895,1.1396775473996643e-05,0.0,439.4758095075425,518.9281927343884,507.6288139456411,539.0517204601715,1449.2194126351897,691.5406208162556,724.010505148123,748.0257774838412,835.1381410708395,907.509802514205,924.8909199990097,953.9268579156247,1010.3303166666667,1030.510293920674,1031.8542168339432,1043.9724451914215,1073.0461364091573,950.0296067076888,746.6816666666667,0.0,0.0,0.0,0.0,0.0,0.0,742.9426000000001,725.2115166666665,0.0,0.0,0.0,0.0,0.0,754.5611166666665,761.4283333333334,754.8760833333334,148.99511115918517,818.0933333333332,782.9232333333334,737.9876833333335,746.18,766.5239666666666,678.5076166666668,527.2633333333333,525.4820833333333,581.2105333333334,601.77,572.2919666666668,592.5124500000001,609.2216666666667,601.5441666666667,589.8132166666667,577.565,567.6694,595.3121500000001,616.05,588.9633666666668
2025-11-27,1435.2897666666668,1435.365,567.8238333333334,578.90885,615.7066666666666,1031.4988216141746,592.3690833333334,600.8533333333334,1456.0635666666667,612.8374499999999,590.1083333333333,1445.6273333333334,1448.7181166666667,1414.3850000000002,621.8283,647.9982666666667,607.5316666666668,1431.40785,1445.3600500000002,644.37,664.7189666666667,649.2132833333333,637.8233333333334,632.41215,622.6857333333334,617.265,651.2733166666667,649.1587333333333,628.0450000000001,1448.8576166666667,621.7278333333334,654.3550000000001,1459.7418833333336,1515.8176,803.0533333333333,842.5006881615756,0.0,806.1805565430459,827.3348906335954,555.296823448559,0.0,766.1848492884095,730.2471495166418,658.8713251933069,565.2169887923675,1489.8240941056847,0.0,0.0,0.0,0.0,0.0,0.0,0.0,0.0,0.0,0.0,0.0,0.0,0.0,0.0,0.0,0.0,229.17585116024884,207.29707342119184,177.00614999999993,977.480428472536,938.4200749303265,915.2132775289109,922.2025320199081,901.2860283398869,847.6607500000002,867.6211402673428,755.7992930383999,787.8410937997842,788.8132931030524,798.3219920985659,83.6963279257367,58.62149377025594,116.82430036681058,158.60161150892964,144.19635509671912,189.15801785301085,229.07866666666655,0.0,0.0,321.34764949277667,0.0,0.0,412.1120166666666,1297.5528907198434,1378.560497854969,588.4341624138751,664.5307953568995,718.4506544242906,748.7809666666666,797.0143252565153,878.0779086856712,911.4273478134274,916.7168218050176,995.9858787675026,1093.2248166666668,1055.4054939607208,1025.037830681174,1068.4659405680054,1077.509073945928,943.3998311601425,754.5916666666668,742.9890666666665,0.0,0.0,0.0,0.0,0.0,0.0,0.0,0.0,723.28065,191.38454467600582,714.9333333333334,739.5456500000001,0.0,0.0,743.5876166666667,0.0,790.4516666666668,785.3271,777.7270500000002,788.3566666666667,768.8235333333333,678.8971333333334,554.3083333333333,520.5294,545.6280666666667,575.4549999999999,575.9530666666667,565.6540333333334,541.9816666666666,579.3750833333334,612.8171833333333,605.385,624.1225666666667,553.52135,415.1616666666667,408.3316000000001
2025-11-28,456.5984833333334,436.64666666666665,438.0149333333334,1282.7305166666667,1288.223333333333,420.4995333333334,1242.1770833333335,1287.9550000000002,479.4706166666667,478.02233333333334,468.8183333333333,1302.9397166666665,1304.9062833333332,1305.04,474.18993333333333,502.87118333333325,490.17500000000007,455.8676166666667,469.5479666666667,1359.7933333333335,523.0281166666666,505.5960666666666,496.25666666666666,457.63453333333337,433.8409166666667,444.44,488.6571666666667,1311.8964833333334,530.1981432712139,464.2358166666667,471.36504999999994,494.8716666666667,498.73133333333317,493.51111666666674,0.0,0.0,0.0,0.0,0.0,0.0,0.0,0.0,0.0,0.0,0.0,0.0,0.0,0.0,0.0,0.0,0.0,0.0,0.0,0.0,0.0,0.0,0.0,0.0,0.0,0.0,0.0,0.0,0.0,0.0,0.0,506.0057447910507,183.2277608534514,0.0,0.0,0.0,0.0,0.0,0.0,0.0,0.0,0.0,0.0,0.0,0.0,0.0,0.0,0.0,0.0,0.0,0.0,0.0,0.0,0.0,0.0,0.0,57.483162546462665,143.47108667803565,138.5273393599885,203.14133595592176,318.7771118036459,324.147730713441,351.7345178658879,414.4949925398314,489.25456813405555,494.6169213756084,461.4873166666668,474.08747158050653,482.0032864221422,469.9197782768502,473.7348734524041,493.9337261189218,8.772566666666762,0.0,0.0,0.0,0.0,0.0,0.0,0.0,0.0,0.0,0.0,0.0,0.0,0.0,0.0,0.0,0.0,0.0,0.0,520.0475,506.5835666666669,504.73,515.0390166666666,472.7091999999999,385.88666666666677,386.2265500000001,1230.134592143877,415.9916666666666,0.0,438.9517,424.9433333333334,423.94676666666663,429.54463333333325,422.9983333333332,446.7526,182.97904286639806,387.19666666666666,432.4551166666667
2025-11-29,464.9629333333333,1261.395,1288.4524333333334,457.94041666666675,422.4483333333334,1244.3822666666667,1283.2433999999998,460.7633333333333,435.4621,1253.6909,1270.835,440.68569999999994,1305.1044666666667,1327.3383333333334,430.4367666666667,1274.3332,1337.15,503.6203166666667,469.8457833333334,468.1816666666667,1332.2325833333334,507.06469999999996,0.0,488.90894999999995,481.55521666666664,465.16333333333336,1068.5009254735828,478.71003333333334,479.1716666666666,485.7266666666667,492.59768333333346,498.18000000000006,453.75998333333337,1299.9699500000002,0.0,0.0,0.0,0.0,0.0,0.0,0.0,0.0,0.0,0.0,0.0,0.0,0.0,0.0,0.0,0.0,0.0,0.0,0.0,0.0,0.0,0.0,0.0,0.0,0.0,0.0,0.0,0.0,0.0,0.0,0.0,0.0,0.0,0.0,349.37010433576813,0.0,0.0,0.0,0.0,0.0,350.0677949924619,0.0,0.0,0.0,0.0,0.0,0.0,0.0,0.0,0.0,0.0,0.0,0.0,0.0,0.0,184.02017220441647,139.36009429547846,161.87997125746438,210.41900611371778,261.28331995814875,306.5064198233436,377.4755283132681,465.40386041005627,492.1749199359348,518.7771638796136,516.7548744172486,473.88345000000004,446.47813522088023,461.026838326265,485.96139922809556,475.68791865419746,467.96819456417916,238.22898398127745,0.0,0.0,0.0,0.0,0.0,0.0,0.0,0.0,0.0,0.0,0.0,0.0,0.0,0.0,0.0,0.0,0.0,0.0,482.4928833333334,462.83601666666664,487.705,504.55733333333325,480.31949999999995,407.88333333333344,1197.5543166666666,1225.8657166666667,444.98166666666674,1237.8837666666668,1238.3691333333334,1285.3850000000002,1297.0073666666667,1293.4866333333332,1256.1566666666665,1217.0495333333333,1289.7203555908216,579.6416666666667,0.0
2025-11-30,585.0370833333333,597.075,0.0,633.3663166666666,600.9183333333333,1394.3450833333332,640.2589123335265,611.4366666666666,579.6358833333334,584.0130333333334,626.8149999999999,602.2957833333332,1429.6994,1445.29,603.06765,616.6480833333334,637.3516666666666,605.4343666666667,612.4543666666667,653.46,652.5521166666667,608.4295500000001,587.1033333333332,616.3661666666667,647.8226666666667,644.3199999999999,623.1028333333334,636.2526,674.1366666666667,634.1866333333334,622.3814000000001,665.6450000000001,627.6536666666667,698.9439333333335,840.0216666666666,834.6761875215506,820.2488237766207,833.72280704719,818.0947324449803,818.3959855215775,824.9621333333333,721.109411940329,733.1206355973864,708.5234160437165,596.5424179510848,644.430397785743,0.0,0.0,0.0,0.0,0.0,0.0,0.0,0.0,0.0,0.0,0.0,0.0,0.0,0.0,0.0,0.0,0.0,0.0,171.8752833333334,982.7555320637058,983.2703248933955,1002.379625313704,1003.4255631488613,984.2239117782686,924.7830166666666,925.3216515590805,907.9686298532397,883.7539097219188,888.00669160336,924.1869231993079,956.7856666666667,157.2460291511934,205.0188461568714,242.10296106788223,227.47984105610658,184.5364290414102,224.62415,0.0003442563330224857,286.3986479730356,355.52929331784924,0.00012895281241753764,0.0,0.0,762.9781340285535,1439.8691153784223,1471.1317372750418,643.1591743559225,698.8618608677107,774.0789035396392,828.3990879055362,857.0229483269932,897.1240353192859,962.7067492915493,1014.092196405914,1057.4773500000001,1066.8536842316514,1050.908301372069,1038.260750093692,1066.5445983432692,957.3760068976331,753.0766666666668,0.0,0.0,0.0,0.0,0.0,0.0,746.1981166666667,719.0373833333334,0.0,0.0,0.0,0.0,728.6412833333333,252.58883333333358,727.1133333333333,765.1474500000002,0.0,775.4483333333333,798.3018999999999,779.7011833333332,741.8016666666666,742.5954,678.7175833333333,547.52,550.9105666666666,574.5144166666666,589.82,1394.5113666666666,1398.53475,558.5883333333333,573.8656166666667,586.0056666666666,574.7800000000001,574.1730833333334,592.9976666666666,609.9983333333333,605.7958833333333
2025-12-01,616.8265333333333,601.6083333333333,1423.3021166666667,1421.069066666667,1447.7966666666666,613.3377166666667,618.1366833333333,1463.115,606.6957166666667,1435.2526,614.56,590.8719,582.0934666666667,1416.8483333333334,1422.1715,1432.3892500000002,616.7616666666667,628.1861666666667,634.6239,1462.6266666666668,632.9106833333333,634.6953000000001,634.455,614.4535666666667,603.1744333333334,613.4733333333334,635.0090333333334,644.8399666666667,642.3816666666667,618.4971666666667,640.1501333333333,671.2816666666668,587.2034500000001,1409.4099783950599,860.0566666666667,886.2181402299215,1.8015579045112418,809.2995476220995,0.0,0.0,530.2983231371852,784.4832956293699,757.3588790551111,702.1949207246874,613.208877727353,1511.0596557283316,844.0215333333334,0.0,0.0,0.0,0.0,0.0,0.0,0.0,0.0,0.0,0.0,0.0,0.0,230.52641740141166,191.26817148827593,138.36343942772385,0.0,41.37490713563329,661.6907978660022,853.6099407809058,858.8242965699302,847.0627467282799,872.197970283425,853.6474775195364,781.5794333333334,796.311785995237,825.0697996797771,841.2106327625346,842.4730145897687,889.5131937616061,960.3215166666666,263.7893613700011,272.4027919906508,373.8895760493149,230.42202399784526,203.159208869669,291.1145,343.73633556341883,310.36529219872955,0.0,0.0,0.0,503.308652912762,548.0196347779907,1411.615283484105,1467.3304301369376,672.4463252666383,725.7354764393624,799.3037535019653,838.6157537257733,873.0081434708795,900.9297223270145,957.5429639328529,1003.3020845674902,1015.70905,1014.7466341091355,1020.9349997337674,1042.7625959767724,1078.900121927485,933.8905604205498,690.8716666666667,675.9090666666668,0.0,0.0,737.4606,0.0,0.0,0.0,709.6444166666666,699.01,342.75734379124646,0.0,0.0,759.7612499999999,0.0,0.0,0.0,0.0,796.8333333333334,745.9904166666668,718.7031833333333,764.9250000000001,759.6854333333333,691.7738166666667,586.3066666666666,549.5636666666666,533.4218500000001,558.5283333333334,1396.8595242355814,596.9661,609.935,556.3984987025125,632.9209666666667,592.3983333333334,0.0,607.3789666666667,591.6533333333333,571.2741
2025-12-02,601.0059333333334,595.1699999999998,1407.4843666666666,1400.2013666666667,1412.2133333333336,587.8272166666666,1430.2310499999999,1459.1783333333333,626.42885,1451.7175333333334,1453.3166666666666,1418.3138,1451.9367499999998,1502.9983333333334,1466.9027166666665,623.5707333333334,627.7966666666666,655.4643064843933,619.8168000000001,648.1466666666668,666.5122833333334,667.98505,660.6633333333334,658.5167333333334,645.19585,622.29,645.0106499999999,653.1676833333332,670.2683333333332,637.5807166666667,625.7666499999999,643.7716666666665,601.9732666666666,1490.6866333333332,796.9949999999999,846.8748227312301,845.6730395961364,831.282686413756,832.8988251825532,846.4976233272962,814.0611000000001,766.9865020376801,732.0996780978754,685.6996604477306,649.254261895018,737.9568882052727,811.8254720964469,0.0,0.0,0.0,0.0,0.0,0.0,0.0,0.0,0.0,0.0,0.0,0.0,0.0,0.0,0.0,324.53652537640824,343.17362973394256,1014.0154666666668,1107.3667304006715,1058.531723392166,1050.6175086529202,1028.830475584972,1020.1050031341923,992.1256666666667,956.2822250178455,868.3817078659274,898.2415659278843,916.220965566027,952.1999213182894,986.6938499999999,197.59471805800797,254.37781347425505,344.2633699554119,256.9160254068495,266.91168963869427,0.0002113566943512137,0.0,322.45200497694975,382.5859807511914,0.0,0.0,522.1981950781396,1427.3754553709527,1473.2042213736,755.2130033970438,700.6862258688642,722.0575156555678,764.9101339805851,824.5495605111039,882.2757232654767,923.7290090729332,987.801879503054,1024.8777427437649,1027.3266166666667,1005.9435262892628,1018.7059683169227,1046.8234154921715,1068.1349337178654,940.0188199175068,731.215,0.0,0.0,0.0,0.0,734.2209,758.3399999999998,752.8103999999998,0.0,0.0,0.0,0.0,0.0,15.83121823071042,0.0,766.2500000000001,751.7295166666667,0.0,746.7950000000001,726.7563666666667,741.9416833333333,795.29,802.35315,699.1355333333332,556.7533333333333,559.1674499999999,1404.2332333333334,575.8433333333332,556.9738333333332,583.3660333333333,588.175,571.4233333333334,581.3994166666666,1266.4237037037037,613.8922,0.0,0.0,584.4178833333333
2025-12-03,1414.7879833333332,1424.955,578.0059,594.1398999999999,620.4399999999999,598.9186,585.8260333333334,1439.39,596.3098500000001,592.9092333333333,613.6383333333333,617.0206000000001,638.3451166666666,1497.8266666666668,670.7649000000001,1072.4660331275722,629.38,614.5034333333334,596.71185,1443.7433333333333,1494.54675,676.3787833333332,648.7016666666667,1471.8356666666668,1491.5570833333331,651.2900000000001,617.0396000000001,618.5493333333334,1475.6316666666667,1469.0457333333334,1498.98245,671.555,629.8161166666666,1520.5497500000001,880.1616666666667,930.4085811841413,115.89926756519003,844.1319568153732,846.5678759179752,818.5524177502688,812.8825666666667,806.0786624422,788.516928119848,732.8865977161227,646.9695236657335,1560.6225647424171,917.5655666666665,62.627719962915876,1.0616078117067218,0.0,0.0,0.0,0.0,0.0,0.0,0.0,0.0,0.0,0.0,0.0,0.0,0.0,0.0,0.0,70.63391666666678,988.7639824189173,963.4142944002584,940.5825577749645,983.6263954841966,1032.66553293302,1019.9785833333334,994.3638785591846,988.7460123022579,1028.2402100405084,962.7759077128022,958.7388053343491,1019.7501500000002,230.42844587478135,259.6554335244725,262.66702547597924,233.72372726792037,231.74099809488814,313.46619999999996,350.85103275718166,0.0,0.0,166.20375843387265,0.0,545.2171280606855,1452.5007004035815,1481.3339580806155,661.4759523372088,1541.5190309500222,756.8707572818964,817.7835197665684,857.8295385953952,875.2899458864938,911.6959818458229,976.8461083074179,1015.7772256708829,1051.8714166666666,1047.8138876291657,1021.7080734656724,996.1849929539986,1033.9572786667156,920.4402050288373,710.2650000000001,730.0869000000001,0.0,724.79,745.4558,0.0,0.0,0.0,0.0,175.8233000000007,0.0,0.0,0.0,0.0,0.0,769.4383333333334,726.5145666666665,0.0,752.5516666666667,769.5063833333334,750.5186333333335,741.55,748.4613666666665,666.3156333333334,536.5583333333334,1074.4685582304528,1414.466811728395,583.595,537.7119833333334,536.0348833333333,557.455,1431.8736333333334,629.6044166666665,602.005,0.0,0.0,0.0,597.8355833333334
2025-12-04,1422.9927666666667,1448.77,1452.8237,1431.0368333333336,1410.205,1417.4638166666668,599.1881000000001,1458.5533333333333,1474.0234333333333,651.3662666666667,629.935,615.7264499999999,621.6776666666668,646.0966666666666,642.0036500000001,612.17895,639.3266666666667,633.1707166666666,646.5612000000001,1498.415,629.3587333333334,646.32715,684.0266666666668,679.7565666666666,1491.6421833333334,631.6766666666666,668.1248,1532.3461833333336,952.7600362351228,666.8545999999999,653.6223000000001,660.0250000000001,660.8080666666666,1609.1053499999998,892.9899999999999,867.5199134724957,833.3111972806113,919.0140676904473,884.8824989415765,872.3958811754216,907.0973666666666,820.8573002194585,783.1626332630615,765.0396045277898,677.5591619358231,734.6995670339695,253.16343694392435,35.04890195276482,0.0,0.0,0.0,0.0,0.0,0.0,0.0,0.0,0.0,0.0,0.0,0.0,208.60388657254566,210.34922018035388,0.0,0.0,113.72978333333322,906.6930309664498,890.6258345797706,913.9586109562341,944.8223237868677,917.3486968588462,860.1289499999998,891.3388146115215,855.0595357513726,834.335740538774,826.6984283797109,861.5408504333108,925.9887833333336,130.66919561726192,134.05781205889002,161.30757319826876,406.9746877262377,227.11980557103016,255.52595000000008,328.03625559748616,0.0,323.67277919157664,396.6106008846625,0.0,260.5775423723253,1388.1150222493475,1443.1873398539897,656.2897776517044,684.1744795105578,719.5902162953128,780.1148292415137,846.9962424681646,908.6904812376933,967.1200459960918,962.6783173624091,1003.7953938477978,1069.0971628325497,1034.8206664962186,1006.7088973216611,1027.0583753892265,1087.1611390873486,971.2027602872494,756.8599999999999,709.9020666666669,0.0,0.0,0.0,726.1073,740.57,729.4431666666667,178.8176853333332,720.0483333333333,0.0,0.0,0.0,0.0,0.0,0.0,0.0,0.0,751.9266666666667,747.9099166666667,742.7587,775.6716666666667,799.1239166666667,689.6771333333334,542.0466666666669,561.7716333333333,556.6038666666666,533.2016666666667,1403.30525,1199.5608489588333,548.0733333333334,590.7525666666667,613.3361,5.934334531325673e-05,0.0,534.1928833333333,408.43333333333334,441.02545
2025-12-05,1323.8907,1309.2333333333333,1303.0699333333332,980.6888765807741,452.84,456.2110333333334,464.9335666666667,498.66833333333335,452.2851166666666,449.0223,1293.185,1299.3211166666667,1300.4669666666666,1324.5483333333334,1338.3143499999999,1336.3491666666666,491.68666666666667,511.6063666666666,1345.7624,496.6383333333335,511.3321166666666,528.32975,532.465,570.7315333333333,566.9254666666668,538.8733333333332,537.8626166666666,537.0135166666666,544.61,1346.9761666666668,519.2136,503.01666666666677,1354.6240333333335,554.6278666666667,0.0,0.0,0.0,0.0,0.0,0.0,0.0,0.0,0.0,0.0,0.0,0.0,0.0,0.0,0.0,0.0,0.0,0.0,0.0,0.0,0.0,0.0,0.0,0.0,0.0,0.0,0.0,0.0,0.0,0.0,0.0,84.45695955084125,541.7934213110796,485.79967579597377,476.6434494039171,471.57134581697665,0.0,0.0,438.1223408997914,460.45088611882477,491.4241080834789,450.8966740517693,0.0,0.0,0.0,0.0,0.0,0.0,0.0,0.0,0.0,0.0,0.0,0.0,0.0,377.74161535142866,190.8820811431666,237.08429380324077,220.21761007214553,242.73615607079518,310.4982333333335,369.25958010181535,433.6538977876307,481.4412257153537,495.63480622549514,483.18115250597884,476.498,485.3926939707765,505.6197234427052,470.3521845535968,461.51776331078514,475.50901148248573,440.8434603602201,0.0,0.0,0.0,0.0,0.0,0.0,0.0,0.0,0.0,0.0,0.0,0.0,0.0,0.0,0.0,0.0,0.0,0.0,483.77241666666674,471.70878333333326,461.2466666666667,484.3475833333333,444.61026666666663,371.8166666666667,389.75408333333337,376.12033333333324,362.7333333333334,399.4926666666667,437.6313,418.0483333333334,422.8178166666667,1258.8179696047719,636.3897619861543,0.0,2.612454836139477e-05,456.515,463.84613333333334
2025-12-06,1279.9696666666666,1260.505,440.5523666666666,1273.5841666666668,1247.8600000000001,458.85811666666666,458.3872166666667,462.1433333333333,441.0028500000001,491.3253333333334,511.9416666666668,481.09950000000003,479.7878999999999,515.4666666666667,721.9534236293566,1330.6002666666666,1347.1366666666668,467.4157333333333,1310.8653,1344.1266666666668,536.8089499999999,543.88735,522.5250000000001,504.73193333333336,1367.4680500000004,1433.525,573.7145999999998,1340.4810166666668,1339.9883333333335,542.3564666666666,548.6442833333333,521.6200000000001,534.4631166666667,535.79965,520.3616666666678,0.0,0.0,0.0,0.0,0.0,0.0,0.0,0.0,0.0,0.0,1.086766940261441e-05,0.0,0.0,0.0,0.0,0.0,0.0,0.0,0.0,0.0,0.0,0.0,0.0,0.0,0.0,0.0,0.0,0.0,0.0,0.0,0.0,595.9767164342123,590.411809789985,618.0247862063949,107.8690916342855,0.0,0.0,574.4762793722999,577.0158547740895,548.5932402260814,539.0010170747745,0.0,0.0,0.0,0.0,0.0,0.0,0.0,0.0,0.0,0.0,0.0,0.0,0.0,193.1264614374777,673.6981037545022,311.2982115281946,275.58962916079474,350.40572029303434,371.9805166666667,363.5879761880611,427.13577967064015,481.6576587738551,506.3970190165187,480.8298407099315,447.90315000000004,462.5148508391012,486.67602248454295,458.93236220049965,473.56646957560474,470.93257159467703,338.79396666666725,0.0,0.0,0.0,0.0,0.0,0.0,0.0,0.0,0.0,0.0,0.0,0.0,0.0,0.0,0.0,0.0,0.0,0.0,460.1081833333334,466.09914999999995,502.32833333333343,499.375,449.3849833333333,412.285,1243.7548000000002,1222.2557,1218.4516666666666,1238.92905,1294.0136333333335,1304.1070142894962,1277.6598000000001,1270.6900666666666,1280.5933333333332,1302.6141666666667,1356.1141499999999,608.7883333333334,623.1861166666666
2025-12-07,1444.50025,602.2266666666667,0.0,609.3665166666667,609.5483333333334,622.8591833333332,892.5554510288055,1480.3633333333332,638.5838666666666,643.8658333333333,640.7683333333334,636.2095833333333,640.4576666666667,651.2683333333333,642.1773166666666,656.47955,638.3766666666667,626.3033999999999,633.2078166666666,666.5783333333333,689.6756166666667,705.4569666666666,710.0616666666666,697.1012333333333,694.2104000000002,725.9866666666667,675.9852833333334,668.4215666666666,705.5566666666666,730.1003333333333,727.1998666666666,688.7016666666667,692.66265,765.9573833333334,884.7216666666668,904.229979396765,72.36576807063796,897.518540131634,915.5718032951182,955.2083890327914,958.5368333333333,865.7246331319615,758.575376008998,714.9186422160483,1511.6662120047172,936.6310178685842,624.5097409915695,47.40351049536946,0.0,0.0,0.0,0.0,0.0,0.0,0.0,0.0,0.0,0.0,0.0,0.0,0.0,0.0,0.0,0.0,115.88183333333336,937.0524218670906,912.9390805550381,886.4829465145073,884.2161513100297,836.0856432623069,743.1594000000002,762.4737351206215,903.1290007610928,896.6124210760107,902.764547818482,954.3880800086519,1016.4350833333333,374.86722570275344,297.9797746655512,326.29833154268783,305.3306858187083,386.5853184101244,345.3392500000001,0.0,0.0,0.0,0.0,0.0,605.1357570192047,1455.4631105448577,1487.9147035408341,1253.088776084227,742.4664999597692,1635.2052414775899,865.2679710490127,917.7403884622415,927.2292999995225,938.7760440064905,960.730284617431,1022.1831074318003,1074.14225,1059.7983228815372,1039.6519079484024,1029.024575832584,1064.9740715667938,950.9174757841632,759.0250000000002,703.9694666666667,724.4384666666666,738.9716666666666,175.0373308191489,754.9858333333332,777.62,0.0,0.0,0.0,0.0,0.0,0.0,0.0,0.0,0.0,0.0,0.0,721.2666666666667,746.6167000000002,764.1641333333334,772.5316666666668,792.31255,695.95235,564.785,575.7228666666666,571.8342833333334,553.525,564.5498500000001,1331.3158502057613,592.1866666666666,597.8918333333334,609.4009333333332,599.22,0.0,592.4519666666666,623.375,690.0233166666667
2025-12-08,1527.8679166666666,1472.785,1465.5995,645.7091666666666,674.48,1468.4458,949.0936915637861,1538.0916666666667,1522.0803333333333,687.6690333333333,691.0016666666667,703.0389499999999,703.9603333333334,709.5216666666666,717.1261833333333,1578.2547,744.8366666666667,736.9431,1579.25335,1588.0033333333333,726.8661999999999,722.7488166666665,1579.9500000000003,1622.5287166666667,769.9575666666667,787.9183333333333,823.0536166666665,808.8897999999999,768.1083333333333,815.8206833333332,840.36655,758.3066666666666,723.5016166666668,1691.7054833333334,1051.8816666666667,990.5844294835117,971.570332865756,1009.2039389333999,991.2179605169642,1005.5161185039674,1025.119,982.8923339124252,931.8381429687865,879.9615871126825,779.692757575695,830.4884376171935,988.0344166666667,139.68500641151616,97.63674852365386,75.56912821237177,30.229799723231963,0.0,0.0,536.9614073008657,609.9700845893075,621.0932606481671,575.1040363577453,583.5415168656356,0.0,0.0,0.0,0.0,0.0,0.0,476.7643833333335,1271.5412908442972,1268.7049472526771,1246.5908742719355,1215.3024455908621,1170.3507905063072,1099.7943500000003,1082.4283432875277,212.92334918416952,251.72749213060854,450.31605223117816,1079.7236133085983,341.7121166666667,354.72891759360436,351.7917412594501,375.4848582194411,409.19698781683246,374.3993231793959,376.5840000000002,0.0,0.0,0.0,0.0,0.0,0.0,1461.7529056479625,1511.1033846561659,1559.9815214772148,1586.5785944956456,767.4999271655647,986.5152162375781,803.5361387869021,870.5885483655677,926.3353023576277,993.8195345846992,1039.91029070005,1064.5468666666668,1049.5350083297747,1036.1897332780688,1025.9118640158704,1072.123986189314,960.815196061368,770.185,724.8946499999998,747.5421166666667,756.4599999999998,737.7790166666667,749.1821166666668,769.4516666666667,0.0,0.0,0.0,0.0,0.0,0.0,0.0,0.0,0.0,0.0,0.0,182.9924706721755,766.6443666666667,751.8792166666667,756.21,793.3337666666667,706.1626166666667,580.31,581.1993833333333,573.89605,544.3833333333333,564.7385666666667,1447.1456363010618,612.59,610.0179,608.1920666666665,600.7033333333334,619.0788833333334,640.5494999999999,660.0483333333334,655.6739
2025-12-09,1485.6246833333335,1482.5633333333335,1475.1633666666667,1463.653816666667,1485.8216666666667,1477.1118666666666,1493.5622333333333,1533.9083333333333,1497.73585,693.1229,734.0466666666667,708.5328833333332,694.0380500000001,727.6450000000001,733.8557166666666,760.4058333333334,1489.91106871748,708.6855833333333,684.60815,724.9483333333333,744.4246333333332,757.8818833333332,766.4050000000001,783.7353666666667,748.4122,740.93,788.1265833333333,783.3929,774.5216666666666,843.0607833333332,838.8580833333333,728.7550000000001,718.4309833333334,1684.5356833333335,1017.4466666666667,990.7832696570508,981.4595899395997,1001.8350175371781,1011.7028765165037,1019.9012990012926,989.5453833333332,936.0128470072439,915.2040957233669,908.4103839064818,839.863013936017,893.8940635525224,1041.1340500000001,160.27369740729603,83.81477643530059,72.97293422889936,0.0,0.0,0.0,278.4503145046094,0.0,0.0,0.0,489.2037531957908,450.7736666666664,0.0,0.0,0.0,0.0,0.0,295.2162333333332,1104.2039770312576,1081.6642083777874,1054.1116681007438,1051.2088489073592,1020.4901298623633,954.9286333333334,1015.7312536785831,1008.7860242003825,993.0051718454679,966.6899521044687,980.5181329519864,199.59222366498173,213.51670632307025,253.04458579793504,309.55025801494116,369.6749821050497,363.75556261451334,350.5131333333336,0.0,0.0,0.0,0.0,0.0,0.0,1457.2861144504968,1488.1225681140868,1536.798080280635,764.6519899096347,1593.4297802666806,1382.2466111295166,866.3272393792903,918.1957040560113,924.1276441586695,991.4069863231323,1045.9780190691288,1070.8779333333332,1073.5461303703448,1081.4064046518192,1065.7280591333058,1045.9374653074021,914.1323180572759,761.87,749.5327333333333,762.0987166666666,757.5466666666666,781.57985,810.8355000000001,794.2516666666667,0.0,0.0,0.0,0.0,0.0,0.0,0.0,0.0,0.0,0.0,0.0,232.89930891362314,773.13805,785.3960166666666,802.8283333333334,799.4836333333334,698.7230833333333,578.2516666666667,562.7007333333333,1419.1699158791084,614.0983333333334,576.42695,575.2099333333333,569.4666666666667,598.4893333333334,623.2653499999998,629.8533333333334,644.4113000000001,532.4278149712555,0.0,632.6937166666667
2025-12-10,1491.4681,1474.2316666666668,1475.3691833333332,639.9135666666667,1489.5783333333334,686.7578833333333,690.7378666666666,1410.4531433519996,1516.7294000000002,1531.4046833333332,682.9683333333334,701.4532499999999,718.4532666666667,724.12,1542.70695,1551.0198166666669,718.1133333333335,706.4263166666666,706.1701833333333,707.0916666666668,711.6539166666666,1565.0382666666665,1595.1666666666667,798.4250166666666,788.2877833333334,789.5783333333333,798.1667166666665,784.7519166666667,767.9033333333333,742.5724833333333,765.1818000000001,779.7133333333334,754.5297166666668,1679.81495,1009.2366666666667,952.9403456151068,945.7984729565676,1003.6668816330877,989.559537491067,995.9447816193888,978.4400333333333,942.748572117398,929.7024758137154,904.3312514114889,784.3452038545697,813.9669301145983,964.93285,87.86096715482597,0.0,0.0,0.0,0.0,0.0,0.0,0.0,0.0,478.15284457967556,469.28911261453266,0.0,0.0,0.0,0.0,0.0,0.0,245.04028333333338,1130.2252895700135,1137.2773424273955,1136.805987975934,1108.97545759883,1085.2240250375196,1064.8043166666666,1063.0718934193294,944.3386932753256,964.9444343009283,989.6728722528496,1041.3354320577355,1080.791033333333,270.3344532796966,335.8034747295975,356.5881326688966,389.267446348922,375.11504218294544,6.838278489691664e-05,0.0,0.0,0.0,0.0,0.0,0.0,1511.5507503416716,1558.8405854589514,1406.5892543588398,765.8681634925154,1655.5089168107393,1715.216970012756,928.566446642245,978.1179801812144,1030.9556349541963,1044.367318549442,1037.6082599767403,1028.7683833333333,1029.179592305573,1020.1330408242274,1019.4296003566853,1069.301776675105,962.5805190471091,768.7983333333333,736.3267499999998,762.94995,758.4899999999999,706.76985,700.2773333333334,730.6450000000001,0.0,0.0,0.0,0.0,0.0,0.0,0.0,0.0,0.0,0.0,0.0,182.19622641082015,772.1896000000002,738.918,750.3066666666666,797.1421333333334,715.2784333333334,570.6716666666666,567.7829166666667,577.9467666666667,580.765,575.3324166666666,589.6995833333333,568.4599999999999,598.7587500000001,626.9224833333333,626.2916666666667,637.4374333333334,631.4403333333332,629.25,658.9412166666666
2025-12-11,1478.3638,1430.615,1417.1482166666667,1475.2747,700.2399999999999,652.4506,1466.1531833333333,1528.7516666666666,679.6154333333334,667.8211833333334,1516.6816666666668,1547.27535,715.0151833333334,706.8716666666666,731.5875,757.2436666666667,736.24,1537.4986464063936,1571.4672333333333,777.0916666666668,771.9035833333332,756.8363166666664,766.1983333333334,793.0370833333334,795.3897333333332,739.0983333333334,1623.0091000000002,796.3014833333333,750.7133333333334,777.641,802.4507000000001,758.1133333333335,737.7144833333334,1690.3099333333334,1027.0549999999998,961.1786647163763,942.676552969519,1008.1337447799428,1027.6511197391915,1031.7186392138162,1004.6206333333333,1008.7308660984961,938.7612285181037,851.6561360217736,758.3734498946042,808.7532843764831,963.2192000000001,162.4604001235765,98.21047965348362,47.89061372289905,0.0,0.0,0.0,0.0,0.0,83.04781355829596,576.2345020280537,525.2721276979431,0.0,0.0,0.0,0.0,0.0,0.0,308.04706666666664,1153.885187521702,1172.6680103315975,1176.343786221813,1185.6348967323552,1154.6460749982275,1103.2585000000001,1067.7983264205227,994.8378898444241,1049.2933347397452,969.2764167692914,947.7889681936015,441.50701464652747,160.81955944505717,178.60719570560775,226.4623261700824,249.6315590380691,271.85742832022447,79.87695763658931,0.0,0.0,0.0,0.0,0.0,0.0,1403.3545371546693,1450.2905588309818,1336.644568915608,1542.2503826451884,761.5258999938446,802.0574824182222,882.1487567321609,926.3305948566268,948.0664575623774,1020.2194575608255,1065.428715920211,1058.6817500000002,1087.626801292115,1068.720002577785,1032.204173038799,1089.6652102661224,1002.1523758283162,806.7366666666667,732.7249166666668,739.3790166666665,752.775,735.7192166666667,753.2839,766.8183333333334,0.0,0.0,0.0,0.0,0.0,0.0,0.0,0.0,0.0,0.0,0.0,332.807625002775,741.6380500000001,747.9764333333333,757.4016666666666,774.7547666666666,684.9329666666666,571.23,577.9590666666667,574.4915166666666,557.645,550.5803833333334,601.1058999999999,616.7166666666666,616.57765,627.7555166666666,641.6783333333333,637.6076333333333,546.97525,435.82,453.7534666666667
2025-12-12,1339.6761666666666,1343.121666666667,449.81581666666665,1005.0886014578485,1330.2066666666667,1355.6425333333332,501.54814999999996,493.7633333333334,1326.1299333333334,1364.6543333333334,548.3,516.2313833333333,521.3394999999999,554.0966666666666,573.6209666666666,610.5000333333334,601.4000000000001,561.7520333333332,1371.5702666666666,1382.1933333333336,1404.1688166666668,1415.80405,1413.2150000000001,585.3832666666667,623.2929166666665,602.5350000000001,579.4553166666667,601.1746333333333,644.54,622.6009666666666,617.6415333333334,621.6533333333334,0.0003824830349685726,1437.0838,626.6633333333334,603.5853480497096,0.0,399.44513462003374,0.0,0.0,0.0,0.0,0.0,612.5668931308176,0.0,0.0,0.0,0.0,0.0,0.0,0.0,0.0,0.0,0.0,0.0,0.0,0.0,0.0,0.0,0.0,0.0,0.0,0.0,0.0,0.0,777.4042777377855,784.9727091208665,804.6823643870378,842.7879554220042,854.062272064794,837.353816666667,846.1352429342032,426.00212803250474,0.0,0.0,765.6020631051119,0.0,0.0,0.0,0.0,0.0,0.0,0.0,0.0,0.0,0.0,0.0,0.0,0.0,233.23435852808578,163.89430581431975,152.7720652663186,241.52585572543936,323.2460937621275,353.0235,383.2972451799132,418.3460649173452,451.84753142504906,504.7750230749911,509.4099086156101,473.81341666666674,519.4980512921115,532.551865783904,496.8871067288177,487.4181935994556,496.27469249498284,510.36668333333364,0.0,0.0,0.0,0.0,0.0,0.0,0.0,0.0,0.0,0.0,0.0,0.0,0.0,0.0,0.0,0.0,0.0,0.0,450.7614166666666,445.06498333333326,477.33,522.6365999999999,494.5149833333333,422.48333333333335,381.4832833333333,1239.2522333333334,1305.3700000000001,1253.2839333333334,421.7314666666666,432.1683333333333,416.2469166666666,450.4065,498.04166666666674,473.10078333333337,460.83593333333323,489.435,508.02486666666675
2025-12-13,1337.3191666666667,1327.6833333333334,467.6497166666666,1311.2384499999998,1138.7425236625515,507.0515833333333,1332.19215,1370.695,1347.5612333333333,1348.4531000000002,1381.065,581.66515,543.5433333333333,507.34666666666664,541.9561166666666,588.75595,556.8333333333334,548.65765,566.4330499999999,581.4583333333334,593.0201500000001,600.5089166666667,609.6566666666666,593.7038333333334,590.5021666666667,599.6283333333333,625.1918000000001,636.4104500000001,0.0,0.0001782742935169485,604.4224000000002,1415.9533333333334,587.8887833333332,1309.1842006901732,656.9766666666668,595.7473313830429,0.0,0.0,620.2158364058583,0.0,0.0,0.0,0.0,0.0,465.2334041747548,0.0,0.0,0.0,0.0,0.0,0.0,0.0,0.0,0.0,0.0,0.0,0.0,0.0,0.0,0.0,0.0,0.0,0.0,0.0,0.0,659.9162158149985,672.0344010305818,0.0,648.9109226374027,639.3512709407772,661.1581500000001,626.1722805699303,636.0069043054197,0.0,503.5881287546422,653.5915180031132,0.0,0.0,0.0,0.0,0.0,0.0,0.0,0.0,0.0,0.0,0.0,0.0,0.0,95.36279547430945,511.92718546032626,161.52675197464214,219.1921477835176,264.9469357180228,312.61125000000015,397.43870795192095,455.64377237663274,496.7761021271077,585.4841315074218,550.6389803321804,439.26008333333345,465.2579879098794,492.46262144068726,450.77044006215107,435.8659528265217,475.37323298351873,517.6266666666667,0.0,0.0,0.0,0.0,15.552247682117809,0.0,0.0,0.0,0.0,0.0,0.0,0.0,0.0,0.0,0.0,0.0,0.0,0.0,528.0588666666667,526.1073333333333,484.4783333333333,468.66466666666673,455.55396666666655,452.27333333333326,1274.35535,1244.4038,1243.215,1248.333,1286.4319833333334,1281.2783333333334,1278.0329333333334,1278.1177833333334,1281.3833333333334,1295.9669833333332,1363.29865,1441.585,634.7759833333333
2025-12-14,628.4829333333333,680.6884499809236,674.6946,675.1297666666667,686.05,638.3641,654.7422999999999,723.7049999999999,681.1556166666667,650.7053333333333,666.6566666666666,695.3181999999999,695.1315833333333,703.6966666666666,729.5670833333332,55.39232633920722,689.0733333333334,1572.935854313736,747.7058833333333,690.8483333333334,699.9944333333333,727.0031166666668,744.3316666666667,729.4116166666668,726.10455,748.365,777.8325333333332,765.6768,753.3066666666667,272.5557333333329,0.0,737.7499999999999,1539.0309166666666,1678.1441833333333,1032.4350000000002,952.9155976872339,908.6326633462845,978.061432801765,980.2081801007095,976.830516174474,986.4099333333334,937.746819284535,891.3629347357047,849.594388086252,802.7622331409917,866.323254735866,998.1790666666667,119.6208719393934,35.36617360418984,9.927276199487892,0.0,0.0,0.0,0.0,0.0,0.0,0.0,424.2884235712496,400.4065999999998,0.0,0.0,0.0,0.0,0.0,335.9976499999998,1189.8313498097195,1171.0273135808625,1164.58562802588,1167.011813083012,1129.3502669989807,1042.2005333333334,1018.6903617257328,1015.9320614918928,1065.394764220859,1035.6221215050055,1072.3123431896745,1151.84645,299.6167973192779,286.138195993724,278.8096009386901,300.1588591330293,327.8525362094282,358.65761666666697,0.0,0.0,0.0,0.0,0.0,0.0,1463.7359561010871,1495.0247501152419,944.8722641379246,783.6975489936748,806.4170936511302,1660.4885333333334,1732.6099898699435,941.0457910579692,958.516212103238,1033.2621214036453,1062.4811462719724,1047.3451333333335,1038.690786736117,1042.7645907462093,1061.780440062151,1098.0660179155168,968.1724703897781,754.48,749.9825499999998,773.92545,763.5216666666666,794.3043166666665,795.7533500000001,341.7824766945221,0.0,0.0,0.0,0.0,0.0,0.0,0.0,0.0,0.0,0.0,0.0,769.555,731.1988666666668,721.2779,758.3333333333333,780.7665333333333,681.8018833333334,573.6733333333333,582.1545,609.2733833333333,609.4166666666666,560.00665,571.9219333333333,597.2149999999999,609.5072666666667,625.8605833333332,637.2850000000001,632.0360166666667,617.2839666666666,607.3366666666667,614.1293666666666
2025-12-15,1433.2332000000001,1331.5804407063506,1448.9103333333333,1481.28955,1517.5133333333333,657.2483500000001,652.0401999999999,694.0916666666666,1512.5039000000002,654.5312,670.0266666666666,715.1855166666667,710.0107666666665,680.9666666666666,701.5269499999999,735.2837499999999,1532.15,1529.62355,1549.0733833333334,707.8016666666667,732.01745,1585.8200666666667,1583.555,736.0499833333333,725.7712166666666,718.0416666666667,763.8025166666666,800.30475,785.0116666666667,778.6456000000001,805.6601166666668,775.7366666666666,754.3459666666666,1693.3920833333334,996.9083333333333,960.8149476872339,926.7125633462846,991.3714328017652,1020.1207301007095,994.869366174474,958.5349333333334,939.6153335214964,892.5837312834121,810.1424190709189,762.4601293008096,861.659746118397,987.4869666666667,123.65057226907368,49.180606780055655,25.623890251761964,0.0,0.0,0.0,324.4101526173327,623.6849162816013,0.0,0.0,520.8455039096759,0.0,0.0,0.0,0.0,0.0,0.0,298.5764333333334,1187.6807589417563,1217.3537597143136,1235.7551195551464,1237.2002168155934,1200.2058058117882,1187.3292333333334,1189.5076375316337,1089.481002190103,1089.317483940756,1057.4799491977228,1058.003141850073,994.0387859230749,138.05503903743352,182.45533156560475,203.09356565260646,283.32880509452343,302.80963098428083,0.0,0.0,0.0,0.0,0.0,0.0,0.0,1415.0719376571028,1475.9529203171587,1526.6502832854699,1546.3452342549447,747.4456877537522,826.2090171606561,1410.0631824108227,938.5357945983144,937.7367060986759,984.8147228696306,1035.3291413007453,1071.30305,1067.2436038007438,1051.1231500000001,1034.5375063721322,1059.3791046047315,934.4421203897782,730.165,724.6100999999999,745.6711499999999,717.8666666666667,727.3162,769.2823833333334,769.2349999999998,0.0,0.0,0.0,0.0,0.0,0.0,0.0,0.0,0.0,0.0,0.0,265.71039081441256,751.6190166666665,752.0429333333334,728.4533333333333,781.30885,702.3045833333333,566.6666666666667,567.6378166666667,1429.9116155162847,534.9727755984761,559.5701666666666,559.0821166666666,575.7316666666667,577.6642666666667,580.8094,583.12,616.2897499999999,616.24455,604.1966666666666,0.0
2025-12-16,740.7681274737974,668.61,631.1347,1474.8686000000002,1510.15,1499.8014,634.2770499999999,651.8166666666666,1499.5770666666667,1490.1199666666666,1484.76,1509.4096666666667,1497.7730500000002,666.8199999999999,703.1511,733.81345,1537.5933333333332,1557.7644666666667,752.7346833333332,731.7583333333332,727.8037833333333,724.16405,704.5333333333334,738.4006166666666,747.43075,724.9533333333334,763.2504166666665,773.2589500000001,754.875,763.059,765.6591500000001,764.4316666666668,722.99465,1650.2052166666667,971.52,972.1859137647631,957.8605274627745,1017.2047661350985,986.5748467673761,973.4503661744739,980.3899333333334,898.3387808167204,887.0110759614628,906.8382277984624,788.8940019902441,852.451984991739,1061.7543666666668,146.99200319417798,45.47270338175633,1.881797402221764,0.0,0.0,0.0,0.0,0.0,604.5650931508943,600.3350960973396,598.9111703961983,0.0,0.0,0.0,0.0,0.0,0.0,345.9834833333333,1149.9528390200785,1135.3978316960477,1116.9731698768048,1089.7541424020528,1034.4067355270413,985.5269666666667,981.9565765068049,1007.271496120698,1034.9863144665765,1020.1149547233189,1048.28650947713,1118.1859333333332,320.52815758219845,339.92179477244656,320.4000783373216,283.1169373621226,317.8212910669174,0.0,0.0,0.0,0.0,0.0,0.0,0.0,1380.4660143188503,1396.4608956377674,648.1241713949289,1564.7787358782143,1579.9500769292815,907.9347100081027,877.3113055539018,949.4234079222352,974.2810968654633,998.5912701520027,1022.1560993180474,1052.9867500000003,1074.1414038007438,1074.0063359111182,1068.4511505431867,1100.6548613153807,969.0705395176824,745.7016666666667,737.7304000000001,777.0544,769.0983333333334,762.4464833333333,772.9962666666665,317.76627493940794,0.0,0.0,0.0,0.0,0.0,0.0,0.0,0.0,0.0,0.0,0.0,775.855,782.6653333333331,780.8597666666667,760.1650000000002,757.1063833333334,682.6507166666668,584.9216666666666,568.2082833333333,1398.1694550721907,574.6116666666667,1428.9209,607.2211166666666,564.7883333333334,1410.70185,596.6498000000001,598.4616666666666,602.7839666666666,596.8660500000001,590.7866666666666,608.9101166666667
2025-12-17,1475.8548666666666,658.4233333333334,646.1984833333332,622.3525666666666,1431.43,1475.3624666666667,675.8568666666667,692.7983333333334,639.6613166666667,1453.7607666666668,1504.9850000000001,706.0624166666665,683.3092999999999,656.175,691.1945000000001,1567.6404099038054,1535.1566666666668,701.3844166666667,736.1882166666666,725.1316666666667,697.3981666666667,1538.29725,1564.2316666666668,747.9205166666667,762.8044,750.9483333333334,753.3060499999999,762.2796500000002,787.64,784.4303,81.45627209670295,733.835,738.8245999999999,1637.9953,954.0983333333334,999.0064666666667,992.523344129441,992.402036855807,966.8113750881754,917.0359146110584,917.0536333333332,921.3885345087785,893.4802665469696,817.1138161502769,771.7351198047724,859.2553288283207,1028.5067833333333,84.12568238234087,0.0,0.0,0.0,0.0,0.0,0.0,0.0,0.0,308.1807070461546,499.0812749554201,0.0,0.0,0.0,0.0,0.0,0.0,286.0124166666668,1119.1405964482856,1127.1033550167924,1105.501217154113,1055.034824744334,1024.1446385396996,997.8037333333334,1020.8982044260233,1028.0823073457336,1058.8563186092758,1032.0901859653516,1067.9970000308017,1123.025783333333,284.21981405059137,283.92276161220866,301.81598195487857,302.7846292330398,295.9677793587729,264.1645833333333,0.0,0.0,0.0,0.0,0.0,8.334901042417187e-05,1411.0156629263752,1455.5870540197266,1387.823910916524,1590.9042681345159,794.7716903713496,826.03585,866.5893189562573,939.0913918248411,991.0319556506231,1035.535436813603,1057.3397563883118,1053.7050833333335,1029.3028666666664,1022.0097157839044,1042.490440062151,1078.8688935994558,931.9291395176824,710.7516666666666,750.1124,761.9598666666668,689.4883333333333,703.9016166666667,748.5343333333333,751.8499999999999,0.0,0.0,0.0,0.0,0.0,0.0,0.0,0.0,0.0,0.0,0.0,114.97863333333555,775.2393166666666,760.0959833333334,741.3733333333334,770.9099833333333,698.1809166666666,580.565,573.9211833333333,603.5214500000001,616.51,583.8922500000001,1431.4946302469134,619.9300000000001,617.1516833333333,610.7716333333334,604.9666666666667,577.7107166666667,593.9954,646.3716666666667,0.0
2025-12-18,1487.1858666666667,1444.5433333333335,611.4659499999999,646.5179166666667,660.295,1477.2939500000002,1459.4144333333334,1502.4650000000001,1515.6662166666667,692.3777833333334,676.7066666666666,680.3756999999999,691.0648666666667,695.0366666666666,660.8336666666667,684.4818833333334,1561.9316666666668,1492.2158166666666,1475.7807333333333,1533.035,725.6868333333334,729.9779833333333,1511.3256421810659,673.2472166666666,705.8495,718.1866666666667,723.5192166666668,714.4547666666667,745.2900000000001,764.8521499999999,756.6993833333333,761.6700000000001,715.2807500000001,805.2605999999998,982.8916666666668,983.0464999999999,926.1450441294411,932.8003701891403,935.6615752959192,962.7119833333334,957.7516666666668,912.2110807995098,839.1206657884202,758.7536094415718,730.6282502156135,819.4395857509285,968.2509833333334,115.81981321696139,45.686887546530556,0.0,0.0,0.0,0.0,0.0,240.06678911051273,632.8640063560662,626.6451999819741,581.7094745232258,0.0,0.0,0.0,0.0,0.0,0.0,258.8740333333335,1062.6849991255071,1046.964606362131,1030.7686775492125,999.8636030437549,950.2150142613583,927.6229333333333,885.1503290997937,845.9901172726762,889.2929617514496,916.179525468393,947.8035499319042,887.5485213747005,212.10005526907116,264.7498827479112,254.922687580716,262.65814473361297,322.13601819166,336.13726666666685,0.0,0.0,0.0,0.0,0.0,0.0,1380.3051222355198,1435.8250557690485,1504.9832004085606,1422.038618861333,794.9002134654991,861.8334166666666,869.0394386147766,920.45043823172,965.4244256329093,961.0515330058798,994.9535771058046,1060.3550833333336,1057.2302166666664,1048.894007412876,1068.7487733954842,1078.8417694931884,948.3716496501854,749.5283333333334,745.2091833333334,752.2179833333333,739.895,747.9225333333333,751.7425833333334,718.6216666666666,0.0,0.0,0.0,0.0,0.0,0.0,0.0,0.0,0.0,0.0,0.0,206.63497088304985,743.4731166666666,756.0733333333334,764.3183333333333,787.7583833333333,710.9194166666665,592.1216666666667,570.7338,1330.1674562273972,628.0566666666666,553.6018833333334,572.57595,617.5866666666666,0.00034345580834428647,564.7028833333333,599.735,619.0853833333333,546.3751500000001,432.91,409.8180833333334
2025-12-19,1274.4067,1303.9450000000002,485.8457,475.67586666666676,1297.725,1310.3226833333333,1333.5042,541.6233333333332,536.5197499999999,1241.24340493445,1365.335,527.1741499999998,1351.3478,1359.2516666666666,1383.9064,1389.0609,535.4233333333332,559.5840000000001,0.007618953376891113,537.7149999999999,537.22955,1365.9609,1371.4083333333333,557.5221333333334,605.3960666666667,603.54,615.9330833333335,594.1918833333334,579.0483333333334,594.2007,598.0509833333333,589.5983333333334,585.2761000000002,586.1968999999999,579.6883333333333,0.0,0.0,0.0,0.0,0.0,0.0,0.0,0.0,0.0,366.4850297326908,480.4230241438043,0.0,0.0,0.0,0.0,0.0,0.0,0.0,0.0,0.0,0.0,0.0,0.0,0.0,0.0,0.0,0.0,0.0,0.0,0.0,663.2314719746463,650.7756727460247,583.6289072922904,680.2506632904873,711.7548378943354,724.6245499999999,301.86799936113727,0.0,0.0,0.0,400.7205315514349,0.0,0.0,0.0,0.0,0.0,0.0,0.0,0.0,0.0,0.0,0.0,0.0,0.0,174.40489874129327,650.2235305333948,245.63771591823752,288.3750199192349,334.8756405504776,364.8134960010521,388.7242130842047,420.46302055450553,492.6786841626876,546.6768956302749,534.3882159642758,496.4049999999999,512.1016666666665,495.8438407462092,442.88917303879896,442.1482879380648,455.87566631685206,366.6002957370296,0.0,0.0,0.0,0.0,0.0,0.0,0.0,0.0,0.0,0.0,0.0,0.0,0.0,0.0,0.0,0.0,0.0,0.0,502.8357833333333,486.4321000000001,468.3766666666666,471.59165,444.4349666666665,423.36499999999995,449.0061166666667,453.2690833333334,427.905,1219.40695,425.19138333333336,466.69333333333327,454.43276666666674,427.6249833333334,408.37833333333344,1234.2699,1266.4809166666669,473.7633333333333,480.3151
2025-12-20,1307.1885833333333,1341.515,510.6539,501.7711666666667,485.5516666666667,500.35481666666675,505.4783666666666,531.5350000000001,523.1057833333332,1357.57755,1362.925,1355.501983333333,528.6346000000001,531.595,1340.2292166666666,1355.5086666666666,566.6516666666666,543.0043333333333,1373.458,1325.7710582455704,527.06145,529.0952166666668,552.7766666666666,0.0001722238803177399,585.7253833333333,577.6816666666666,557.0281,547.9676833333333,567.2783333333332,574.3356333333334,574.4831166666668,582.69,582.5817166666668,1444.3499499999998,646.0166666666667,0.0,0.0,0.0,0.0,0.0,0.0,0.0,0.0,0.0,0.0,1.9648845636766055e-05,0.0,0.0,0.0,0.0,0.0,0.0,0.0,0.0,0.0,0.0,0.0,0.0,0.0,0.0,0.0,0.0,0.0,0.0,0.0,621.8978098893127,610.137313913368,580.1183731977374,592.5195737390214,601.1204690397469,551.3218666666669,570.3484322647695,573.2157823057602,590.6791289805692,294.9095020315028,620.9759789664996,0.0,0.0,0.0,0.0,0.0,0.0,0.0,0.0,0.0,0.0,0.0,0.0,0.0,152.04910298075708,486.7555073251118,212.9189711006223,253.4268148066514,292.2754880661257,336.38206142098596,410.6988056930507,445.92683344910114,472.73851803250693,565.292643375458,564.7412204711554,475.4916666666666,466.9460458082474,473.1373515397349,461.88115054318666,447.5658166666667,447.2842537231116,465.1466666666667,0.0,0.0,0.0,0.0,0.0,0.0,0.0,0.0,0.0,0.0,0.0,0.0,0.0,0.0,0.0,0.0,0.0,0.0,481.3666,471.61249999999995,514.2950000000001,530.9172333333333,481.82636666666673,420.37499999999994,412.28653333333335,1252.0059166666667,1242.8,1222.8267,1252.5413833333332,1277.65,1244.3626666666667,1259.8148166666667,1295.38,452.1017500000001,1325.0598,1447.5516666666667,623.0246
2025-12-21,1416.1765500000001,1440.2366666666667,640.3812166666667,658.00295,640.9933333333333,634.2866333333334,624.3384833333332,641.9466666666667,634.3862166666668,657.263643415638,665.5633333333333,653.9120166666665,659.7269666666666,694.9383333333333,682.5966500000001,688.3911166666667,675.7916666666666,689.2219166666667,717.2623,716.2083333333333,664.2639833333333,668.20545,707.6366666666667,704.2588666666668,721.6370999999999,751.0433333333333,773.7236833333334,734.4103666666666,717.5566666666666,60.68058333333329,737.0615500000001,724.1766666666667,738.3538333333335,1651.1875833333334,915.73,949.3839888481376,929.3708500000001,917.2833333333333,941.7842625173458,983.4999666666666,979.3566666666668,225.9746530259839,845.7764920899884,840.3437308054408,751.725736065898,1639.4258501167938,908.3575000000003,82.52777297825878,27.58149433840208,0.0,0.0,0.0,0.0,0.0,245.9728242260586,572.7417925701645,0.0,422.65806208105073,0.0,0.0,0.0,0.0,0.0,0.0,0.0,1163.7622578002188,1050.3539161250378,1043.3795185664394,1023.3319044790594,990.8669060293356,914.3333000000001,850.4173661499977,999.9032452126231,1037.6060425738576,1009.9704601195455,1044.3711316325002,1132.8674499999997,275.94310371772417,284.66347223467756,304.86548379194676,316.5184753759837,293.4054022504056,338.00964999999985,0.0,0.0,0.0,0.0,0.0,0.0,1485.1993210541764,1494.3813402767023,1538.6583670984337,1630.03779382121,1379.0494493314227,842.62125,851.7732815819109,899.0784633643086,947.3923076220765,1036.1536066312938,1056.4761673748374,1039.3383333333331,1063.8257827589018,1080.8240000000003,1083.9366666666665,1090.2018245258312,942.3014395176824,741.2833333333333,743.1625666666666,758.4698000000001,721.4383333333334,722.4781666666668,730.3937666666666,306.5661785741574,0.0,0.0,0.0,0.0,0.0,0.0,0.0,0.0,0.0,0.0,0.0,766.3633333333333,753.1769833333333,745.9722833333333,762.7333333333333,787.9384833333332,705.1516166666667,592.4783333333334,577.6703666666667,594.6856666666666,586.6266666666668,573.3316333333333,1411.597586369764,592.0299999999999,0.0,616.3586833333334,599.855,530.038605540491,604.2856166666667,635.43,601.1784333333333
2025-12-22,1432.6694,1480.1533333333336,1467.1789333333334,648.4643666666666,678.37,1237.3413421580562,1476.0222,1488.3716666666667,1462.3219833333333,1476.9584833333333,714.9633333333331,698.6287166666667,1496.7070666666668,1496.9133333333334,668.9495,689.4514333333333,674.6833333333333,710.5037499999999,710.2270333333332,692.3033333333333,745.09945,756.0432000000001,709.2183333333334,1548.97565,704.2960499999999,691.75,1557.68975,718.1905,718.625,743.5630166666665,755.9006333333334,739.16,716.37095,802.7140666666668,940.9666666666666,951.4431888481375,945.4163000000001,990.1483333333334,953.9404,925.3146646110583,933.8990166666667,926.327020040744,893.0775687594435,824.7086590267854,754.3754642877482,862.7283346687544,1033.1130666666668,114.08340090727029,15.552016819130245,0.0,0.0,0.0,0.0,0.0,0.0,0.0,528.6377640173349,467.9905948741755,236.90044295030387,0.0,0.0,0.0,0.0,0.0,229.6593833333335,1084.5388553924959,1108.8851406801723,1024.335188490562,962.7867878996714,913.7234709774779,910.5446,892.5880348306533,899.1388479976625,929.8242021026713,942.8082732920632,983.7977085904428,1016.1671166666669,208.41425086636264,211.9618377261928,283.38010232011084,304.0069987343509,303.27402677372754,313.6642666666668,0.0,0.0,0.0,0.0,0.0,0.0,1463.02586161842,1491.246748221055,1551.6207876328103,741.5185288792319,792.5533288884033,1023.3600168558974,874.848815809718,899.4228018413185,937.9420745094591,1844.8529946077347,1040.3403482799083,1034.7207166666665,1049.7483132631146,1064.814688107354,1086.063333333333,1113.1424935994557,951.5396833333333,695.395,699.9779166666666,737.4014666666667,726.5,738.3211166666666,772.3455333333334,253.60121359541586,0.0,0.0,0.0,0.0,0.0,0.0,0.0,0.0,0.0,0.0,0.0,751.54,725.4523666666668,705.9954,727.4549999999999,779.7159,698.6035333333334,555.45,541.3071999999999,1226.9756747394692,589.2716666666666,592.4339166666666,1444.5065,609.6583333333333,6.496102989968083e-05,605.6139833333332,617.5533333333333,635.28435,0.0,586.0833333333334,602.7518666666666
2025-12-23,1471.1012500000002,1490.295,640.94555,1467.1179166666666,1465.9483333333333,612.7402333333333,1468.1190166666665,1509.0066666666667,1498.7517333333335,1492.1849000000002,1516.9566666666665,682.1107000000001,673.8804833333332,685.8116666666666,1491.2508166666667,902.2072555555553,676.6066666666667,719.6669833333332,735.7674166666666,1552.92,692.4585500000001,695.9470666666666,709.6933333333333,723.6767833333333,736.9709499999999,760.295,751.0600666666666,716.7472333333334,705.8349999999999,707.9248,743.8944666666667,742.185,710.0709833333334,1632.4092666666668,954.6449999999999,957.084252434603,949.8546722899409,994.0400000000002,932.3603166666667,912.0446812777252,948.4223499999999,897.975306369319,870.4869613236438,814.5107129413153,729.2551393139544,834.4687136753178,1013.5796166666667,100.57821075666209,16.96346831269159,0.0,0.0,0.0,0.0,0.0,0.0,0.0,177.09394976396146,460.23481152595025,0.0,0.0,0.0,0.0,0.0,0.0,289.5186666666665,1121.928506905152,1124.1100491148682,1145.0303305976556,1097.387463720344,1019.7187550847339,934.9719500000002,920.3983244453456,961.5933590648156,980.1889058356498,982.7802878239296,983.5974584848835,992.6357666666668,190.5590025238355,225.10861438071845,232.31727114331193,269.6536333789455,312.6824461218837,3.10127263406002e-05,0.0,0.0,0.0,0.0,0.0,0.0,1424.390029026634,1474.8158087760294,1103.2722354609114,1551.4066579332548,1580.5839682445112,795.2553333333335,863.674878396477,885.1790556851006,903.1630587158982,957.8586870620613,1003.4938867066946,1028.61095,1067.0492982909743,1077.6039240795424,1083.48,1094.0083666666667,953.3131999999999,742.3716666666667,755.99515,771.5077166666666,747.9233333333333,752.83355,759.5685833333333,219.7385292344561,0.0,0.0,0.0,0.0,0.0,0.0,0.0,0.0,0.0,0.0,0.0,770.2,773.4276833333331,753.01455,751.995,793.3524500000001,708.2103499999998,570.0266666666666,587.8070833333334,591.04715,543.3616666666667,573.4128166666667,594.1562166666666,577.0816666666667,616.1937166666667,626.6842166666667,591.9683333333332,614.9067666666667,629.8534,629.9416666666666,634.6043999999999
2025-12-24,1467.2890166666666,1456.17,1466.2078000000001,1314.0116626735105,630.3216666666666,1490.0268833333334,664.0755,661.5116666666667,1495.2776333333334,679.4318666666667,700.5383333333333,1516.83295,1499.6778666666664,669.3483333333332,1469.5375,1481.2343,672.2033333333333,720.4262999999999,700.5316166666667,691.3616666666667,699.3843333333334,734.0955666666667,738.0450000000001,709.3526166666667,1524.5674666666666,1544.2416666666666,720.0798666666666,706.6333333333332,711.5966666666666,757.1237833333333,778.3398666666667,744.8650000000001,780.5439500000001,860.5195666666667,943.4549999999999,970.0399857679363,936.52305,931.9316666666667,968.1608833333332,988.0675726752547,953.6265333333333,913.379625996295,880.0002864033432,798.4202353961505,710.7751208653639,798.3604860100415,956.8136666666667,114.34815289709843,56.596563179557506,0.0,0.0,0.0,0.0,109.35425771538189,678.6939525899993,0.0,0.0,526.6119339272432,0.0,0.0,0.0,0.0,0.0,0.0,240.75945000000013,1050.1814974167364,1021.6002593873093,1024.076326546318,990.7289342149692,920.852416236131,884.4303000000003,912.3633415161478,957.9133906536781,967.898436450404,956.3544811906914,984.3841506741504,1073.0568,303.1124141279797,336.05458180126584,315.5326857837108,319.30698925861975,356.52835486081983,403.8299166666668,0.0,0.0,0.0,0.0,0.0,1.8895064272328455e-05,1408.1411490266123,1468.170952417911,1514.4434465113757,1519.6769813079816,755.5509167307807,822.9607728523412,846.1688413555395,882.172670962673,946.8011236234731,1018.1825268057845,1064.7262396520061,1049.03,1019.6567833333332,1001.9301848730682,1035.1078172098532,1086.7721999999999,953.8258,722.7916666666667,719.2283000000001,759.4221166666666,773.2599999999999,761.8646,738.3693333333333,715.0866666666666,0.0,0.0,0.0,0.0,0.0,0.0,0.0,0.0,0.0,0.0,0.0,106.77265000000136,752.6777833333332,776.5980333333334,800.065,784.7039666666667,684.6972999999999,581.51,563.79195,1408.0353,597.78,586.2983666666667,584.8675333333333,569.4166666666666,590.8088666666666,605.0242666666666,601.165,641.5314666666667,0.0,546.4014130570112,586.8950166666666
2025-12-25,1457.5833666666667,1474.0966666666668,1482.3064,1479.2526166666667,1476.5616666666667,1438.3869333333332,1441.9132,1487.3466666666668,675.1420333333334,1546.0244666666667,1587.3916666666664,692.6596333333333,639.7152666666666,653.2016666666667,1488.1595333333335,683.3385666666667,719.5283333333333,750.5291333333332,709.76795,688.49,1510.5987,713.4921666666667,738.2066666666667,709.8086,715.3044,764.5933333333331,728.8025333333331,685.9087166666666,695.0,724.2295666666666,737.8513333333334,711.4933333333335,768.8970333333334,946.7147577485432,929.2499999999999,918.672502683199,901.1171666666667,896.4916666666667,917.1673333333333,932.9198166666665,928.0890666666667,890.9905250203104,886.0928897571665,846.4093358473939,733.9294516470845,801.9210867365016,972.9402833333331,93.30254562068967,13.59807187789579,0.0,0.0,0.0,0.0,0.0,0.0,0.0,0.0,252.29774651777115,0.0,0.0,0.0,0.0,0.0,0.0,253.30115,1059.5385388824793,992.8072095010841,1002.0286136597437,1041.269861786795,1005.6309846566861,949.2420333333338,939.2568194783137,1036.0160841667628,1013.9705278314801,1027.9194701853771,1045.6787342883447,1044.4942166666667,242.84474505168214,294.29814816599776,316.89873488205797,308.4933989073187,315.8913437334503,350.588616666667,0.0,0.0,0.0,0.0,0.0,0.0,1376.4237454297577,1413.1509954926473,1477.84358718137,1539.6404830342867,944.145888774839,772.2847833333334,822.3144823271205,887.38234150022,943.5424622851929,1008.0570266581434,1048.617827538345,1068.4850000000001,1063.8345327589018,1059.9506666666668,1070.41448387652,1071.2426833333334,931.5361666666666,740.9633333333333,740.8797833333333,745.4575833333333,719.6183333333332,738.4813666666666,749.3015666666668,200.67363418553725,0.0,0.0,0.0,0.0,0.0,0.0,0.0,0.0,0.0,0.0,0.0,774.665,766.9225500000001,742.3926333333333,749.0183333333334,770.4850833333334,692.3668833333332,576.7766666666665,600.0457166666667,605.7593833333333,577.6283333333333,572.7231333333333,610.2763833333333,619.3783333333332,607.9566666666666,599.5264333333332,590.5933333333332,605.3086833333334,529.4589666666668,436.46999999999997,444.46143333333333
2025-12-26,1300.0843,1275.8716666666667,468.6234333333333,1329.4921,1330.2566666666667,454.63390000000004,1296.2913166666667,1332.9883333333335,1321.6334166666666,1347.1064666666666,572.0266666666665,0.0,501.45556666666664,1364.7966666666666,1369.0665166666668,521.88495,1114.3547304293784,1384.3226,548.4257666666667,545.5116666666665,1352.0983333333334,537.53225,553.1033333333332,562.2683333333333,547.2940666666667,543.2349999999999,556.6532166666666,560.8533833333332,585.4683333333335,0.0002867104365122941,576.44105,1241.444399122918,547.8920166666667,590.2111500000001,602.2133333333333,0.0,0.0,0.0,0.0,0.0,0.0,0.0,0.0,0.0,0.0,0.0,0.0,0.0,0.0,0.0,0.0,0.0,0.0,0.0,0.0,0.0,0.0,0.0,0.0,0.0,0.0,0.0,0.0,0.0,0.0,587.1947658328821,601.7335443972814,0.0,499.3099169239754,533.3097212512766,563.707316666667,482.4083371307536,539.5501461304804,598.5455172895299,649.578348769691,676.5116869435983,0.0,0.0,0.0,0.0,0.0,0.0,0.0,0.0,0.0,0.0,0.0,0.0,0.0,183.20620940301188,515.4247131591785,267.274303828247,320.2337979552203,329.88921898827704,356.5724511302237,401.02201145493547,464.31375614774885,508.1483579888714,575.5316274103492,556.1586739242437,483.85499999999996,487.2537160922351,508.1616333333333,487.04044006215105,467.58645,475.09210372311156,442.90757480683686,0.0,0.0,0.0,0.0,0.0,0.0,0.0,0.0,0.0,0.0,0.0,0.0,0.0,0.0,0.0,0.0,0.0,0.0,491.98083333333335,498.7536999999999,507.3716666666666,496.74199999999996,445.7370833333333,390.87500000000006,391.5111833333334,1251.0630333333334,439.4933333333333,430.70651666666663,439.0178333333333,460.4316666666666,275.13594999999896,447.9115333333333,420.7383333333333,487.4946833333333,483.90733333333344,456.5366666666667,0.0
2025-12-27,485.83985,717.2656614998567,1300.4538166666666,1324.0405333333333,1327.0916666666667,491.9316166666667,1318.1776833333333,1326.6016666666667,1375.96585,542.3248833333334,533.1116666666667,1358.7315000000003,1363.8866166666667,1355.94,496.31423333333333,492.2175833333333,509.78333333333336,533.7707,519.5720000000001,525.915,497.1313333333333,536.7807833333334,579.8616666666667,1401.6631666666667,564.5635333333333,588.9066666666668,573.8864000000001,549.1682166666666,560.5666666666666,574.8499999999999,588.2995333333333,0.0006832116129543238,592.3860166666667,1407.2801833333333,526.7816666666665,0.0,0.0,0.0,0.0,0.0,0.0,0.0,0.0,0.0,0.0,0.0,0.0,0.0,0.0,0.0,0.0,0.0,0.0,0.0,0.0,0.0,0.0,0.0,0.0,0.0,0.0,0.0,0.0,0.0,0.0,645.2441485951731,660.590667378802,190.5430536102328,596.9941058268558,571.7458535506399,548.7372333333332,552.0128097446724,581.8334755575497,630.4164366158441,647.1972910903024,648.5737370207804,309.73415202213386,0.0,0.0,0.0,0.0,0.0,0.0,0.0,0.0,0.0,0.0,0.0,0.0,161.64257143850972,157.0955729930099,133.9778049558604,500.96832886373153,307.61373998707813,393.0617411299719,429.1233103932438,479.0459531769046,517.97293509275,556.0943051619242,518.0380826406795,453.0223833333333,468.5368816243077,503.14417407954255,492.09417303879894,479.6283712713982,467.9763895176823,457.62499999999994,0.0,0.0,0.0,0.0,0.0,0.0,0.0,0.0,0.0,0.0,0.0,0.0,0.0,0.0,0.0,0.0,0.0,0.0,496.5638166666667,482.7729,479.3099999999999,493.6327666666667,488.8213666666666,446.9816666666667,1267.3016833333334,1248.7797833333332,1253.6716666666669,1271.6895816309861,1299.2168333333334,1319.0433333333333,1277.0980333333332,1257.1160666666667,1262.72,1274.4306166666668,1322.6974333333335,1422.8783333333336,628.8778166666666
2025-12-28,627.7761166666667,607.6466666666666,591.7825166666667,576.0381333333332,579.4966666666667,646.8790166666668,670.6558500000001,648.27,674.6070999999998,652.9832666666667,637.4933333333333,668.6738833333335,680.5238333333333,644.8983333333334,668.9521166666666,656.8976666666666,645.9716666666666,740.4662333333332,722.4184666666667,667.8916666666667,745.2384166666667,773.7165833333332,718.3283333333334,711.8558333333333,714.4539166666666,701.8100000000001,718.7898333333333,708.9289833333332,712.1616666666666,730.9584666666667,735.6672166666667,47.14676061885359,725.0293333333334,1641.5588673429793,949.4699999999999,953.8024857679362,943.0849666666668,963.0133333333333,915.4399847257159,922.5998166666666,933.0016666666667,889.6029477907387,849.1031405681028,814.9983119479549,734.1715068823676,838.3982529435488,1020.2083666666667,100.41832533054423,35.42733843064832,26.30876559969886,0.0,0.0,0.0,0.0,0.0,0.0,283.59899495770594,480.8304517387244,0.0,0.0,0.0,0.0,0.0,0.0,326.83783333333315,1124.9434626077175,1115.2154716852292,1072.9932108715584,1034.2782944518171,951.2332056124079,945.0404333333333,988.87766441299,1012.7300758220474,981.4837328955175,975.2387333083768,1021.47581981238,1083.8530166666667,264.87460601081193,257.97770876000834,221.5178424633998,229.35135560313972,281.32987766569636,0.0,0.0,0.0,0.0,0.0,0.0,0.0,1321.454187537542,1408.4462818322,662.4030986161056,691.3556375113153,1555.5899108614126,802.7177333333334,807.6207553987853,856.6997568141776,1301.792833863712,982.9768308743332,1024.109807788557,1057.1633333333334,1037.8892,1050.4147348730683,1079.5225063721325,1061.4871,919.4960500000001,752.3266666666666,748.2967500000001,761.108,753.0883333333333,763.2113500000002,784.0514499999999,769.4366666666666,0.0,0.0,0.0,0.0,0.0,0.0,0.0,0.0,0.0,0.0,0.0,211.99289493939318,724.0979500000001,736.8042333333333,751.3699999999999,753.3130166666667,694.6479833333333,591.2833333333333,568.2511166666667,561.8119333333334,567.1600000000001,550.8927333333334,574.6029,616.0433333333333,613.5550166666667,588.4667166666666,572.4883333333335,630.8818500000001,624.7624833333332,603.1999999999999,657.0928
2025-12-29,1490.8019166666668,1433.4216666666666,1457.2293666666667,1496.287816666667,1487.8366666666666,1514.5374000000002,1343.9383235316143,666.4516666666667,681.5355666666666,687.4192666666667,691.8566666666666,655.3928833333334,1499.8879166666666,709.9749999999999,711.0596499999999,668.4127833333333,1476.6716666666666,1506.6532000000002,1551.2947333333334,754.6666666666667,725.53535,713.4058,715.7966666666665,713.8631166666668,683.8341166666665,669.9766666666667,720.9634666666666,734.6013666666666,728.3633333333332,744.7119833333333,771.1936999999999,753.6416666666668,686.14305,1595.24345,949.7,944.5043196378588,891.5382999999999,886.5099999999999,889.3645000000001,897.5014500000001,914.5865333333334,905.2231864589055,875.8677481692578,815.8706908790336,749.3019177142636,810.9185620798893,915.1239999999999,50.58635215653442,0.0,0.0,0.0,0.0,0.0,0.0,0.0,0.0,108.2202395436654,442.7808169986273,0.0,0.0,0.0,0.0,0.0,0.0,271.20220730433454,1159.3335484679392,1193.181780387572,1172.5456826086152,1201.263659017618,1154.3356628923855,1102.8086166666665,1124.002462944386,1037.6405277619428,1061.7848309607575,1067.8838297807604,1061.368560227726,1092.4319333333335,342.85202457393916,368.4269097379296,330.06445515268956,315.48410164070947,327.5139370434314,356.6879333333334,0.0,0.0,0.0,0.0,0.0,0.0,1426.050808887056,1504.4682259331385,1553.5088069011958,1429.4259664248893,767.1344954914041,825.4101255994378,844.2073025707421,867.9516868778137,912.9008332442758,996.0251492268069,1044.4885246331423,1041.6684166666669,1066.9023999999997,1076.9445327425424,1052.632669372092,1066.313,940.6786333333332,762.5933333333332,750.2704333333334,751.43405,735.2766666666666,742.0022,758.3475,391.73289675799674,0.0,0.0,0.0,0.0,0.0,0.0,0.0,0.0,0.0,0.0,0.0,769.3416666666666,764.8655999999999,753.3578499999999,767.0916666666667,754.6813500000001,688.7950666666667,586.4916666666666,565.81055,548.0812166666666,550.0966666666666,1405.2257533361183,586.7549666666666,587.1899999999999,573.4897166666666,576.5360666666666,584.0333333333333,629.6690166666667,637.0885833333333,617.135,607.96845
2025-12-30,1456.4823451788147,1472.4716666666668,1461.488,1444.0785500000002,1428.2116666666666,1487.3607833333335,1489.4769166666667,1448.831666666667,1483.3496166666669,671.0975166666666,677.03,675.1278,666.7373333333334,661.2366666666667,681.3346333333333,677.8719833333333,674.6899999999999,688.2771666666667,726.4762666666667,735.5283333333333,696.5092999999999,712.1562,23.989011944907322,661.0917333333333,1499.3253000000002,1570.44,767.9599499999999,753.1867499999998,713.3466666666667,689.9444,690.6025,685.0366666666667,663.5941,1574.3240333333333,907.6966666666667,942.4069026831992,926.28415,918.7733333333334,892.6953833333334,889.8063166666666,900.2516666666668,867.869994354491,845.1221732715625,803.3547983850428,696.4591093263238,786.5063251075494,973.2160666666668,72.2209936347765,0.13828519503397274,1.2642630304012528,0.0,0.0,0.0,0.0,0.0,0.0,274.9181273270684,412.21890711313495,0.0,0.0,0.0,0.0,0.0,0.0,0.0,1013.893286487433,1053.0809837409513,1011.1488238610153,970.5310475203572,890.2735122092344,882.940433333333,901.6635908421507,945.1390517238099,966.0066133565948,959.3452668987784,968.1794294196866,1018.6504333333334,214.78582774272547,229.95210981815683,243.68719635589684,246.1878666921383,290.53831761357173,0.0,0.0,0.0,0.0,0.0,0.0,0.0,1348.9655799581483,1430.0718627581336,1013.2619040722741,1514.1941014293923,745.0516851352187,813.2193666278602,867.1282420598677,927.2710303434067,961.1348475181583,1003.184124977261,1041.1449638527904,1055.3183333333334,1046.6534833333333,1047.673449409209,1059.4799120688238,1107.1463333333334,971.5078999999998,752.2466666666666,727.4138999999999,756.6139499999999,769.4499999999999,745.6654000000001,739.2446166666666,721.9549999999999,0.0,0.0,0.0,0.0,0.0,0.0,0.0,0.0,0.0,0.0,0.0,201.9900237449566,736.5226833333332,722.2471166666667,747.1483333333334,785.1152166666667,716.2408999999999,564.6966666666666,1288.3635374485598,558.6692666666667,0.0,607.1822999999999,605.1039,597.79,578.3210166666667,588.3361,606.98,621.1457166666668,609.9658833333334,620.2499999999999,663.6288333333333
2025-12-31,1510.4903333333332,640.7300000000001,601.1554166666667,1438.8492166666665,1457.5166666666667,1470.0996166666666,1464.6573166666667,1467.5549999999998,616.0201666666667,1455.3323,1493.5533333333333,1501.4997166666667,664.6652333333334,670.055,682.3733666666666,675.2211333333333,669.3816666666667,1499.2965333333334,697.34585,719.525,669.0534666666666,700.5396166666667,743.7666666666667,1502.7482198621915,727.2693166666667,721.265,706.9392333333333,692.9663333333333,680.2883333333333,692.7218333333333,740.6261666666666,751.5566666666668,734.8407333333333,1606.9783499999999,887.57,925.7629081168968,920.7039178259216,902.1079654979095,925.3521708370287,943.3040368807805,925.6585833333335,884.2627795329868,864.6266967896926,814.7730611167591,712.8733877978912,801.7595100048874,985.5896333333334,82.2508900491274,0.0,0.0,0.0,0.0,0.0,0.0,0.0,263.81035366840854,523.0580041568932,506.69566451268656,0.0,0.0,0.0,0.0,0.0,0.0,334.6855666666668,1208.516389678684,1184.2059884555927,1082.971516380661,1113.9516671721358,1066.8765752869886,999.8535333333331,1007.9540270090654,1010.595555335782,1014.4648465351306,991.8400093079073,998.1938965284879,1077.0850333333335,288.5715351898748,271.24246382530214,266.1523874823225,319.03512257956163,337.5471177869648,201.1039623634332,0.0,0.0,0.0,0.0,0.0,0.0,1418.1570290554655,1451.8165614688974,1513.5597726225692,1551.1071891168401,1014.0703836627629,779.9163166666667,859.8998439686383,901.7110783354024,910.4075793668569,973.259918149218,1054.6868181223067,1091.7695833333335,1055.500539670165,1032.1124072222556,1023.2536331771114,1050.9394647222387,934.2521694349223,758.6316666666667,732.4239666666666,732.3237166666668,736.8899999999999,746.2972666666668,771.8189,220.9961359900583,0.0,0.0,0.0,0.0,0.0,0.0,0.0,0.0,0.0,0.0,0.0,743.1483333333333,752.51455,744.04365,751.0649999999999,764.28175,689.91435,553.8049999999998,532.9983833333333,1394.9493666666667,611.57,612.436,616.1519333333333,614.1933333333333,574.1063166666665,563.0342333333333,588.1183333333333,619.5148333333334,620.99075,619.2116666666666,622.28185
